100 2500.0000034
100.782778865 2500.00000178
101.56555773 2500.00000341
102.348336595 2500.00000403
103.13111546 2500.00000716
103.913894325 2500.00000428
104.69667319 2500.00000364
105.479452055 2500.00000194
106.26223092 2500.00000362
107.045009785 2500.00000079
107.82778865 2500.00000132
108.610567515 2500.00000106
109.39334638 2500.00000363
110.176125245 2500.0000006
110.95890411 2500.00000019
111.741682975 2499.99999898
112.52446184 2500.00000133
113.307240705 2499.99999925
114.090019569 2500.00000048
114.872798434 2500.00000079
115.655577299 2500.0000037
116.438356164 2500.00000071
117.221135029 2500.00000006
118.003913894 2499.99999844
118.786692759 2500.00000028
119.569471624 2499.99999768
120.352250489 2499.99999849
121.135029354 2499.99999856
121.917808219 2500.0000015
122.700587084 2499.99999885
123.483365949 2499.99999881
124.266144814 2499.99999798
125.048923679 2500.00000069
125.831702544 2499.99999892
126.614481409 2500.00000042
127.397260274 2500.00000095
128.180039139 2500.000004
128.962818004 2500.00000106
129.745596869 2500.0000004
130.528375734 2499.9999987
131.311154599 2500.00000041
132.093933464 2499.99999763
132.876712329 2499.99999822
133.659491194 2499.99999805
134.442270059 2500.00000073
135.225048924 2499.99999782
136.007827789 2499.99999754
136.790606654 2499.99999648
137.573385519 2499.999999
138.356164384 2499.9999971
139.138943249 2499.99999851
139.921722114 2499.99999902
140.704500978 2500.00000212
141.487279843 2499.99999933
142.270058708 2499.99999889
143.052837573 2499.99999747
143.835616438 2499.99999952
144.618395303 2499.99999712
145.401174168 2499.99999812
146.183953033 2499.99999838
146.966731898 2500.0000015
147.749510763 2499.99999903
148.532289628 2499.99999916
149.315068493 2499.99999848
150.097847358 2500.00000132
150.880626223 2499.99999968
151.663405088 2500.00000129
152.446183953 2500.0000019
153.228962818 2500.00000502
154.011741683 2500.00000213
154.794520548 2500.0000015
155.577299413 2499.99999981
156.360078278 2500.00000151
157.142857143 2499.9999987
157.925636008 2499.99999925
158.708414873 2499.99999902
159.491193738 2500.00000163
160.273972603 2499.99999864
161.056751468 2499.99999827
161.839530333 2499.99999711
162.622309198 2499.99999952
163.405088063 2499.9999975
164.187866928 2499.99999879
164.970645793 2499.99999917
165.753424658 2500.00000215
166.536203523 2499.99999923
167.318982387 2499.99999866
168.101761252 2499.99999711
168.884540117 2499.99999904
169.667318982 2499.99999652
170.450097847 2499.99999742
171.232876712 2499.99999758
172.015655577 2500.00000061
172.798434442 2499.99999805
173.581213307 2499.99999812
174.363992172 2499.99999738
175.146771037 2500.00000019
175.929549902 2499.99999852
176.712328767 2500.00000012
177.495107632 2500.00000075
178.277886497 2500.0000039
179.060665362 2500.00000107
179.843444227 2500.00000051
180.626223092 2499.99999891
181.409001957 2500.00000072
182.191780822 2499.99999804
182.974559687 2499.99999873
183.757338552 2499.99999866
184.540117417 2500.00000143
185.322896282 2499.99999862
186.105675147 2499.99999844
186.888454012 2499.99999747
187.671232877 2500.00000008
188.454011742 2499.99999826
189.236790607 2499.99999976
190.019569472 2500.00000035
190.802348337 2500.00000354
191.585127202 2500.00000082
192.367906067 2500.00000045
193.150684932 2499.9999991
193.933463796 2500.00000122
194.716242661 2499.99999888
195.499021526 2499.99999994
196.281800391 2500.00000026
197.064579256 2500.00000343
197.847358121 2500.000001
198.630136986 2500.00000117
199.412915851 2500.00000052
200.195694716 2500.0000034
200.978473581 2500.00000178
201.761252446 2500.00000341
202.544031311 2500.00000403
203.326810176 2500.00000716
204.109589041 2500.00000428
204.892367906 2500.00000364
205.675146771 2500.00000194
206.457925636 2500.00000362
207.240704501 2500.00000079
208.023483366 2500.00000132
208.806262231 2500.00000106
209.589041096 2500.00000363
210.371819961 2500.0000006
211.154598826 2500.00000019
211.937377691 2499.99999898
212.720156556 2500.00000133
213.502935421 2499.99999925
214.285714286 2500.00000048
215.068493151 2500.00000079
215.851272016 2500.0000037
216.634050881 2500.00000071
217.416829746 2500.00000006
218.199608611 2499.99999844
218.982387476 2500.00000028
219.765166341 2499.99999768
220.547945205 2499.99999849
221.33072407 2499.99999856
222.113502935 2500.0000015
222.8962818 2499.99999885
223.679060665 2499.99999881
224.46183953 2499.99999798
225.244618395 2500.00000069
226.02739726 2499.99999892
226.810176125 2500.00000042
227.59295499 2500.00000095
228.375733855 2500.000004
229.15851272 2500.00000106
229.941291585 2500.0000004
230.72407045 2499.9999987
231.506849315 2500.00000041
232.28962818 2499.99999763
233.072407045 2499.99999822
233.85518591 2499.99999805
234.637964775 2500.00000073
235.42074364 2499.99999782
236.203522505 2499.99999754
236.98630137 2499.99999648
237.769080235 2499.999999
238.5518591 2499.9999971
239.334637965 2499.99999851
240.11741683 2499.99999902
240.900195695 2500.00000212
241.68297456 2499.99999933
242.465753425 2499.99999889
243.24853229 2499.99999747
244.031311155 2499.99999952
244.81409002 2499.99999712
245.596868885 2499.99999812
246.37964775 2499.99999838
247.162426614 2500.0000015
247.945205479 2499.99999903
248.727984344 2499.99999916
249.510763209 2499.99999848
250.293542074 2500.00000132
251.076320939 2499.99999968
251.859099804 2500.00000129
252.641878669 2500.0000019
253.424657534 2500.00000502
254.207436399 2500.00000213
254.990215264 2500.0000015
255.772994129 2499.99999981
256.555772994 2500.00000151
257.338551859 2499.9999987
258.121330724 2499.99999925
258.904109589 2499.99999902
259.686888454 2500.00000163
260.469667319 2499.99999864
261.252446184 2499.99999827
262.035225049 2499.99999711
262.818003914 2499.99999952
263.600782779 2499.9999975
264.383561644 2499.99999879
265.166340509 2499.99999917
265.949119374 2500.00000215
266.731898239 2499.99999923
267.514677104 2499.99999866
268.297455969 2499.99999711
269.080234834 2499.99999904
269.863013699 2499.99999652
270.645792564 2499.99999742
271.428571429 2499.99999758
272.211350294 2500.00000061
272.994129159 2499.99999805
273.776908023 2499.99999812
274.559686888 2499.99999738
275.342465753 2500.00000019
276.125244618 2499.99999852
276.908023483 2500.00000012
277.690802348 2500.00000075
278.473581213 2500.0000039
279.256360078 2500.00000107
280.039138943 2500.00000051
280.821917808 2499.99999891
281.604696673 2500.00000072
282.387475538 2499.99999804
283.170254403 2499.99999873
283.953033268 2499.99999866
284.735812133 2500.00000143
285.518590998 2499.99999862
286.301369863 2499.99999844
287.084148728 2499.99999747
287.866927593 2500.00000008
288.649706458 2499.99999826
289.432485323 2499.99999976
290.215264188 2500.00000035
290.998043053 2500.00000354
291.780821918 2500.00000082
292.563600783 2500.00000045
293.346379648 2499.9999991
294.129158513 2500.00000122
294.911937378 2499.99999888
295.694716243 2499.99999994
296.477495108 2500.00000026
297.260273973 2500.00000343
298.043052838 2500.000001
298.825831703 2500.00000117
299.608610568 2500.00000052
300.391389432 2500.0000034
301.174168297 2500.00000178
301.956947162 2500.00000341
302.739726027 2500.00000403
303.522504892 2500.00000716
304.305283757 2500.00000428
305.088062622 2500.00000364
305.870841487 2500.00000194
306.653620352 2500.00000362
307.436399217 2500.00000079
308.219178082 2500.00000132
309.001956947 2500.00000106
309.784735812 2500.00000363
310.567514677 2500.0000006
311.350293542 2500.00000019
312.133072407 2499.99999898
312.915851272 2500.00000133
313.698630137 2499.99999925
314.481409002 2500.00000048
315.264187867 2500.00000079
316.046966732 2500.0000037
316.829745597 2500.00000071
317.612524462 2500.00000006
318.395303327 2499.99999844
319.178082192 2500.00000028
319.960861057 2499.99999768
320.743639922 2499.99999849
321.526418787 2499.99999856
322.309197652 2500.0000015
323.091976517 2499.99999885
323.874755382 2499.99999881
324.657534247 2499.99999798
325.440313112 2500.00000069
326.223091977 2499.99999892
327.005870841 2500.00000042
327.788649706 2500.00000095
328.571428571 2500.000004
329.354207436 2500.00000106
330.136986301 2500.0000004
330.919765166 2499.9999987
331.702544031 2500.00000041
332.485322896 2499.99999763
333.268101761 2499.99999822
334.050880626 2499.99999805
334.833659491 2500.00000073
335.616438356 2499.99999782
336.399217221 2499.99999754
337.181996086 2499.99999648
337.964774951 2499.999999
338.747553816 2499.9999971
339.530332681 2499.99999851
340.313111546 2499.99999902
341.095890411 2500.00000212
341.878669276 2499.99999933
342.661448141 2499.99999889
343.444227006 2499.99999747
344.227005871 2499.99999952
345.009784736 2499.99999712
345.792563601 2499.99999812
346.575342466 2499.99999838
347.358121331 2500.0000015
348.140900196 2499.99999903
348.923679061 2499.99999916
349.706457926 2499.99999848
350.489236791 2500.00000132
351.272015656 2499.99999968
352.054794521 2500.00000129
352.837573386 2500.0000019
353.62035225 2500.00000502
354.403131115 2500.00000213
355.18590998 2500.0000015
355.968688845 2499.99999981
356.75146771 2500.00000151
357.534246575 2499.9999987
358.31702544 2499.99999925
359.099804305 2499.99999902
359.88258317 2500.00000163
360.665362035 2499.99999864
361.4481409 2499.99999827
362.230919765 2499.99999711
363.01369863 2499.99999952
363.796477495 2499.9999975
364.57925636 2499.99999879
365.362035225 2499.99999917
366.14481409 2500.00000215
366.927592955 2499.99999923
367.71037182 2499.99999866
368.493150685 2499.99999711
369.27592955 2499.99999904
370.058708415 2499.99999652
370.84148728 2499.99999742
371.624266145 2499.99999758
372.40704501 2500.00000061
373.189823875 2499.99999805
373.97260274 2499.99999812
374.755381605 2499.99999738
375.53816047 2500.00000019
376.320939335 2499.99999852
377.1037182 2500.00000012
377.886497065 2500.00000075
378.66927593 2500.0000039
379.452054795 2500.00000107
380.234833659 2500.00000051
381.017612524 2499.99999891
381.800391389 2500.00000072
382.583170254 2499.99999804
383.365949119 2499.99999873
384.148727984 2499.99999866
384.931506849 2500.00000143
385.714285714 2499.99999862
386.497064579 2499.99999844
387.279843444 2499.99999747
388.062622309 2500.00000008
388.845401174 2499.99999826
389.628180039 2499.99999976
390.410958904 2500.00000035
391.193737769 2500.00000354
391.976516634 2500.00000082
392.759295499 2500.00000045
393.542074364 2499.9999991
394.324853229 2500.00000122
395.107632094 2499.99999888
395.890410959 2499.99999994
396.673189824 2500.00000026
397.455968689 2500.00000343
398.238747554 2500.000001
399.021526419 2500.00000117
399.804305284 2500.00000052
400.587084149 2500.0000034
401.369863014 2500.00000178
402.152641879 2500.00000341
402.935420744 2500.00000403
403.718199609 2500.00000716
404.500978474 2500.00000428
405.283757339 2500.00000364
406.066536204 2500.00000194
406.849315068 2500.00000362
407.632093933 2500.00000079
408.414872798 2500.00000132
409.197651663 2500.00000106
409.980430528 2500.00000363
410.763209393 2500.0000006
411.545988258 2500.00000019
412.328767123 2499.99999898
413.111545988 2500.00000133
413.894324853 2499.99999925
414.677103718 2500.00000048
415.459882583 2500.00000079
416.242661448 2500.0000037
417.025440313 2500.00000071
417.808219178 2500.00000006
418.590998043 2499.99999844
419.373776908 2500.00000028
420.156555773 2499.99999768
420.939334638 2499.99999849
421.722113503 2499.99999856
422.504892368 2500.0000015
423.287671233 2499.99999885
424.070450098 2499.99999881
424.853228963 2499.99999798
425.636007828 2500.00000069
426.418786693 2499.99999892
427.201565558 2500.00000042
427.984344423 2500.00000095
428.767123288 2500.000004
429.549902153 2500.00000106
430.332681018 2500.0000004
431.115459883 2499.9999987
431.898238748 2500.00000041
432.681017613 2499.99999763
433.463796477 2499.99999822
434.246575342 2499.99999805
435.029354207 2500.00000073
435.812133072 2499.99999782
436.594911937 2499.99999754
437.377690802 2499.99999648
438.160469667 2499.999999
438.943248532 2499.9999971
439.726027397 2499.99999851
440.508806262 2499.99999902
441.291585127 2500.00000212
442.074363992 2499.99999933
442.857142857 2499.99999889
443.639921722 2499.99999747
444.422700587 2499.99999952
445.205479452 2499.99999712
445.988258317 2499.99999812
446.771037182 2499.99999838
447.553816047 2500.0000015
448.336594912 2499.99999903
449.119373777 2499.99999916
449.902152642 2499.99999848
450.684931507 2500.00000132
451.467710372 2499.99999968
452.250489237 2500.00000129
453.033268102 2500.0000019
453.816046967 2500.00000502
454.598825832 2500.00000213
455.381604697 2500.0000015
456.164383562 2499.99999981
456.947162427 2500.00000151
457.729941292 2499.9999987
458.512720157 2499.99999925
459.295499022 2499.99999902
460.078277886 2500.00000163
460.861056751 2499.99999864
461.643835616 2499.99999827
462.426614481 2499.99999711
463.209393346 2499.99999952
463.992172211 2499.9999975
464.774951076 2499.99999879
465.557729941 2499.99999917
466.340508806 2500.00000215
467.123287671 2499.99999923
467.906066536 2499.99999866
468.688845401 2499.99999711
469.471624266 2499.99999904
470.254403131 2499.99999652
471.037181996 2499.99999742
471.819960861 2499.99999758
472.602739726 2500.00000061
473.385518591 2499.99999805
474.168297456 2499.99999812
474.951076321 2499.99999738
475.733855186 2500.00000019
476.516634051 2499.99999852
477.299412916 2500.00000012
478.082191781 2500.00000075
478.864970646 2500.0000039
479.647749511 2500.00000107
480.430528376 2500.00000051
481.213307241 2499.99999891
481.996086106 2500.00000072
482.778864971 2499.99999804
483.561643836 2499.99999873
484.344422701 2499.99999866
485.127201566 2500.00000143
485.909980431 2499.99999862
486.692759295 2499.99999844
487.47553816 2499.99999747
488.258317025 2500.00000008
489.04109589 2499.99999826
489.823874755 2499.99999976
490.60665362 2500.00000035
491.389432485 2500.00000354
492.17221135 2500.00000082
492.954990215 2500.00000045
493.73776908 2499.9999991
494.520547945 2500.00000122
495.30332681 2499.99999888
496.086105675 2499.99999994
496.86888454 2500.00000026
497.651663405 2500.00000343
498.43444227 2500.000001
499.217221135 2500.00000117
500 2500.00000052
