100 2499.66436931
100.782778865 2499.66436931
101.56555773 2499.66436931
102.348336595 2499.66436931
103.13111546 2499.66436931
103.913894325 2499.66436931
104.69667319 2499.66436931
105.479452055 2499.66436931
106.26223092 2499.66436931
107.045009785 2499.66436931
107.82778865 2499.66436931
108.610567515 2499.66436931
109.39334638 2499.66436931
110.176125245 2499.66436931
110.95890411 2499.66436931
111.741682975 2499.66436931
112.52446184 2499.66436931
113.307240705 2499.66436931
114.090019569 2499.66436931
114.872798434 2499.66436931
115.655577299 2499.66436931
116.438356164 2499.66436931
117.221135029 2499.66436931
118.003913894 2499.66436931
118.786692759 2499.66436931
119.569471624 2499.66436931
120.352250489 2499.66436931
121.135029354 2499.66436931
121.917808219 2499.66436931
122.700587084 2499.66436931
123.483365949 2499.66436931
124.266144814 2499.66436931
125.048923679 2499.66436931
125.831702544 2499.66436931
126.614481409 2499.66436931
127.397260274 2499.66436931
128.180039139 2499.66436931
128.962818004 2499.66436931
129.745596869 2499.66436931
130.528375734 2499.66436931
131.311154599 2499.66436931
132.093933464 2499.66436931
132.876712329 2499.66436931
133.659491194 2499.66436931
134.442270059 2499.66436931
135.225048924 2499.66436931
136.007827789 2499.66436931
136.790606654 2499.66436931
137.573385519 2499.66436931
138.356164384 2499.66436931
139.138943249 2499.66436931
139.921722114 2499.66436931
140.704500978 2499.66436931
141.487279843 2499.66436931
142.270058708 2499.66436931
143.052837573 2499.66436931
143.835616438 2499.66436931
144.618395303 2499.66436931
145.401174168 2499.66436931
146.183953033 2499.66436931
146.966731898 2499.66436931
147.749510763 2499.66436931
148.532289628 2499.66436931
149.315068493 2499.66436931
150.097847358 2499.66436931
150.880626223 2499.66436931
151.663405088 2499.66436931
152.446183953 2499.66436931
153.228962818 2499.66436931
154.011741683 2499.66436931
154.794520548 2499.66436931
155.577299413 2499.66436931
156.360078278 2499.66436931
157.142857143 2499.66436931
157.925636008 2499.66436931
158.708414873 2499.66436931
159.491193738 2499.66436931
160.273972603 2499.66436931
161.056751468 2499.66436931
161.839530333 2499.66436931
162.622309198 2499.66436931
163.405088063 2499.66436931
164.187866928 2499.66436931
164.970645793 2499.66436931
165.753424658 2499.66436931
166.536203523 2499.66436931
167.318982387 2499.66436931
168.101761252 2499.66436931
168.884540117 2499.66436931
169.667318982 2499.66436931
170.450097847 2499.66436931
171.232876712 2499.66436931
172.015655577 2499.66436931
172.798434442 2499.66436931
173.581213307 2499.66436931
174.363992172 2499.66436931
175.146771037 2499.66436931
175.929549902 2499.66436931
176.712328767 2499.66436931
177.495107632 2499.66436931
178.277886497 2499.66436931
179.060665362 2499.66436931
179.843444227 2499.66436931
180.626223092 2499.66436931
181.409001957 2499.66436931
182.191780822 2499.66436931
182.974559687 2499.66436931
183.757338552 2499.66436931
184.540117417 2499.66436931
185.322896282 2499.66436931
186.105675147 2499.66436931
186.888454012 2499.66436931
187.671232877 2499.66436931
188.454011742 2499.66436931
189.236790607 2499.66436931
190.019569472 2499.66436931
190.802348337 2499.66436931
191.585127202 2499.66436931
192.367906067 2499.66436931
193.150684932 2499.66436931
193.933463796 2499.66436931
194.716242661 2499.66436931
195.499021526 2499.66436931
196.281800391 2499.66436931
197.064579256 2499.66436931
197.847358121 2499.66436931
198.630136986 2499.66436931
199.412915851 2499.66436931
200.195694716 2499.66436931
200.978473581 2499.66436931
201.761252446 2499.66436931
202.544031311 2499.66436931
203.326810176 2499.66436931
204.109589041 2499.66436931
204.892367906 2499.66436931
205.675146771 2499.66436931
206.457925636 2499.66436931
207.240704501 2499.66436931
208.023483366 2499.66436931
208.806262231 2499.66436931
209.589041096 2499.66436931
210.371819961 2499.66436931
211.154598826 2499.66436931
211.937377691 2499.66436931
212.720156556 2499.66436931
213.502935421 2499.66436931
214.285714286 2499.66436931
215.068493151 2499.66436931
215.851272016 2499.66436931
216.634050881 2499.66436931
217.416829746 2499.66436931
218.199608611 2499.66436931
218.982387476 2499.66436931
219.765166341 2499.66436931
220.547945205 2499.66436931
221.33072407 2499.66436931
222.113502935 2499.66436931
222.8962818 2499.66436931
223.679060665 2499.66436931
224.46183953 2499.66436931
225.244618395 2499.66436931
226.02739726 2499.66436931
226.810176125 2499.66436931
227.59295499 2499.66436931
228.375733855 2499.66436931
229.15851272 2499.66436931
229.941291585 2499.66436931
230.72407045 2499.66436931
231.506849315 2499.66436931
232.28962818 2499.66436931
233.072407045 2499.66436931
233.85518591 2499.66436931
234.637964775 2499.66436931
235.42074364 2499.66436931
236.203522505 2499.66436931
236.98630137 2499.66436931
237.769080235 2499.66436931
238.5518591 2499.66436931
239.334637965 2499.66436931
240.11741683 2499.66436931
240.900195695 2499.66436931
241.68297456 2499.66436931
242.465753425 2499.66436931
243.24853229 2499.66436931
244.031311155 2499.66436931
244.81409002 2499.66436931
245.596868885 2499.66436931
246.37964775 2499.66436931
247.162426614 2499.66436931
247.945205479 2499.66436931
248.727984344 2499.66436931
249.510763209 2499.66436931
250.293542074 2499.66436931
251.076320939 2499.66436931
251.859099804 2499.66436931
252.641878669 2499.66436931
253.424657534 2499.66436931
254.207436399 2499.66436931
254.990215264 2499.66436931
255.772994129 2499.66436931
256.555772994 2499.66436931
257.338551859 2499.66436931
258.121330724 2499.66436931
258.904109589 2499.66436931
259.686888454 2499.66436931
260.469667319 2499.66436931
261.252446184 2499.66436931
262.035225049 2499.66436931
262.818003914 2499.66436931
263.600782779 2499.66436931
264.383561644 2499.66436931
265.166340509 2499.66436931
265.949119374 2499.66436931
266.731898239 2499.66436931
267.514677104 2499.66436931
268.297455969 2499.66436931
269.080234834 2499.66436931
269.863013699 2499.66436931
270.645792564 2499.66436931
271.428571429 2499.66436931
272.211350294 2499.66436931
272.994129159 2499.66436931
273.776908023 2499.66436931
274.559686888 2499.66436931
275.342465753 2499.66436931
276.125244618 2499.66436931
276.908023483 2499.66436931
277.690802348 2499.66436931
278.473581213 2499.66436931
279.256360078 2499.66436931
280.039138943 2499.66436931
280.821917808 2499.66436931
281.604696673 2499.66436931
282.387475538 2499.66436931
283.170254403 2499.66436931
283.953033268 2499.66436931
284.735812133 2499.66436931
285.518590998 2499.66436931
286.301369863 2499.66436931
287.084148728 2499.66436931
287.866927593 2499.66436931
288.649706458 2499.66436931
289.432485323 2499.66436931
290.215264188 2499.66436931
290.998043053 2499.66436931
291.780821918 2499.66436931
292.563600783 2499.66436931
293.346379648 2499.66436931
294.129158513 2499.66436931
294.911937378 2499.66436931
295.694716243 2499.66436931
296.477495108 2499.66436931
297.260273973 2499.66436931
298.043052838 2499.66436931
298.825831703 2499.66436931
299.608610568 2499.66436931
300.391389432 2499.66436931
301.174168297 2499.66436931
301.956947162 2499.66436931
302.739726027 2499.66436931
303.522504892 2499.66436931
304.305283757 2499.66436931
305.088062622 2499.66436931
305.870841487 2499.66436931
306.653620352 2499.66436931
307.436399217 2499.66436931
308.219178082 2499.66436931
309.001956947 2499.66436931
309.784735812 2499.66436931
310.567514677 2499.66436931
311.350293542 2499.66436931
312.133072407 2499.66436931
312.915851272 2499.66436931
313.698630137 2499.66436931
314.481409002 2499.66436931
315.264187867 2499.66436931
316.046966732 2499.66436931
316.829745597 2499.66436931
317.612524462 2499.66436931
318.395303327 2499.66436931
319.178082192 2499.66436931
319.960861057 2499.66436931
320.743639922 2499.66436931
321.526418787 2499.66436931
322.309197652 2499.66436931
323.091976517 2499.66436931
323.874755382 2499.66436931
324.657534247 2499.66436931
325.440313112 2499.66436931
326.223091977 2499.66436931
327.005870841 2499.66436931
327.788649706 2499.66436931
328.571428571 2499.66436931
329.354207436 2499.66436931
330.136986301 2499.66436931
330.919765166 2499.66436931
331.702544031 2499.66436931
332.485322896 2499.66436931
333.268101761 2499.66436931
334.050880626 2499.66436931
334.833659491 2499.66436931
335.616438356 2499.66436931
336.399217221 2499.66436931
337.181996086 2499.66436931
337.964774951 2499.66436931
338.747553816 2499.66436931
339.530332681 2499.66436931
340.313111546 2499.66436931
341.095890411 2499.66436931
341.878669276 2499.66436931
342.661448141 2499.66436931
343.444227006 2499.66436931
344.227005871 2499.66436931
345.009784736 2499.66436931
345.792563601 2499.66436931
346.575342466 2499.66436931
347.358121331 2499.66436931
348.140900196 2499.66436931
348.923679061 2499.66436931
349.706457926 2499.66436931
350.489236791 2499.66436931
351.272015656 2499.66436931
352.054794521 2499.66436931
352.837573386 2499.66436931
353.62035225 2499.66436931
354.403131115 2499.66436931
355.18590998 2499.66436931
355.968688845 2499.66436931
356.75146771 2499.66436931
357.534246575 2499.66436931
358.31702544 2499.66436931
359.099804305 2499.66436931
359.88258317 2499.66436931
360.665362035 2499.66436931
361.4481409 2499.66436931
362.230919765 2499.66436931
363.01369863 2499.66436931
363.796477495 2499.66436931
364.57925636 2499.66436931
365.362035225 2499.66436931
366.14481409 2499.66436931
366.927592955 2499.66436931
367.71037182 2499.66436931
368.493150685 2499.66436931
369.27592955 2499.66436931
370.058708415 2499.66436931
370.84148728 2499.66436931
371.624266145 2499.66436931
372.40704501 2499.66436931
373.189823875 2499.66436931
373.97260274 2499.66436931
374.755381605 2499.66436931
375.53816047 2499.66436931
376.320939335 2499.66436931
377.1037182 2499.66436931
377.886497065 2499.66436931
378.66927593 2499.66436931
379.452054795 2499.66436931
380.234833659 2499.66436931
381.017612524 2499.66436931
381.800391389 2499.66436931
382.583170254 2499.66436931
383.365949119 2499.66436931
384.148727984 2499.66436931
384.931506849 2499.66436931
385.714285714 2499.66436931
386.497064579 2499.66436931
387.279843444 2499.66436931
388.062622309 2499.66436931
388.845401174 2499.66436931
389.628180039 2499.66436931
390.410958904 2499.66436931
391.193737769 2499.66436931
391.976516634 2499.66436931
392.759295499 2499.66436931
393.542074364 2499.66436931
394.324853229 2499.66436931
395.107632094 2499.66436931
395.890410959 2499.66436931
396.673189824 2499.66436931
397.455968689 2499.66436931
398.238747554 2499.66436931
399.021526419 2499.66436931
399.804305284 2499.66436931
400.587084149 2499.66436931
401.369863014 2499.66436931
402.152641879 2499.66436931
402.935420744 2499.66436931
403.718199609 2499.66436931
404.500978474 2499.66436931
405.283757339 2499.66436931
406.066536204 2499.66436931
406.849315068 2499.66436931
407.632093933 2499.66436931
408.414872798 2499.66436931
409.197651663 2499.66436931
409.980430528 2499.66436931
410.763209393 2499.66436931
411.545988258 2499.66436931
412.328767123 2499.66436931
413.111545988 2499.66436931
413.894324853 2499.66436931
414.677103718 2499.66436931
415.459882583 2499.66436931
416.242661448 2499.66436931
417.025440313 2499.66436931
417.808219178 2499.66436931
418.590998043 2499.66436931
419.373776908 2499.66436931
420.156555773 2499.66436931
420.939334638 2499.66436931
421.722113503 2499.66436931
422.504892368 2499.66436931
423.287671233 2499.66436931
424.070450098 2499.66436931
424.853228963 2499.66436931
425.636007828 2499.66436931
426.418786693 2499.66436931
427.201565558 2499.66436931
427.984344423 2499.66436931
428.767123288 2499.66436931
429.549902153 2499.66436931
430.332681018 2499.66436931
431.115459883 2499.66436931
431.898238748 2499.66436931
432.681017613 2499.66436931
433.463796477 2499.66436931
434.246575342 2499.66436931
435.029354207 2499.66436931
435.812133072 2499.66436931
436.594911937 2499.66436931
437.377690802 2499.66436931
438.160469667 2499.66436931
438.943248532 2499.66436931
439.726027397 2499.66436931
440.508806262 2499.66436931
441.291585127 2499.66436931
442.074363992 2499.66436931
442.857142857 2499.66436931
443.639921722 2499.66436931
444.422700587 2499.66436931
445.205479452 2499.66436931
445.988258317 2499.66436931
446.771037182 2499.66436931
447.553816047 2499.66436931
448.336594912 2499.66436931
449.119373777 2499.66436931
449.902152642 2499.66436931
450.684931507 2499.66436931
451.467710372 2499.66436931
452.250489237 2499.66436931
453.033268102 2499.66436931
453.816046967 2499.66436931
454.598825832 2499.66436931
455.381604697 2499.66436931
456.164383562 2499.66436931
456.947162427 2499.66436931
457.729941292 2499.66436931
458.512720157 2499.66436931
459.295499022 2499.66436931
460.078277886 2499.66436931
460.861056751 2499.66436931
461.643835616 2499.66436931
462.426614481 2499.66436931
463.209393346 2499.66436931
463.992172211 2499.66436931
464.774951076 2499.66436931
465.557729941 2499.66436931
466.340508806 2499.66436931
467.123287671 2499.66436931
467.906066536 2499.66436931
468.688845401 2499.66436931
469.471624266 2499.66436931
470.254403131 2499.66436931
471.037181996 2499.66436931
471.819960861 2499.66436931
472.602739726 2499.66436931
473.385518591 2499.66436931
474.168297456 2499.66436931
474.951076321 2499.66436931
475.733855186 2499.66436931
476.516634051 2499.66436931
477.299412916 2499.66436931
478.082191781 2499.66436931
478.864970646 2499.66436931
479.647749511 2499.66436931
480.430528376 2499.66436931
481.213307241 2499.66436931
481.996086106 2499.66436931
482.778864971 2499.66436931
483.561643836 2499.66436931
484.344422701 2499.66436931
485.127201566 2499.66436931
485.909980431 2499.66436931
486.692759295 2499.66436931
487.47553816 2499.66436931
488.258317025 2499.66436931
489.04109589 2499.66436931
489.823874755 2499.66436931
490.60665362 2499.66436931
491.389432485 2499.66436931
492.17221135 2499.66436931
492.954990215 2499.66436931
493.73776908 2499.66436931
494.520547945 2499.66436931
495.30332681 2499.66436931
496.086105675 2499.66436931
496.86888454 2499.66436931
497.651663405 2499.66436931
498.43444227 2499.66436931
499.217221135 2499.66436931
500 2499.66436931
