0 2 0
3 1 3
4 3 4
5 3 5
5 1 4
6 3 5
6 1 4
7 2 6
8 2 8
10 1 9
16 3 1
16 1 16
21 3 1
23 3 6
25 3 4
27 3 1
31 2 31
32 2 31
37 2 32
42 3 22
44 3 37
61 3 2
64 3 56
67 3 56
68 3 64
83 3 57
85 3 72
100 2 96
104 3 70
106 3 73
108 2 87
114 2 111
114 1 100
116 3 106
117 1 78
118 2 92
118 1 97
119 1 99
121 3 7
123 3 37
124 3 72
128 3 125
130 3 71
135 1 132
140 1 139
141 1 141
142 3 113
142 1 141
144 1 143
145 1 142
147 3 70
155 3 71
158 3 56
159 1 154
164 1 139
165 1 141
167 1 139
168 3 28
172 3 72
173 3 71
173 0 167
174 3 160
175 3 73
177 3 73
181 3 142
185 3 141
186 3 37
188 3 72
194 3 37
201 0 198
204 0 197
205 1 142
210 3 126
212 2 193
212 1 156
213 1 140
214 1 146
216 3 70
219 0 205
226 1 141
228 3 73
230 3 143
232 1 159
233 1 142
237 1 142
238 1 146
240 1 147
241 1 141
242 1 140
246 2 192
249 1 144
253 3 73
254 3 126
255 3 72
255 2 194
256 3 106
256 1 143
257 1 140
260 1 150
266 2 194
266 1 157
267 1 144
269 1 147
270 1 143
272 3 230
272 1 140
278 3 189
278 2 189
279 2 193
279 0 200
281 2 193
285 0 202
287 1 142
288 1 168
290 3 221
296 2 247
299 1 142
301 2 292
301 1 141
303 1 144
312 2 293
314 3 301
322 3 143
323 3 298
324 2 246
326 3 318
326 1 146
328 2 240
330 3 297
331 3 128
332 1 141
333 3 297
333 2 192
333 1 140
334 3 221
340 2 294
344 3 221
346 2 191
347 2 345
347 1 143
348 3 304
352 3 301
355 3 300
355 1 141
356 2 345
356 0 316
357 1 144
363 0 323
364 1 143
365 2 348
365 1 143
367 3 297
373 0 314
374 2 297
374 1 147
375 0 316
376 2 291
377 1 141
378 1 146
381 3 111
381 1 152
382 3 75
383 1 155
383 0 199
384 1 159
385 3 230
385 0 311
386 1 147
387 0 313
391 2 348
392 3 186
393 2 338
394 2 339
397 3 304
399 2 337
400 3 31
400 2 341
400 0 395
402 3 71
403 2 335
403 1 140
404 2 348
407 3 297
411 1 147
412 3 145
412 0 392
413 0 392
414 0 396
417 0 398
418 0 397
419 0 400
420 0 400
421 0 399
422 0 397
423 3 73
426 3 37
427 3 365
427 0 398
429 1 146
430 3 301
430 1 143
431 3 301
433 1 145
434 0 394
437 0 400
438 0 394
443 1 146
444 1 437
449 3 390
450 2 348
450 0 397
451 2 338
455 3 126
458 0 394
460 0 396
464 2 295
468 2 89
468 1 155
469 3 389
470 3 125
470 2 238
470 1 143
470 0 403
471 3 221
471 0 393
472 2 340
472 0 401
473 3 301
473 2 337
475 2 338
476 0 403
477 2 335
477 0 394
481 2 255
481 1 141
483 2 335
485 2 348
485 1 143
486 1 141
488 0 401
492 3 418
493 3 329
493 1 142
495 2 338
495 0 402
497 3 187
498 0 397
499 2 228
500 2 300
501 3 429
504 2 425
505 0 395
506 3 303
506 2 247
509 2 338
510 0 401
515 1 446
515 0 396
516 0 396
519 0 398
522 0 394
523 3 151
523 0 400
524 0 398
525 0 401
526 3 469
527 3 308
529 1 446
534 0 395
535 0 396
537 2 338
538 2 346
543 0 394
544 2 345
545 2 335
549 2 192
550 2 348
553 3 513
553 2 484
553 0 402
559 0 396
561 3 55
561 0 397
563 3 221
564 1 141
564 0 402
566 0 394
568 2 341
570 0 402
572 3 481
573 0 395
577 0 402
579 3 126
579 0 399
581 3 323
582 3 497
583 3 299
583 2 293
585 0 396
586 3 143
587 0 394
589 2 484
590 3 513
596 3 142
598 3 308
600 3 572
600 0 396
601 3 136
602 2 528
606 0 400
608 0 396
609 2 532
612 0 399
613 3 511
613 2 531
613 0 401
615 3 56
618 0 398
621 3 490
623 3 490
623 2 538
623 0 607
624 0 398
625 1 446
627 3 362
627 2 614
628 0 398
631 2 341
635 1 143
636 3 627
637 0 603
638 0 599
639 3 53
639 0 395
640 2 337
642 2 537
643 2 284
644 3 71
644 2 484
644 0 399
647 3 623
647 2 340
648 1 294
649 3 106
654 0 394
655 3 430
656 3 315
657 0 398
658 2 346
659 1 289
659 0 397
662 0 396
667 2 293
668 3 302
669 3 624
672 2 300
673 0 399
674 2 530
675 3 471
676 0 396
677 3 297
678 1 145
680 3 72
682 3 221
684 0 593
685 1 142
689 2 446
689 1 145
689 0 607
695 1 446
698 2 315
701 0 395
702 3 431
703 0 399
704 2 694
705 3 126
706 3 303
706 0 394
707 2 600
710 2 689
711 2 339
711 0 398
715 3 684
715 1 144
716 1 140
716 0 704
718 3 697
719 1 696
721 2 686
721 1 147
723 2 336
723 1 412
724 0 708
725 0 599
727 1 446
730 2 244
732 3 64
732 0 394
733 2 691
733 1 147
741 1 690
746 2 296
750 2 295
751 0 402
752 2 439
753 1 286
754 0 403
755 2 614
757 3 419
760 3 687
761 0 399
762 2 600
763 3 42
763 1 154
765 1 693
769 2 337
770 2 472
770 0 401
773 1 141
775 3 394
777 3 307
777 2 446
778 3 150
779 3 572
780 3 624
781 0 403
783 1 779
783 0 600
784 1 783
785 3 632
785 0 597
786 0 403
787 3 512
787 0 398
790 1 786
792 1 785
793 3 125
793 1 786
797 3 298
799 2 446
802 1 794
803 1 789
805 3 374
806 3 580
807 3 299
808 3 221
810 1 783
815 2 446
819 0 396
821 1 783
822 2 688
824 3 749
825 3 513
825 1 797
827 3 760
827 2 346
828 2 446
828 1 796
829 1 795
831 0 394
833 1 794
834 0 394
835 3 189
839 1 795
841 0 400
842 0 712
844 1 792
846 2 815
857 2 813
857 0 398
859 3 300
860 3 308
863 2 824
863 1 787
864 2 346
868 3 299
871 0 394
875 1 791
876 1 799
877 3 568
879 2 473
880 3 70
882 3 374
882 0 397
883 2 840
884 1 782
885 3 576
888 2 690
890 0 397
891 3 577
891 0 401
892 2 809
894 2 531
898 3 584
901 3 688
905 2 863
906 3 687
907 1 788
910 0 395
915 3 511
916 2 685
917 2 292
919 0 398
922 2 212
924 1 794
928 2 810
929 2 599
929 1 805
930 3 748
931 2 844
936 0 400
939 3 345
939 2 564
941 3 451
942 2 686
944 2 852
946 1 690
948 1 792
950 2 842
951 3 863
953 1 786
957 0 912
958 2 446
961 1 960
963 1 793
963 0 394
964 0 401
967 3 365
967 2 863
967 1 143
968 0 401
969 2 850
971 1 144
972 3 574
973 1 966
973 0 402
981 1 790
981 0 402
982 2 847
984 2 448
984 1 783
985 1 690
988 3 919
988 2 687
989 3 579
990 3 315
992 3 453
994 3 695
995 2 846
996 3 748
996 0 912
997 2 346
997 1 787
999 2 347
999 0 606
1005 2 840
1005 1 837
1006 0 605
1009 3 300
1010 2 824
1012 2 610
1012 1 791
1021 2 906
1024 3 800
1024 0 913
1025 2 479
1028 0 889
1029 2 815
1031 0 597
1032 2 847
1032 0 398
1034 2 295
1034 1 800
1035 3 905
1036 3 689
1038 2 903
1040 1 840
1040 0 914
1041 2 819
1045 3 1012
1045 2 341
1049 2 298
1050 0 399
1052 3 299
1052 1 794
1054 1 780
1059 3 623
1059 0 400
1062 3 526
1064 2 300
1065 2 850
1069 2 345
1069 0 399
1072 3 1061
1072 1 784
1072 0 912
1074 3 221
1074 1 794
1079 3 993
1079 2 298
1079 0 400
1080 1 791
1081 0 397
1082 3 105
1082 2 919
1084 1 798
1087 3 899
1087 2 903
1089 3 64
1090 1 788
1093 1 445
1096 1 791
1098 1 796
1099 3 568
1101 1 784
1106 3 1031
1110 3 689
1110 1 783
1112 1 830
1113 3 299
1115 2 816
1118 3 125
1118 2 1024
1118 1 964
1119 1 792
1122 1 784
1125 3 836
1125 1 790
1126 3 48
1126 1 829
1127 3 1060
1127 2 348
1128 2 532
1131 1 692
1132 3 418
1134 3 301
1134 2 957
1135 2 810
1136 0 395
1137 2 684
1137 1 798
1140 3 890
1141 1 962
1142 2 844
1143 1 446
1144 1 795
1148 3 879
1149 1 831
1149 0 397
1150 1 966
1151 3 669
1151 2 686
1151 0 603
1152 1 799
1155 2 812
1156 0 396
1158 3 1049
1163 3 916
1163 2 245
1166 3 863
1167 2 1040
1168 2 340
1175 0 607
1176 0 402
1178 3 659
1178 1 795
1182 1 797
1183 2 1039
1185 2 1012
1189 3 124
1189 2 904
1190 3 918
1193 3 286
1193 2 849
1193 1 690
1194 1 833
1194 0 397
1199 1 780
1204 1 783
1208 3 72
1209 3 1109
1209 2 339
1213 1 961
1214 3 389
1214 2 1039
1214 0 912
1215 3 953
1215 0 1210
1216 1 145
1216 0 1155
1217 3 671
1218 0 394
1219 3 761
1220 0 389
1222 3 389
1222 2 191
1222 0 912
1224 2 346
1225 1 831
1226 3 1114
1231 2 299
1232 1 793
1233 1 446
1237 2 291
1241 3 915
1241 0 397
1243 3 721
1244 3 864
1244 1 964
1245 0 398
1248 2 808
1252 1 798
1260 0 401
1263 3 4
1264 2 1128
1267 2 841
1268 0 1211
1269 3 1121
1269 0 400
1271 3 800
1271 1 841
1276 3 1053
1278 2 852
1279 2 1042
1279 1 964
1280 1 797
1283 2 192
1284 3 1014
1288 0 601
1290 2 446
1295 3 398
1299 1 789
1306 0 397
1309 3 1110
1309 2 683
1311 2 1038
1312 1 797
1314 3 575
1316 3 125
1317 3 298
1317 2 906
1318 0 399
1325 1 831
1328 3 1195
1332 3 590
1333 0 401
1338 2 904
1339 1 792
1342 1 792
1345 2 840
1346 1 693
1349 0 403
1350 1 818
1351 1 797
1352 2 348
1353 2 1113
1354 2 1023
1357 2 865
1357 0 399
1358 0 394
1359 2 446
1365 2 1023
1367 0 912
1370 3 302
1370 0 603
1372 1 804
1377 1 797
1378 1 802
1379 0 403
1380 2 528
1382 1 783
1384 3 761
1385 3 71
1386 2 884
1386 1 796
1388 3 684
1388 1 783
1389 2 846
1391 1 794
1392 1 787
1398 3 1065
1399 1 797
1407 1 786
1409 3 576
1411 3 195
1412 3 1004
1412 2 849
1417 3 1310
1418 0 1212
1419 3 993
1419 1 142
1420 0 597
1427 2 842
1427 0 397
1428 0 703
1429 3 994
1438 3 1317
1440 3 662
1442 1 796
1442 0 401
1443 3 298
1443 2 824
1445 2 291
1447 2 690
1449 3 73
1451 3 297
1456 3 73
1460 2 684
1463 1 156
1464 2 848
1467 1 831
1468 1 962
1469 2 446
1471 2 816
1473 2 825
1476 3 308
1479 2 932
1480 1 816
1482 3 901
1484 1 783
1485 0 402
1487 2 819
1493 1 1360
1496 3 108
1498 3 758
1499 3 1072
1501 3 591
1502 3 590
1503 1 782
1507 1 803
1507 0 400
1508 3 1196
1509 1 691
1511 3 881
1514 3 866
1514 1 446
1515 3 431
1517 3 580
1519 2 906
1519 0 711
1520 3 662
1521 1 788
1522 3 1151
1528 3 513
1528 2 586
1532 0 315
1533 2 440
1534 0 604
1535 3 511
1536 1 1405
1537 2 815
1543 0 403
1544 2 1074
1545 0 1211
1546 1 783
1547 2 1038
1548 2 816
1549 3 471
1551 2 688
1554 2 513
1555 2 848
1556 1 796
1558 0 790
1563 0 397
1566 3 471
1567 2 1024
1573 3 727
1574 1 793
1575 2 1540
1575 1 1360
1582 3 268
1583 1 798
1584 2 1489
1585 3 537
1586 3 1122
1586 1 782
1589 2 446
1591 1 792
1594 0 397
1595 3 430
1595 2 292
1595 1 780
1596 3 751
1596 1 795
1597 1 829
1598 3 151
1600 1 801
1601 2 1347
1603 3 819
1604 3 688
1604 2 1482
1607 2 791
1622 3 1186
1625 1 795
1629 1 785
1631 1 792
1632 2 347
1632 1 1405
1638 2 1024
1649 0 398
1655 0 1648
1657 2 1642
1658 3 688
1658 0 1646
1659 0 1659
1662 1 782
1664 2 1489
1664 1 793
1667 3 73
1668 2 1018
1675 3 759
1678 3 38
1678 1 790
1681 1 788
1681 0 1655
1682 2 1122
1684 2 860
1686 2 1661
1687 2 1013
1691 0 1539
1693 1 789
1694 2 1619
1695 2 194
1696 0 1661
1697 3 1062
1698 1 963
1699 3 1030
1699 1 783
1702 3 574
1704 2 1613
1704 1 1405
1705 2 844
1709 0 1543
1711 2 849
1712 2 1643
1712 0 1710
1713 0 1655
1714 3 686
1717 1 1404
1717 0 1709
1720 2 1129
1722 2 905
1722 1 783
1725 3 631
1726 1 788
1726 0 403
1727 3 749
1727 2 1649
1727 1 795
1732 2 1667
1732 0 1659
1737 3 352
1737 0 1658
1738 3 1109
1738 0 1652
1744 3 150
1747 3 1014
1748 3 756
1748 0 1208
1749 3 1725
1749 1 798
1749 0 395
1750 1 783
1750 0 1641
1755 3 184
1756 3 966
1756 1 794
1757 3 1549
1758 0 1646
1759 1 1590
1762 1 801
1763 1 966
1764 1 838
1764 0 1642
1770 3 577
1771 0 1645
1772 2 294
1773 0 1660
1775 1 154
1776 3 1774
1777 2 1657
1780 3 573
1781 1 787
1782 2 1662
1783 3 1565
1784 3 579
1784 2 852
1784 0 1655
1785 3 749
1791 2 1647
1793 1 779
1795 0 1658
1796 1 782
1799 3 221
1799 2 1659
1814 2 297
1816 2 1661
1817 1 965
1818 1 788
1819 2 1650
1823 2 818
1823 0 1661
1825 3 591
1825 1 780
1825 0 1398
1828 3 513
1828 1 838
1830 2 1486
1830 1 790
1831 0 803
1832 2 1024
1834 0 1652
1839 0 401
1840 2 904
1841 3 1115
1844 0 1659
1845 0 912
1847 0 403
1852 3 1749
1852 1 1405
1854 0 1642
1858 2 1666
1861 2 844
1861 0 399
1862 1 790
1863 3 711
1865 1 1402
1867 1 784
1869 2 1814
1870 2 1664
1871 1 1293
1871 0 1650
1872 1 805
1876 0 1650
1879 2 1652
1883 2 1657
1885 0 1657
1888 1 1756
1889 0 1655
1891 1 780
1892 3 1781
1894 1 1847
1896 3 993
1896 1 145
1897 3 1573
1898 2 1611
1899 0 400
1905 2 239
1907 3 1195
1907 1 782
1916 0 1661
1921 2 516
1927 1 1846
1929 3 755
1930 3 151
1930 2 255
1931 2 615
1934 2 905
1935 3 1915
1935 2 1647
1939 2 849
1940 1 783
1941 0 1538
1943 1 140
1944 2 1039
1945 2 1646
1945 0 397
1946 3 767
1946 1 793
1947 3 430
1949 3 763
1950 0 400
1951 3 1740
1953 1 446
1954 0 1656
1955 3 641
1960 3 1114
1962 2 443
1963 1 960
1966 3 142
1966 1 1752
1969 2 1606
1969 1 786
1969 0 1657
1980 0 1659
1986 2 1656
1986 0 1372
1987 1 1593
1992 2 1642
1993 2 1077
1994 1 1402
1995 2 1958
1995 1 693
1995 0 1662
1996 0 1642
2000 3 1979
2001 1 787
2001 0 1657
2004 3 590
2004 2 1489
2005 2 448
2007 1 291
2010 2 848
2011 1 789
2012 1 1858
2015 0 1658
2019 1 833
2020 1 967
2024 3 1572
2024 2 1023
2025 0 1656
2026 2 299
2026 1 1852
2027 1 1757
2028 3 1220
2028 2 1074
2031 3 920
2031 1 1399
2033 2 905
2034 3 300
2035 2 854
2037 2 1543
2039 3 1534
2040 1 785
2043 3 1539
2043 0 1656
2044 0 1541
2047 1 799
2047 0 1544
2049 3 467
2051 0 403
2057 2 1079
2059 2 1958
2059 1 789
2059 0 1207
2060 0 1648
2063 2 1808
2067 2 849
2072 3 1439
2074 0 1662
2076 2 1791
2079 3 1569
2081 3 695
2081 1 145
2084 1 1855
2085 1 829
2088 2 1667
2090 3 513
2090 1 1849
2092 2 1077
2094 2 528
2094 1 798
2095 2 1792
2097 2 1042
2099 0 1657
2101 3 303
2101 1 833
2102 3 1974
2102 1 1757
2103 1 794
2104 2 1663
2105 1 790
2107 2 1795
2107 1 790
2108 3 590
2111 0 1658
2112 1 784
2113 2 1490
2113 1 798
2115 1 1754
2117 2 1819
2119 0 1793
2120 2 1956
2121 0 844
2123 3 1110
2127 3 756
2128 0 1658
2132 2 1656
2133 3 763
2134 3 297
2135 2 963
2136 3 695
2136 2 1016
2136 1 1405
2138 2 1608
2140 3 890
2142 3 1595
2146 3 126
2147 3 512
2149 1 784
2152 0 1406
2153 0 1650
2154 1 1750
2156 1 1846
2158 1 1847
2158 0 1705
2162 2 841
2164 0 2137
2165 3 2054
2166 3 304
2167 2 1478
2167 1 691
2167 0 403
2168 1 789
2176 3 1749
2177 3 299
2178 2 2155
2179 0 400
2180 2 1039
2180 1 797
2183 1 791
2186 3 1922
2188 3 56
2192 1 1595
2195 1 784
2196 3 729
2197 1 786
2202 2 905
2203 1 1852
2205 3 1186
2205 1 1762
2206 1 1364
2210 0 1659
2211 3 430
2213 3 2166
2219 1 784
2224 2 1018
2224 1 1850
2225 0 1659
2226 1 794
2228 0 1657
2230 0 2134
2231 3 577
2231 1 785
2232 3 760
2232 0 1854
2233 1 798
2234 1 1293
2237 2 528
2238 3 1780
2239 3 2081
2244 2 2143
2246 2 846
2246 1 785
2246 0 1858
2248 2 1074
2250 0 1659
2253 3 2166
2253 2 1608
2255 3 1915
2256 3 1914
2257 1 802
2258 0 1648
2264 1 800
2265 1 1851
2266 0 1647
2267 2 903
2267 1 1849
2267 0 1655
2270 2 1643
2271 1 1849
2272 3 1760
2273 3 1564
2276 3 996
2277 2 1925
2278 3 915
2278 2 694
2278 1 799
2278 0 1658
2280 1 796
2282 2 1037
2283 3 513
2286 2 1822
2286 0 397
2288 1 1852
2289 2 1643
2290 3 1862
2290 2 905
2291 1 795
2294 0 1853
2297 3 192
2297 2 1023
2302 2 1112
2302 0 703
2303 3 1577
2304 2 1650
2310 1 786
2312 2 336
2313 3 1913
2313 0 1708
2314 2 345
2314 1 785
2315 2 1640
2315 1 802
2316 0 1707
2317 2 528
2320 0 1642
2323 1 690
2323 0 400
2328 1 785
2329 3 368
2329 2 849
2330 3 1860
2334 1 1852
2339 0 1659
2340 3 1741
2340 2 1605
2342 2 1791
2350 3 230
2353 3 2251
2353 2 1488
2355 3 108
2356 0 1647
2357 0 1655
2361 3 2180
2362 3 468
2362 2 1957
2362 1 788
2365 3 418
2366 3 1564
2368 1 819
2369 2 1959
2369 1 1847
2371 1 831
2374 1 788
2375 3 125
2376 1 779
2378 2 1012
2381 1 790
2385 3 688
2393 1 1590
2393 0 1646
2395 3 303
2397 1 1855
2398 0 399
2399 0 1540
2400 3 662
2404 3 1534
2407 3 143
2409 2 2175
2411 3 2113
2412 1 783
2414 1 1765
2416 1 786
2417 3 2357
2417 2 847
2418 3 2114
2419 0 2124
2420 0 1657
2422 2 1037
2428 0 403
2434 1 797
2436 0 1655
2437 1 797
2439 3 470
2444 2 1662
2444 1 792
2445 3 73
2445 0 2142
2446 1 1751
2447 1 792
2447 0 2283
2448 1 793
2449 3 151
2449 2 2152
2451 3 1301
2452 1 779
2455 3 221
2456 3 2081
2458 0 1658
2464 1 784
2466 2 339
2467 1 2399
2470 3 1578
2470 2 903
2473 3 1595
2475 3 1398
2476 3 261
2477 0 1661
2478 3 1784
2478 2 822
2479 2 845
2484 2 841
2485 3 1986
2491 1 780
2494 2 295
2495 2 812
2498 0 1657
2500 3 126
2500 2 1014
2502 3 759
2503 0 1661
2505 1 965
2506 3 2180
2507 3 1031
2509 2 1660
2510 1 780
2511 3 1782
2511 1 1849
2512 2 1654
2512 1 786
2513 3 1573
2515 3 630
2516 2 1649
2522 1 1399
2524 3 229
2525 3 232
2525 2 1795
2527 2 1807
2528 3 1559
2528 1 798
2529 3 308
2531 2 1640
2535 3 496
2536 1 798
2537 1 787
2541 3 1623
2542 3 488
2542 1 795
2543 1 783
2545 3 2105
2552 2 1641
2558 2 684
2560 2 1111
2572 3 916
2573 1 801
2577 3 106
2579 1 1405
2580 1 792
2581 1 1754
2586 1 792
2589 2 1658
2592 3 374
2595 1 2183
2598 2 902
2599 1 2183
2602 1 797
2607 3 185
2607 1 1846
2609 0 1542
2610 3 2481
2615 1 1852
2617 0 1657
2619 2 906
2625 2 684
2626 1 1767
2635 3 1986
2636 3 577
2638 3 1570
2638 2 1640
2639 3 106
2643 1 1763
2644 1 961
2645 1 2587
2647 0 2432
2648 3 2545
2653 3 641
2654 3 1578
2654 0 1655
2657 1 794
2658 2 2394
2659 3 2581
2659 2 1645
2659 0 1662
2661 2 1825
2661 1 1757
2664 2 1646
2666 3 1421
2666 1 965
2667 3 2356
2670 2 1079
2671 3 1914
2671 2 825
2672 0 1544
2673 1 1846
2674 0 2424
2676 1 791
2679 2 1655
2681 0 1542
2684 1 1757
2684 0 2121
2688 0 1860
2689 2 1656
2691 3 2537
2691 1 787
2693 0 400
2699 3 1718
2700 3 994
2703 1 2586
2706 3 834
2707 0 1648
2708 3 2539
2710 3 297
2711 3 970
2711 1 2397
2712 1 780
2713 3 1113
2714 2 1616
2715 2 1642
2716 0 1651
2717 3 688
2718 3 1560
2720 0 1660
2721 3 1412
2722 1 1754
2729 3 686
2737 1 961
2738 0 1651
2741 2 296
2743 1 818
2744 3 2679
2744 1 789
2746 3 2251
2749 2 2395
2750 2 1607
2750 1 817
2751 3 900
2754 2 1793
2755 1 791
2757 1 788
2761 3 736
2764 3 1630
2766 2 1042
2769 1 1399
2770 2 1654
2775 2 1614
2776 1 1402
2777 3 2063
2778 3 26
2779 3 2407
2779 0 1654
2780 1 2583
2781 2 1792
2782 3 1918
2782 1 1399
2784 0 394
2785 3 1114
2785 2 692
2785 0 790
2787 3 920
2787 2 529
2789 1 780
2792 2 849
2792 0 1860
2797 3 919
2797 1 789
2798 3 1439
2800 3 1741
2801 1 1291
2803 1 965
2805 3 1552
2805 2 902
2811 2 1644
2814 2 1640
2814 1 437
2818 1 1592
2826 3 1301
2826 0 1641
2827 1 2265
2828 0 1661
2835 3 2054
2836 0 2560
2837 0 1659
2845 2 1643
2847 3 1111
2851 1 2779
2852 2 1815
2856 3 2540
2856 2 347
2858 3 2545
2862 2 472
2863 3 2404
2865 2 1960
2868 3 1914
2868 2 1656
2868 0 2421
2870 3 298
2874 1 1765
2875 1 795
2877 2 844
2877 1 146
2878 1 794
2879 3 683
2881 3 748
2881 0 1655
2883 1 795
2884 0 2421
2888 2 2144
2889 3 2593
2892 2 1076
2892 0 1642
2902 2 2287
2904 2 1818
2906 1 795
2908 0 2428
2909 2 2101
2910 2 1615
2912 3 1637
2914 2 2531
2915 1 789
2916 3 1534
2918 0 605
2919 0 1642
2921 1 791
2922 0 1372
2923 3 767
2923 0 2432
2925 3 1690
2926 1 798
2927 3 2537
2927 1 829
2930 1 1405
2934 3 2740
2936 3 1971
2937 3 2607
2943 0 2834
2946 3 230
2947 0 914
2948 3 2527
2950 0 401
2952 1 446
2962 0 394
2963 3 960
2963 1 788
2966 0 1661
2969 3 71
2969 2 1640
2970 1 799
2980 0 1657
2981 2 1644
2982 1 795
2984 2 2102
2988 3 2481
2991 1 797
2992 1 1754
2994 3 303
2995 1 1405
2997 2 1480
2997 0 2422
2998 0 2424
3001 2 1478
3003 3 2182
3006 2 1137
3009 0 2580
3011 2 1958
3012 2 1371
3012 0 1710
3015 3 2938
3019 3 760
3019 2 1665
3020 3 2166
3021 0 2599
3023 2 292
3023 0 1656
3024 2 1640
3026 3 590
3029 2 2267
3030 3 1860
3032 2 1654
3033 3 1612
3035 3 967
3036 3 1109
3036 2 1111
3038 1 1570
3039 1 964
3040 2 1804
3040 1 789
3041 2 1923
3043 2 905
3044 3 2525
3047 1 790
3048 1 803
3049 1 788
3052 1 2183
3054 3 311
3058 0 2297
3059 1 788
3062 1 795
3064 1 1847
3065 3 1061
3065 0 3056
3069 2 1793
3069 1 2777
3069 0 401
3070 2 1609
3072 0 2735
3074 2 1482
3075 1 788
3080 2 1647
3081 3 1152
3081 1 817
3081 0 1653
3091 2 840
3093 3 658
3093 2 1654
3095 1 959
3096 1 839
3097 2 1801
3101 0 3018
3102 2 1079
3104 1 1364
3105 2 3091
3106 3 1740
3107 2 1074
3108 3 151
3109 3 1196
3109 2 338
3112 2 2036
3117 0 709
3120 2 1490
3120 0 2426
3125 2 848
3129 2 1020
3130 2 1960
3130 1 1594
3134 2 847
3135 2 691
3135 1 1851
3135 0 891
3136 3 125
3136 1 782
3139 0 3021
3141 2 1480
3141 1 1755
3144 2 1923
3146 1 782
3149 0 2119
3150 2 1487
3150 0 2423
3160 3 1400
3161 2 1959
3161 1 782
3164 3 1424
3164 2 815
3164 0 3056
3165 3 1535
3165 1 789
3165 0 2554
3167 1 796
3171 3 2505
3172 2 1640
3175 3 2776
3175 0 604
3183 3 1596
3185 0 3127
3190 3 2539
3190 1 2189
3191 2 1666
3191 1 1853
3192 3 658
3192 2 817
3192 0 3025
3194 2 1112
3195 0 1646
3196 2 1662
3197 0 2432
3198 3 686
3200 3 2676
3201 2 1641
3203 1 144
3206 1 2190
3207 3 1621
3209 1 1754
3213 2 1534
3213 1 1365
3215 3 1908
3217 0 1635
3218 3 2940
3218 1 790
3223 2 3067
3224 2 1040
3225 0 2594
3226 2 905
3228 0 3024
3229 0 2434
3233 2 821
3234 3 2105
3234 1 1751
3234 0 1658
3235 1 798
3239 2 1641
3246 2 841
3249 1 779
3253 3 1031
3254 1 779
3263 0 1662
3268 2 446
3271 1 141
3275 0 3024
3277 3 471
3278 1 3278
3281 3 801
3283 3 3266
3284 0 1645
3287 2 841
3292 0 3024
3293 2 3124
3293 1 796
3295 2 3090
3296 3 1031
3296 1 147
3297 2 3090
3299 2 845
3304 2 3086
3306 2 3129
3306 1 782
3307 2 3072
3307 1 793
3308 3 3264
3308 2 338
3310 3 374
3311 3 2054
3312 2 3084
3313 1 164
3314 3 1565
3319 3 2053
3319 1 1592
3320 3 2780
3321 3 419
3325 3 1054
3327 3 2777
3335 3 1056
3338 3 2774
3338 1 1760
3339 1 165
3341 3 3245
3345 0 1641
3348 1 1855
3351 0 2421
3352 2 1111
3356 1 2777
3357 0 2422
3358 2 685
3359 1 967
3360 3 3246
3360 0 2424
3362 3 2171
3363 1 790
3367 2 1140
3368 2 841
3370 3 3266
3374 2 554
3375 3 1913
3377 3 2148
3380 0 2306
3381 1 783
3381 0 2999
3383 1 785
3385 0 2932
3386 0 3031
3391 2 530
3395 2 1038
3395 0 1649
3397 3 2062
3398 3 1721
3402 1 790
3403 2 3073
3403 1 140
3404 3 1410
3404 2 902
3404 1 836
3405 1 2013
3405 0 3026
3407 3 919
3407 1 2069
3412 1 1761
3414 1 1360
3416 3 3245
3420 3 2782
3420 1 3273
3421 2 336
3422 0 2420
3424 3 2775
3424 2 1608
3426 0 3226
3427 0 2135
3431 3 3278
3433 2 1817
3436 2 1804
3437 3 758
3437 2 841
3439 3 3253
3440 1 1761
3441 3 3181
3444 2 2456
3446 1 155
3449 0 3018
3451 1 961
3452 0 1658
3453 1 1365
3454 2 862
3454 1 446
3455 2 809
3457 0 1642
3459 0 1656
3461 1 789
3463 3 2537
3464 2 1651
3466 2 1649
3466 1 796
3468 2 904
3469 1 2183
3471 2 3112
3472 0 1861
3481 0 2124
3482 3 53
3484 1 787
3485 2 683
3486 3 3359
3487 2 3089
3488 2 3084
3488 0 2423
3489 0 2420
3496 1 787
3500 3 1970
3500 1 2183
3500 0 3023
3501 2 1643
3501 1 783
3508 2 3356
3508 0 2951
3510 1 1767
3513 3 917
3513 2 1651
3514 0 2951
3515 0 3222
3517 3 762
3526 2 2654
3527 0 1662
3528 2 3120
3529 3 2592
3533 1 446
3533 0 1659
3534 3 221
3536 0 3022
3537 3 748
3537 2 446
3538 1 803
3539 0 3019
3540 1 3272
3540 0 1650
3541 1 792
3542 1 784
3543 2 2386
3550 3 3048
3551 2 2272
3554 3 3168
3556 0 2144
3557 1 793
3558 3 912
3558 2 3541
3558 0 1654
3559 2 844
3559 1 694
3560 3 3317
3561 3 431
3561 1 3273
3562 1 1756
3564 3 2180
3564 0 1657
3567 2 3136
3569 3 1863
3569 1 143
3571 1 1757
3572 2 3092
3572 1 780
3573 3 2482
3575 1 791
3582 2 1645
3585 3 623
3588 1 3271
3590 2 853
3592 2 3471
3597 3 1566
3598 2 2380
3599 3 419
3599 2 449
3599 1 1362
3602 0 3056
3603 2 345
3603 1 3272
3607 0 1442
3608 2 1647
3609 3 1115
3609 2 1617
3610 3 3487
3610 0 1438
3611 1 1751
3612 3 883
3614 2 1795
3614 1 783
3614 0 401
3627 1 2183
3631 2 865
3632 2 3538
3641 1 790
3642 3 3475
3648 2 812
3650 3 2555
3650 2 1649
3653 3 2785
3661 1 3540
3664 0 2119
3665 3 2105
3665 0 1658
3667 3 569
3668 3 429
3670 3 106
3670 0 1649
3672 3 2875
3674 1 419
3678 3 3253
3678 1 794
3683 2 1617
3684 0 1862
3685 3 454
3685 0 402
3690 1 797
3691 0 3631
3692 3 900
3693 3 1029
3693 0 396
3696 1 792
3697 3 3265
3698 1 2183
3700 1 3277
3701 0 2127
3705 3 582
3707 3 2058
3708 2 2838
3710 3 3354
3710 0 3160
3715 3 1894
3715 2 3537
3715 1 3276
3716 0 795
3718 3 3277
3719 3 511
3722 1 1594
3723 3 2183
3723 1 798
3725 2 3431
3725 1 2587
3725 0 2428
3726 0 3026
3727 3 3648
3728 2 2268
3728 1 1293
3729 2 3351
3729 1 796
3729 0 1649
3731 2 3309
3732 1 1846
3733 3 879
3735 2 906
3736 3 2773
3736 2 1658
3737 2 1794
3744 3 300
3746 0 1854
3748 3 915
3750 1 789
3750 0 2138
3751 3 2537
3751 0 2952
3753 1 446
3755 3 261
3755 1 2587
3760 1 1291
3761 0 2999
3763 2 537
3764 2 1041
3765 1 143
3765 0 394
3766 3 1741
3766 0 2433
3773 1 3274
3774 1 789
3775 1 967
3776 1 800
3778 3 2434
3779 1 780
3783 2 1650
3788 0 3630
3789 0 603
3792 3 1918
3792 0 3053
3794 3 1997
3795 3 3713
3795 2 1653
3799 0 2434
3804 1 3271
3807 2 694
3807 1 1848
3809 2 1956
3809 0 2997
3810 1 1764
3811 3 1726
3812 0 1635
3813 2 684
3813 0 3002
3815 1 799
3816 3 304
3816 0 1648
3821 2 3071
3822 2 3430
3823 2 1814
3826 3 125
3827 1 1399
3828 3 2542
3830 2 3472
3834 2 1653
3837 3 683
3837 2 1659
3839 0 2424
3840 3 2530
3840 2 1657
3841 2 1042
3842 1 840
3842 0 3637
3843 0 1657
3848 1 2472
3849 1 791
3851 3 1570
3852 3 132
3856 0 1656
3858 3 759
3860 2 3546
3861 1 2183
3863 1 799
3868 2 841
3871 1 141
3872 2 1801
3875 1 3631
3876 2 3616
3876 1 780
3878 1 789
3879 2 3626
3880 2 864
3881 3 689
3881 1 3671
3883 1 798
3887 0 1655
3888 2 3700
3894 1 829
3895 1 1850
3898 2 3699
3899 3 2874
3900 3 623
3901 0 1648
3904 0 2145
3906 2 1614
3906 0 2597
3909 3 3357
3909 2 1024
3912 2 3309
3913 1 784
3914 2 3597
3915 2 3476
3916 2 686
3918 3 390
3919 2 1612
3919 1 787
3920 2 3831
3922 1 1850
3924 1 3046
3925 0 3699
3927 2 3830
3927 1 1365
3928 2 1542
3930 3 759
3931 3 688
3931 2 3476
3933 2 3700
3934 2 447
3934 0 2298
3936 2 3614
3936 0 1662
3944 2 3132
3946 1 693
3950 1 793
3954 2 1614
3955 1 1753
3962 2 3540
3969 2 3702
3972 1 2586
3974 1 3276
3975 0 3639
3977 0 3024
3983 3 3304
3984 3 2541
3985 2 1655
3992 0 2425
3995 0 3027
4002 0 3028
4003 2 3933
4004 3 746
4005 3 1054
4005 0 904
4009 0 1827
4011 3 3997
4012 0 2424
4016 2 4015
4017 3 1553
4017 1 2585
4018 2 3991
4021 1 3631
4023 2 820
4024 2 3961
4024 0 1657
4029 3 2555
4032 0 4005
4033 3 3274
4034 1 2781
4035 2 3698
4038 1 783
4039 2 1645
4041 0 1544
4042 0 4000
4043 1 793
4044 2 1489
4046 2 2600
4047 2 3938
4051 0 3021
4052 3 1727
4054 2 1543
4055 3 3039
4055 2 3971
4056 3 142
4063 2 3980
4064 0 1657
4065 0 3024
4066 3 3739
4068 0 403
4070 3 633
4070 0 2145
4072 1 3541
4072 0 3607
4073 1 2779
4074 1 833
4075 1 791
4079 3 3280
4082 2 3968
4084 3 2503
4088 0 2422
4089 3 313
4089 0 2426
4090 2 1661
4091 2 3537
4094 0 205
4095 2 2654
4096 2 3352
4098 1 1765
4100 3 1189
4101 3 821
4103 2 3120
4106 2 1804
4106 1 2183
4106 0 396
4107 2 1666
4110 2 3983
4113 3 3870
4113 1 796
4114 2 1024
4115 3 1551
4119 3 2587
4120 2 1645
4121 2 4000
4124 3 1727
4124 1 3275
4125 1 1852
4126 2 3974
4128 3 389
4129 3 3472
4129 0 1659
4131 1 1404
4134 2 3597
4134 0 3021
4135 1 788
4136 1 1766
4137 0 3020
4140 3 572
4140 2 1642
4141 1 1760
4143 3 574
4143 2 3957
4145 1 817
4147 1 446
4150 3 320
4151 3 2781
4151 2 3884
4153 2 2885
4154 2 3747
4156 2 842
4157 0 2936
4160 0 4013
4163 1 787
4164 1 1850
4165 1 4010
4167 2 1792
4169 2 822
4170 1 3631
4171 3 2592
4172 2 3082
4176 2 3537
4177 0 2298
4178 1 1405
4178 0 4004
4182 0 401
4183 2 1644
4183 1 796
4183 0 2420
4185 3 1894
4185 2 1077
4186 1 3894
4187 1 3847
4187 0 1660
4188 3 1644
4189 1 794
4190 2 4013
4192 3 572
4192 2 3973
4192 1 3275
4196 2 599
4197 0 1372
4198 0 2832
4200 1 794
4203 0 2419
4205 1 2400
4206 2 3960
4206 1 1851
4212 0 1657
4214 1 3273
4215 2 3958
4215 1 780
4216 3 3262
4216 2 3954
4222 1 1852
4223 3 4031
4226 3 3263
4231 3 144
4231 0 2931
4232 2 1024
4233 2 1959
4235 2 3699
4236 1 4010
4237 1 792
4239 3 3867
4241 3 2540
4245 2 1489
4247 0 3020
4248 1 1767
4248 0 4012
4255 3 4191
4255 2 4002
4261 0 3055
4263 0 2426
4265 2 3807
4267 2 4220
4267 1 2016
4267 0 3004
4268 0 4009
4272 1 792
4272 0 1537
4274 2 3983
4275 2 3935
4275 0 3020
4278 2 647
4284 3 3280
4285 3 3372
4285 1 1754
4286 1 2780
4287 3 4269
4287 2 1660
4287 1 789
4288 3 298
4293 1 963
4294 3 2434
4297 3 4248
4298 2 3378
4299 2 3393
4300 0 3990
4303 3 2540
4303 2 3550
4303 0 2999
4304 2 1656
4306 2 1804
4309 1 2394
4310 0 1651
4317 1 838
4318 1 3277
4319 1 147
4322 1 795
4323 2 1041
4324 2 1652
4329 3 1320
4329 2 3971
4330 3 2004
4331 2 2387
4331 1 3271
4332 2 1820
4333 2 3932
4338 1 3850
4340 2 3805
4340 1 4005
4341 0 4005
4342 3 4030
4342 1 795
4344 2 1076
4345 2 4243
4346 0 1661
4348 0 3024
4356 3 323
4357 3 2526
4364 0 3019
4366 3 3654
4371 3 2237
4371 0 396
4372 3 585
4373 3 3261
4373 2 1657
4383 3 833
4383 2 3956
4386 3 3591
4388 3 1123
4388 2 446
4389 3 1917
4401 3 368
4403 2 599
4403 1 836
4405 2 2241
4405 1 3272
4406 1 4400
4408 3 2943
4408 2 3892
4408 0 2936
4411 2 3090
4412 3 4323
4416 2 446
4417 3 2526
4418 3 304
4422 1 794
4425 2 1654
4426 0 2422
4429 0 3160
4431 0 2424
4432 1 787
4433 3 3232
4434 1 446
4435 3 1309
4435 2 298
4435 0 1646
4437 2 902
4439 1 4418
4440 2 4218
4441 2 3545
4442 0 3030
4444 3 4408
4446 2 4221
4446 1 3274
4448 0 4367
4449 2 4014
4450 3 2003
4451 3 2053
4452 0 2431
4453 3 3053
4453 1 783
4456 0 603
4457 0 1662
4459 2 3968
4459 0 4012
4464 3 4090
4466 0 1862
4468 1 3271
4469 0 1860
4471 2 3829
4471 1 1855
4471 0 912
4476 1 793
4477 2 4227
4478 3 761
4478 0 2933
4484 3 920
4484 1 2779
4485 3 3359
4485 2 3999
4488 2 3896
4489 0 1654
4491 2 1659
4492 2 3936
4493 3 1780
4498 2 568
4499 1 4395
4506 3 903
4509 3 2879
4510 1 3271
4512 3 3842
4512 1 690
4512 0 4015
4513 2 1641
4514 3 918
4515 2 4375
4515 0 1654
4518 1 790
4520 0 1372
4525 2 842
4525 1 2778
4527 2 3967
4528 0 1662
4530 2 3988
4532 1 4362
4534 1 837
4536 1 1362
4537 1 788
4540 3 3180
4540 1 797
4540 0 1652
4541 3 512
4542 2 3977
4542 1 795
4542 0 1654
4544 3 4397
4551 2 1606
4551 1 967
4552 2 446
4553 2 1646
4555 0 396
4556 3 752
4556 0 3018
4557 2 683
4558 3 302
4558 2 473
4558 0 1661
4560 3 3262
4560 2 1652
4562 1 4395
4572 2 1644
4572 1 778
4573 2 3973
4573 1 4391
4577 1 1643
4577 0 4005
4578 2 3309
4581 0 3862
4583 1 1755
4587 0 608
4590 1 1755
4591 0 2306
4592 1 4533
4592 0 4375
4593 2 862
4594 1 1365
4595 3 2976
4596 3 3357
4599 1 1594
4601 1 1847
4604 1 787
4609 3 1969
4609 2 3959
4610 0 1635
4611 3 511
4611 2 3961
4616 2 3982
4617 3 304
4617 0 1649
4618 1 967
4620 1 792
4621 1 2183
4625 3 2797
4627 2 3982
4630 2 844
4640 3 1782
4640 0 3024
4641 3 1185
4648 0 4370
4649 0 1658
4654 2 3818
4656 0 1661
4658 3 4325
4660 3 994
4661 3 2088
4662 1 817
4663 2 4014
4665 2 3885
4665 0 4002
4666 1 3273
4667 3 2096
4667 2 4572
4672 0 1706
4675 1 1852
4677 2 865
4678 3 303
4680 2 4564
4682 1 798
4684 2 1657
4686 0 1858
4690 0 4007
4692 3 396
4692 1 4424
4695 2 564
4696 3 2480
4696 1 1756
4697 2 842
4700 1 1751
4700 0 3031
4703 3 763
4703 2 3538
4704 2 3986
4706 2 3960
4711 3 3271
4711 0 2937
4715 1 4364
4716 1 1405
4716 0 4623
4722 2 4565
4723 3 2541
4723 1 793
4724 3 3265
4724 2 4575
4725 0 4357
4726 2 4688
4726 1 3278
4728 2 3890
4732 2 4607
4732 0 3024
4733 1 788
4738 1 2584
4741 1 2183
4742 2 3884
4745 2 1646
4746 1 3631
4747 3 684
4749 2 3700
4750 2 3967
4750 1 2992
4756 3 106
4760 1 4361
4761 1 840
4764 1 1405
4765 3 2783
4771 2 3977
4773 1 4010
4773 0 3018
4776 3 2707
4776 0 3128
4777 3 2054
4778 0 2134
4779 3 3276
4781 3 1566
4782 3 1153
4783 0 394
4784 2 1478
4786 2 4568
4786 0 4720
4788 0 912
4789 3 4034
4790 0 4369
4791 3 144
4792 1 801
4795 0 3021
4797 1 2781
4799 3 960
4800 3 3357
4802 3 1301
4814 3 4733
4814 2 3992
4814 1 786
4816 2 1615
4816 1 794
4818 2 4578
4821 3 762
4822 2 3966
4823 3 1111
4827 1 782
4830 3 3798
4832 2 3700
4835 3 4366
4836 0 1538
4839 0 709
4840 0 3019
4841 1 3540
4842 2 1818
4844 3 4226
4844 2 3615
4845 0 1437
4846 1 1592
4848 1 1848
4852 3 1027
4853 3 4743
4853 0 4275
4854 1 1590
4856 1 960
4857 0 3611
4859 0 1650
4861 3 3304
4861 0 1651
4862 3 4517
4863 2 1662
4863 1 1364
4863 0 4640
4868 2 3939
4869 3 2583
4871 3 1109
4875 1 4360
4880 2 1640
4883 2 3973
4883 1 4832
4884 0 2423
4885 2 446
4885 1 2400
4889 0 1709
4893 3 2542
4894 0 1853
4896 1 3850
4897 1 1425
4898 3 4322
4904 2 3965
4906 2 4894
4907 0 2737
4910 3 4031
4911 1 3271
4912 2 1162
4915 2 3966
4915 1 2583
4917 2 2617
4917 1 1405
4917 0 4355
4919 2 4217
4924 2 903
4924 1 4888
4926 2 864
4926 0 4768
4928 3 301
4928 1 2154
4929 3 4481
4929 2 4574
4930 1 1755
4935 0 4090
4940 3 1549
4942 2 4229
4943 2 3136
4944 1 2398
4945 1 4827
4950 2 4725
4951 2 3542
4957 2 1485
4958 3 4481
4959 3 1321
4960 3 4403
4961 0 2428
4962 1 788
4965 2 1799
4972 0 2419
4975 0 1657
4976 2 3978
4978 3 1573
4978 2 4222
4982 1 792
4982 0 3161
4985 0 4350
4986 2 2166
4986 0 1662
4987 2 4281
4988 1 4831
4993 2 3615
4995 2 1795
4996 0 3474
4998 1 1855
4999 1 2587
