0.446466215283 1915.66231504
1.04170604976 1915.66231504
1.63694588423 1915.66231504
2.2321857187 1915.66231504
2.82742555317 1915.66231504
3.42266538765 1915.66231504
4.01790522212 1915.66231504
4.61314505659 1915.66231504
5.20838489106 1915.66231504
5.80362472554 1915.66231504
6.39886456001 1915.66231504
6.99410439448 1915.66231504
7.58934422895 1915.66231504
8.18458406343 1915.66231504
8.7798238979 1915.66231504
9.37506373237 1915.66231504
9.97030356685 1915.66231504
10.5655434013 1915.66231504
11.1607832358 1915.66231504
11.7560230703 1915.66231504
12.3512629047 1915.66231504
12.9465027392 1915.66231504
13.5417425737 1915.66231504
14.1369824082 1915.66231504
14.7322222426 1915.66231504
15.3274620771 1915.66231504
15.9227019116 1915.66231504
16.517941746 1915.66231504
17.1131815805 1915.66231504
17.708421415 1915.66231504
18.3036612495 1915.66231504
18.8989010839 1915.66231504
19.4941409184 1915.66231504
20.0893807529 1915.66231504
20.6846205874 1915.66231504
21.2798604218 1915.66231504
21.8751002563 1915.66231504
22.4703400908 1915.66231504
23.0655799252 1915.66231504
23.6608197597 1915.66231504
24.2560595942 1915.66231504
24.8512994287 1915.66231504
25.4465392631 1915.66231504
26.0417790976 1915.66231504
26.6370189321 1915.66231504
27.2322587666 1915.66231504
27.827498601 1915.66231504
28.4227384355 1915.66231504
29.01797827 1915.66231504
29.6132181044 1915.66231504
30.2084579389 1915.66231504
30.8036977734 1915.66231504
31.3989376079 1915.66231504
31.9941774423 1915.66231504
32.5894172768 1915.66231504
33.1846571113 1915.66231504
33.7798969458 1915.66231504
34.3751367802 1915.66231504
34.9703766147 1915.66231504
35.5656164492 1915.66231504
36.1608562836 1915.66231504
36.7560961181 1915.66231504
37.3513359526 1915.66231504
37.9465757871 1915.66231504
38.5418156215 1915.66231504
39.137055456 1915.66231504
39.7322952905 1915.66231504
40.327535125 1915.66231504
40.9227749594 1915.66231504
41.5180147939 1915.66231504
42.1132546284 1915.66231504
42.7084944628 1915.66231504
43.3037342973 1915.66231504
43.8989741318 1915.66231504
44.4942139663 1915.66231504
45.0894538007 1915.66231504
45.6846936352 1915.66231504
46.2799334697 1915.66231504
46.8751733041 1915.66231504
47.4704131386 1915.66231504
48.0656529731 1915.66231504
48.6608928076 1915.66231504
49.256132642 1915.66231504
49.8513724765 1915.66231504
50.446612311 1915.66231504
51.0418521455 1915.66231504
51.6370919799 1915.66231504
52.2323318144 1915.66231504
52.8275716489 1915.66231504
53.4228114833 1915.66231504
54.0180513178 1915.66231504
54.6132911523 1915.66231504
55.2085309868 1915.66231504
55.8037708212 1915.66231504
56.3990106557 1915.66231504
56.9942504902 1915.66231504
57.5894903247 1915.66231504
58.1847301591 1915.66231504
58.7799699936 1915.66231504
59.3752098281 1915.66231504
59.9704496625 1915.66231504
60.565689497 1915.66231504
61.1609293315 1915.66231504
61.756169166 1915.66231504
62.3514090004 1915.66231504
62.9466488349 1915.66231504
63.5418886694 1915.66231504
64.1371285039 1915.66231504
64.7323683383 1915.66231504
65.3276081728 1915.66231504
65.9228480073 1915.66231504
66.5180878417 1915.66231504
67.1133276762 1915.66231504
67.7085675107 1915.66231504
68.3038073452 1915.66231504
68.8990471796 1915.66231504
69.4942870141 1915.66231504
70.0895268486 1915.66231504
70.6847666831 1915.66231504
71.2800065175 1915.66231504
71.875246352 1915.66231504
72.4704861865 1915.66231504
73.0657260209 1915.66231504
73.6609658554 1915.66231504
74.2562056899 1915.66231504
74.8514455244 1915.66231504
75.4466853588 1915.66231504
76.0419251933 1915.66231504
76.6371650278 1915.66231504
77.2324048623 1915.66231504
77.8276446967 1915.66231504
78.4228845312 1915.66231504
79.0181243657 1915.66231504
79.6133642001 1915.66231504
80.2086040346 1915.66231504
80.8038438691 1915.66231504
81.3990837036 1915.66231504
81.994323538 1915.66231504
82.5895633725 1915.66231504
83.184803207 1915.66231504
83.7800430415 1915.66231504
84.3752828759 1915.66231504
84.9705227104 1915.66231504
85.5657625449 1915.66231504
86.1610023793 1915.66231504
86.7562422138 1915.66231504
87.3514820483 1915.66231504
87.9467218828 1915.66231504
88.5419617172 1915.66231504
89.1372015517 1915.66231504
89.7324413862 1915.66231504
90.3276812207 1915.66231504
90.9229210551 1915.66231504
91.5181608896 1915.66231504
92.1134007241 1915.66231504
92.7086405585 1915.66231504
93.303880393 1915.66231504
93.8991202275 1915.66231504
94.494360062 1915.66231504
95.0895998964 1915.66231504
95.6848397309 1915.66231504
96.2800795654 1915.66231504
96.8753193999 1915.66231504
97.4705592343 1915.66231504
98.0657990688 1915.66231504
98.6610389033 1915.66231504
99.2562787377 1915.66231504
99.8515185722 1915.66231504
100.446758407 1915.66231504
101.041998241 1915.66231504
101.637238076 1915.66231504
102.23247791 1915.66231504
102.827717745 1915.66231504
103.422957579 1915.66231504
104.018197414 1915.66231504
104.613437248 1915.66231504
105.208677082 1915.66231504
105.803916917 1915.66231504
106.399156751 1915.66231504
106.994396586 1915.66231504
107.58963642 1915.66231504
108.184876255 1915.66231504
108.780116089 1915.66231504
109.375355924 1915.66231504
109.970595758 1915.66231504
110.565835593 1915.66231504
111.161075427 1915.66231504
111.756315262 1915.66231504
112.351555096 1915.66231504
112.946794931 1915.66231504
113.542034765 1915.66231504
114.1372746 1915.66231504
114.732514434 1915.66231504
115.327754269 1915.66231504
115.922994103 1915.66231504
116.518233937 1915.66231504
117.113473772 1915.66231504
117.708713606 1915.66231504
118.303953441 1915.66231504
118.899193275 1915.66231504
119.49443311 1915.66231504
120.089672944 1915.66231504
120.684912779 1915.66231504
121.280152613 1915.66231504
121.875392448 1915.66231504
122.470632282 1915.66231504
123.065872117 1915.66231504
123.661111951 1915.66231504
124.256351786 1915.66231504
124.85159162 1915.66231504
125.446831455 1915.66231504
126.042071289 1915.66231504
126.637311123 1915.66231504
127.232550958 1915.66231504
127.827790792 1915.66231504
128.423030627 1915.66231504
129.018270461 1915.66231504
129.613510296 1915.66231504
130.20875013 1915.66231504
130.803989965 1915.66231504
131.399229799 1915.66231504
131.994469634 1915.66231504
132.589709468 1915.66231504
133.184949303 1915.66231504
133.780189137 1915.66231504
134.375428972 1915.66231504
134.970668806 1915.66231504
135.565908641 1915.66231504
136.161148475 1915.66231504
136.75638831 1915.66231504
137.351628144 1915.66231504
137.946867978 1915.66231504
138.542107813 1915.66231504
139.137347647 1915.66231504
139.732587482 1915.66231504
140.327827316 1915.66231504
140.923067151 1915.66231504
141.518306985 1915.66231504
142.11354682 1915.66231504
142.708786654 1915.66231504
143.304026489 1915.66231504
143.899266323 1915.66231504
144.494506158 1915.66231504
145.089745992 1915.66231504
145.684985827 1915.66231504
146.280225661 1915.66231504
146.875465496 1915.66231504
147.47070533 1915.66231504
148.065945165 1915.66231504
148.661184999 1915.66231504
149.256424833 1915.66231504
149.851664668 1915.66231504
150.446904502 1915.66231504
151.042144337 1915.66231504
151.637384171 1915.66231504
152.232624006 1915.66231504
152.82786384 2130.66303408
153.423103675 2130.66303408
154.018343509 2130.66303408
154.613583344 2130.66303408
155.208823178 2130.66303408
155.804063013 2130.66303408
156.399302847 2130.66303408
156.994542682 2130.66303408
157.589782516 2130.66303408
158.185022351 2130.66303408
158.780262185 2130.66303408
159.375502019 2130.66303408
159.970741854 2130.66303408
160.565981688 2130.66303408
161.161221523 2130.66303408
161.756461357 2130.66303408
162.351701192 2130.66303408
162.946941026 2130.66303408
163.542180861 2130.66303408
164.137420695 2130.66303408
164.73266053 2130.66303408
165.327900364 2130.66303408
165.923140199 2130.66303408
166.518380033 2130.66303408
167.113619868 2130.66303408
167.708859702 2130.66303408
168.304099537 2130.66303408
168.899339371 2130.66303408
169.494579206 2130.66303408
170.08981904 2130.66303408
170.685058874 2130.66303408
171.280298709 2130.66303408
171.875538543 2130.66303408
172.470778378 2130.66303408
173.066018212 2130.66303408
173.661258047 2130.66303408
174.256497881 2130.66303408
174.851737716 2130.66303408
175.44697755 2130.66303408
176.042217385 2130.66303408
176.637457219 2130.66303408
177.232697054 2130.66303408
177.827936888 2130.66303408
178.423176723 2130.66303408
179.018416557 2130.66303408
179.613656392 2130.66303408
180.208896226 2130.66303408
180.80413606 2130.66303408
181.399375895 2130.66303408
181.994615729 2130.66303408
182.589855564 2130.66303408
183.185095398 2130.66303408
183.780335233 2130.66303408
184.375575067 2130.66303408
184.970814902 2130.66303408
185.566054736 2130.66303408
186.161294571 2130.66303408
186.756534405 2130.66303408
187.35177424 2130.66303408
187.947014074 2130.66303408
188.542253909 2130.66303408
189.137493743 2130.66303408
189.732733578 2130.66303408
190.327973412 2130.66303408
190.923213247 2130.66303408
191.518453081 2130.66303408
192.113692915 2130.66303408
192.70893275 2130.66303408
193.304172584 2130.66303408
193.899412419 2130.66303408
194.494652253 2130.66303408
195.089892088 2130.66303408
195.685131922 2130.66303408
196.280371757 2130.66303408
196.875611591 2130.66303408
197.470851426 2130.66303408
198.06609126 2130.66303408
198.661331095 2130.66303408
199.256570929 2130.66303408
199.851810764 2130.66303408
200.447050598 2130.66303408
201.042290433 2130.66303408
201.637530267 2130.66303408
202.232770102 2130.66303408
202.828009936 2130.66303408
203.42324977 2130.66303408
204.018489605 2130.66303408
204.613729439 2130.66303408
205.208969274 2130.66303408
205.804209108 2130.66303408
206.399448943 2130.66303408
206.994688777 2130.66303408
207.589928612 2130.66303408
208.185168446 2130.66303408
208.780408281 2130.66303408
209.375648115 2130.66303408
209.97088795 2130.66303408
210.566127784 2130.66303408
211.161367619 2130.66303408
211.756607453 2130.66303408
212.351847288 2130.66303408
212.947087122 2130.66303408
213.542326956 2130.66303408
214.137566791 2130.66303408
214.732806625 2130.66303408
215.32804646 2130.66303408
215.923286294 2130.66303408
216.518526129 2130.66303408
217.113765963 2130.66303408
217.709005798 2130.66303408
218.304245632 2130.66303408
218.899485467 2130.66303408
219.494725301 2130.66303408
220.089965136 2130.66303408
220.68520497 2130.66303408
221.280444805 2130.66303408
221.875684639 2130.66303408
222.470924474 2130.66303408
223.066164308 2130.66303408
223.661404143 2130.66303408
224.256643977 2130.66303408
224.851883811 2130.66303408
225.447123646 2130.66303408
226.04236348 2130.66303408
226.637603315 2130.66303408
227.232843149 2130.66303408
227.828082984 2130.66303408
228.423322818 2130.66303408
229.018562653 2130.66303408
229.613802487 2130.66303408
230.209042322 2130.66303408
230.804282156 2130.66303408
231.399521991 2130.66303408
231.994761825 2130.66303408
232.59000166 2130.66303408
233.185241494 2130.66303408
233.780481329 2130.66303408
234.375721163 2130.66303408
234.970960998 2130.66303408
235.566200832 2130.66303408
236.161440666 2130.66303408
236.756680501 2130.66303408
237.351920335 2130.66303408
237.94716017 2130.66303408
238.542400004 2130.66303408
239.137639839 2130.66303408
239.732879673 2130.66303408
240.328119508 2130.66303408
240.923359342 2130.66303408
241.518599177 2130.66303408
242.113839011 2130.66303408
242.709078846 2130.66303408
243.30431868 2130.66303408
243.899558515 2130.66303408
244.494798349 2130.66303408
245.090038184 2130.66303408
245.685278018 2130.66303408
246.280517852 2130.66303408
246.875757687 2130.66303408
247.470997521 2130.66303408
248.066237356 2130.66303408
248.66147719 2130.66303408
249.256717025 2130.66303408
249.851956859 2130.66303408
250.447196694 2130.66303408
251.042436528 2130.66303408
251.637676363 2130.66303408
252.232916197 2130.66303408
252.828156032 2130.66303408
253.423395866 2130.66303408
254.018635701 2130.66303408
254.613875535 2130.66303408
255.20911537 2130.66303408
255.804355204 2130.66303408
256.399595039 2130.66303408
256.994834873 2130.66303408
257.590074707 2130.66303408
258.185314542 2130.66303408
258.780554376 2130.66303408
259.375794211 2130.66303408
259.971034045 2130.66303408
260.56627388 2130.66303408
261.161513714 2130.66303408
261.756753549 2130.66303408
262.351993383 2130.66303408
262.947233218 2130.66303408
263.542473052 2130.66303408
264.137712887 2130.66303408
264.732952721 2130.66303408
265.328192556 2130.66303408
265.92343239 2130.66303408
266.518672225 2130.66303408
267.113912059 2130.66303408
267.709151894 2130.66303408
268.304391728 2130.66303408
268.899631562 2130.66303408
269.494871397 2130.66303408
270.090111231 2130.66303408
270.685351066 2130.66303408
271.2805909 2130.66303408
271.875830735 2130.66303408
272.471070569 2130.66303408
273.066310404 2130.66303408
273.661550238 2130.66303408
274.256790073 2130.66303408
274.852029907 2130.66303408
275.447269742 2130.66303408
276.042509576 2130.66303408
276.637749411 2130.66303408
277.232989245 2130.66303408
277.82822908 2130.66303408
278.423468914 2130.66303408
279.018708748 2130.66303408
279.613948583 2130.66303408
280.209188417 2130.66303408
280.804428252 2130.66303408
281.399668086 2130.66303408
281.994907921 2130.66303408
282.590147755 2130.66303408
283.18538759 2130.66303408
283.780627424 2130.66303408
284.375867259 2130.66303408
284.971107093 2130.66303408
285.566346928 2130.66303408
286.161586762 2130.66303408
286.756826597 2130.66303408
287.352066431 2130.66303408
287.947306266 2130.66303408
288.5425461 2130.66303408
289.137785935 2130.66303408
289.733025769 2130.66303408
290.328265603 2130.66303408
290.923505438 2130.66303408
291.518745272 2130.66303408
292.113985107 2130.66303408
292.709224941 2130.66303408
293.304464776 2130.66303408
293.89970461 2130.66303408
294.494944445 2130.66303408
295.090184279 2130.66303408
295.685424114 2130.66303408
296.280663948 2130.66303408
296.875903783 2130.66303408
297.471143617 2130.66303408
298.066383452 2130.66303408
298.661623286 2130.66303408
299.256863121 2130.66303408
299.852102955 2130.66303408
300.44734279 2130.66303408
301.042582624 2130.66303408
301.637822458 2130.66303408
302.233062293 2130.66303408
302.828302127 2130.66303408
303.423541962 2130.66303408
304.018781796 2130.66303408
304.614021631 2130.66303408
305.209261465 2458.92232986
305.8045013 2458.92232986
306.399741134 2458.92232986
306.994980969 2458.92232986
307.590220803 2458.92232986
308.185460638 2458.92232986
308.780700472 2458.92232986
309.375940307 2458.92232986
309.971180141 2458.92232986
310.566419976 2458.92232986
311.16165981 2458.92232986
311.756899644 2458.92232986
312.352139479 2458.92232986
312.947379313 2458.92232986
313.542619148 2458.92232986
314.137858982 2458.92232986
314.733098817 2458.92232986
315.328338651 2458.92232986
315.923578486 2458.92232986
316.51881832 2458.92232986
317.114058155 2458.92232986
317.709297989 2458.92232986
318.304537824 2458.92232986
318.899777658 2458.92232986
319.495017493 2458.92232986
320.090257327 2458.92232986
320.685497162 2458.92232986
321.280736996 2458.92232986
321.875976831 2458.92232986
322.471216665 2458.92232986
323.066456499 2458.92232986
323.661696334 2458.92232986
324.256936168 2458.92232986
324.852176003 2458.92232986
325.447415837 2458.92232986
326.042655672 2458.92232986
326.637895506 2458.92232986
327.233135341 2458.92232986
327.828375175 2458.92232986
328.42361501 2458.92232986
329.018854844 2458.92232986
329.614094679 2458.92232986
330.209334513 2458.92232986
330.804574348 2458.92232986
331.399814182 2458.92232986
331.995054017 2458.92232986
332.590293851 2458.92232986
333.185533685 2458.92232986
333.78077352 2458.92232986
334.376013354 2458.92232986
334.971253189 2458.92232986
335.566493023 2458.92232986
336.161732858 2458.92232986
336.756972692 2458.92232986
337.352212527 2458.92232986
337.947452361 2458.92232986
338.542692196 2458.92232986
339.13793203 2458.92232986
339.733171865 2458.92232986
340.328411699 2458.92232986
340.923651534 2458.92232986
341.518891368 2458.92232986
342.114131203 2458.92232986
342.709371037 2458.92232986
343.304610872 1970.30923588
343.899850706 1970.30923588
344.49509054 1970.30923588
345.090330375 1970.30923588
345.685570209 1970.30923588
346.280810044 1970.30923588
346.876049878 1970.30923588
347.471289713 1970.30923588
348.066529547 1970.30923588
348.661769382 1970.30923588
349.257009216 1970.30923588
349.852249051 1970.30923588
350.447488885 1970.30923588
351.04272872 1970.30923588
351.637968554 1970.30923588
352.233208389 1970.30923588
352.828448223 1970.30923588
353.423688058 1970.30923588
354.018927892 1970.30923588
354.614167727 1970.30923588
355.209407561 1970.30923588
355.804647395 1970.30923588
356.39988723 1970.30923588
356.995127064 1970.30923588
357.590366899 1970.30923588
358.185606733 1970.30923588
358.780846568 1970.30923588
359.376086402 1970.30923588
359.971326237 1970.30923588
360.566566071 1970.30923588
361.161805906 1970.30923588
361.75704574 1970.30923588
362.352285575 1970.30923588
362.947525409 1970.30923588
363.542765244 1970.30923588
364.138005078 1970.30923588
364.733244913 1970.30923588
365.328484747 1970.30923588
365.923724581 1970.30923588
366.518964416 1970.30923588
367.11420425 1970.30923588
367.709444085 1970.30923588
368.304683919 1970.30923588
368.899923754 1970.30923588
369.495163588 1970.30923588
370.090403423 1970.30923588
370.685643257 1970.30923588
371.280883092 1970.30923588
371.876122926 1970.30923588
372.471362761 1970.30923588
373.066602595 1970.30923588
373.66184243 1970.30923588
374.257082264 1970.30923588
374.852322099 1970.30923588
375.447561933 1970.30923588
376.042801768 1970.30923588
376.638041602 1970.30923588
377.233281436 1970.30923588
377.828521271 1970.30923588
378.423761105 1970.30923588
379.01900094 1970.30923588
379.614240774 1970.30923588
380.209480609 1970.30923588
380.804720443 1970.30923588
381.399960278 2214.61578287
381.995200112 2214.61578287
382.590439947 2214.61578287
383.185679781 2214.61578287
383.780919616 2214.61578287
384.37615945 2214.61578287
384.971399285 2214.61578287
385.566639119 2214.61578287
386.161878954 2214.61578287
386.757118788 2214.61578287
387.352358623 2214.61578287
387.947598457 2214.61578287
388.542838291 2214.61578287
389.138078126 2214.61578287
389.73331796 2214.61578287
390.328557795 2214.61578287
390.923797629 2214.61578287
391.519037464 2214.61578287
392.114277298 2214.61578287
392.709517133 2214.61578287
393.304756967 2214.61578287
393.899996802 2214.61578287
394.495236636 2214.61578287
395.090476471 2214.61578287
395.685716305 2214.61578287
396.28095614 2214.61578287
396.876195974 2214.61578287
397.471435809 2214.61578287
398.066675643 2214.61578287
398.661915477 2214.61578287
399.257155312 2214.61578287
399.852395146 2214.61578287
400.447634981 2214.61578287
401.042874815 2214.61578287
401.63811465 2214.61578287
402.233354484 2214.61578287
402.828594319 2214.61578287
403.423834153 2214.61578287
404.019073988 2214.61578287
404.614313822 2214.61578287
405.209553657 2214.61578287
405.804793491 2214.61578287
406.400033326 2214.61578287
406.99527316 2214.61578287
407.590512995 2214.61578287
408.185752829 2214.61578287
408.780992664 2214.61578287
409.376232498 2214.61578287
409.971472332 2214.61578287
410.566712167 2214.61578287
411.161952001 2214.61578287
411.757191836 2214.61578287
412.35243167 2214.61578287
412.947671505 2214.61578287
413.542911339 2214.61578287
414.138151174 2214.61578287
414.733391008 2214.61578287
415.328630843 2214.61578287
415.923870677 2214.61578287
416.519110512 2214.61578287
417.114350346 2214.61578287
417.709590181 2214.61578287
418.304830015 2214.61578287
418.90006985 2214.61578287
419.495309684 2214.61578287
420.090549519 2214.61578287
420.685789353 2214.61578287
421.281029187 2214.61578287
421.876269022 2214.61578287
422.471508856 2214.61578287
423.066748691 2214.61578287
423.661988525 2214.61578287
424.25722836 2214.61578287
424.852468194 2214.61578287
425.447708029 2214.61578287
426.042947863 2214.61578287
426.638187698 2214.61578287
427.233427532 2214.61578287
427.828667367 2214.61578287
428.423907201 2214.61578287
429.019147036 2214.61578287
429.61438687 2214.61578287
430.209626705 2214.61578287
430.804866539 2214.61578287
431.400106373 2214.61578287
431.995346208 2214.61578287
432.590586042 2214.61578287
433.185825877 2214.61578287
433.781065711 2214.61578287
434.376305546 2214.61578287
434.97154538 2214.61578287
435.566785215 2214.61578287
436.162025049 2214.61578287
436.757264884 2214.61578287
437.352504718 2214.61578287
437.947744553 2214.61578287
438.542984387 2214.61578287
439.138224222 2214.61578287
439.733464056 2214.61578287
440.328703891 2214.61578287
440.923943725 2214.61578287
441.51918356 2214.61578287
442.114423394 2214.61578287
442.709663228 2214.61578287
443.304903063 2214.61578287
443.900142897 2214.61578287
444.495382732 2214.61578287
445.090622566 2214.61578287
445.685862401 2214.61578287
446.281102235 2214.61578287
446.87634207 2214.61578287
447.471581904 2214.61578287
448.066821739 2214.61578287
448.662061573 2214.61578287
449.257301408 2214.61578287
449.852541242 2214.61578287
450.447781077 2214.61578287
451.043020911 2214.61578287
451.638260746 2214.61578287
452.23350058 2214.61578287
452.828740415 2214.61578287
453.423980249 2214.61578287
454.019220083 2214.61578287
454.614459918 2214.61578287
455.209699752 2214.61578287
455.804939587 2214.61578287
456.400179421 2214.61578287
456.995419256 2214.61578287
457.59065909 1971.81798174
458.185898925 1971.81798174
458.781138759 1971.81798174
459.376378594 1971.81798174
459.971618428 1971.81798174
460.566858263 1971.81798174
461.162098097 1971.81798174
461.757337932 1971.81798174
462.352577766 1971.81798174
462.947817601 1971.81798174
463.543057435 1971.81798174
464.138297269 1971.81798174
464.733537104 1971.81798174
465.328776938 1971.81798174
465.924016773 1971.81798174
466.519256607 1971.81798174
467.114496442 1971.81798174
467.709736276 1971.81798174
468.304976111 1971.81798174
468.900215945 1971.81798174
469.49545578 1971.81798174
470.090695614 1971.81798174
470.685935449 1971.81798174
471.281175283 1971.81798174
471.876415118 1971.81798174
472.471654952 1971.81798174
473.066894787 1971.81798174
473.662134621 1971.81798174
474.257374456 1971.81798174
474.85261429 1971.81798174
475.447854124 1971.81798174
476.043093959 1971.81798174
476.638333793 1971.81798174
477.233573628 1971.81798174
477.828813462 1971.81798174
478.424053297 1971.81798174
479.019293131 1971.81798174
479.614532966 1971.81798174
480.2097728 1971.81798174
480.805012635 1971.81798174
481.400252469 1971.81798174
481.995492304 1971.81798174
482.590732138 1971.81798174
483.185971973 1971.81798174
483.781211807 1971.81798174
484.376451642 1971.81798174
484.971691476 1971.81798174
485.56693131 1971.81798174
486.162171145 1971.81798174
486.757410979 1971.81798174
487.352650814 1971.81798174
487.947890648 1971.81798174
488.543130483 1971.81798174
489.138370317 1971.81798174
489.733610152 1971.81798174
490.328849986 1971.81798174
490.924089821 1971.81798174
491.519329655 1971.81798174
492.11456949 1971.81798174
492.709809324 1971.81798174
493.305049159 1971.81798174
493.900288993 1971.81798174
494.495528828 1971.81798174
495.090768662 1971.81798174
495.686008497 1971.81798174
496.281248331 1971.81798174
496.876488165 1971.81798174
497.471728 1971.81798174
498.066967834 1971.81798174
498.662207669 1971.81798174
499.257447503 1971.81798174
499.852687338 1971.81798174
500.447927172 1971.81798174
501.043167007 1971.81798174
501.638406841 1971.81798174
502.233646676 1971.81798174
502.82888651 1971.81798174
503.424126345 1971.81798174
504.019366179 1971.81798174
504.614606014 1971.81798174
505.209845848 1971.81798174
505.805085683 1971.81798174
506.400325517 1971.81798174
506.995565352 1971.81798174
507.590805186 1971.81798174
508.18604502 1971.81798174
508.781284855 1971.81798174
509.376524689 1971.81798174
509.971764524 1971.81798174
510.567004358 1971.81798174
511.162244193 1971.81798174
511.757484027 1971.81798174
512.352723862 1971.81798174
512.947963696 1971.81798174
513.543203531 1971.81798174
514.138443365 1971.81798174
514.7336832 1971.81798174
515.328923034 1971.81798174
515.924162869 1971.81798174
516.519402703 1971.81798174
517.114642538 1971.81798174
517.709882372 1971.81798174
518.305122206 1971.81798174
518.900362041 1971.81798174
519.495601875 1971.81798174
520.09084171 1971.81798174
520.686081544 1971.81798174
521.281321379 1971.81798174
521.876561213 1971.81798174
522.471801048 1971.81798174
523.067040882 1971.81798174
523.662280717 1971.81798174
524.257520551 1971.81798174
524.852760386 1971.81798174
525.44800022 1971.81798174
526.043240055 1971.81798174
526.638479889 1971.81798174
527.233719724 1971.81798174
527.828959558 1971.81798174
528.424199393 1971.81798174
529.019439227 1971.81798174
529.614679061 1971.81798174
530.209918896 1971.81798174
530.80515873 1971.81798174
531.400398565 1971.81798174
531.995638399 1971.81798174
532.590878234 1971.81798174
533.186118068 1971.81798174
533.781357903 1971.81798174
534.376597737 1971.81798174
534.971837572 1971.81798174
535.567077406 1971.81798174
536.162317241 1971.81798174
536.757557075 1971.81798174
537.35279691 1971.81798174
537.948036744 1971.81798174
538.543276579 1971.81798174
539.138516413 1971.81798174
539.733756248 1971.81798174
540.328996082 1971.81798174
540.924235916 1971.81798174
541.519475751 1971.81798174
542.114715585 1971.81798174
542.70995542 1971.81798174
543.305195254 1971.81798174
543.900435089 1971.81798174
544.495674923 1971.81798174
545.090914758 1971.81798174
545.686154592 1971.81798174
546.281394427 1971.81798174
546.876634261 1971.81798174
547.471874096 1971.81798174
548.06711393 1971.81798174
548.662353765 1971.81798174
549.257593599 1971.81798174
549.852833434 1971.81798174
550.448073268 1971.81798174
551.043313102 1971.81798174
551.638552937 1971.81798174
552.233792771 1971.81798174
552.829032606 1971.81798174
553.42427244 1971.81798174
554.019512275 1971.81798174
554.614752109 1971.81798174
555.209991944 1971.81798174
555.805231778 1971.81798174
556.400471613 1971.81798174
556.995711447 1971.81798174
557.590951282 1971.81798174
558.186191116 1971.81798174
558.781430951 1971.81798174
559.376670785 1971.81798174
559.97191062 1971.81798174
560.567150454 1971.81798174
561.162390289 1971.81798174
561.757630123 1971.81798174
562.352869957 1971.81798174
562.948109792 1971.81798174
563.543349626 1971.81798174
564.138589461 1971.81798174
564.733829295 1971.81798174
565.32906913 1971.81798174
565.924308964 1971.81798174
566.519548799 1971.81798174
567.114788633 1971.81798174
567.710028468 1971.81798174
568.305268302 1971.81798174
568.900508137 1971.81798174
569.495747971 1971.81798174
570.090987806 1971.81798174
570.68622764 1971.81798174
571.281467475 1971.81798174
571.876707309 1971.81798174
572.471947144 1971.81798174
573.067186978 1971.81798174
573.662426812 1971.81798174
574.257666647 1971.81798174
574.852906481 1971.81798174
575.448146316 1971.81798174
576.04338615 1971.81798174
576.638625985 1971.81798174
577.233865819 1971.81798174
577.829105654 1971.81798174
578.424345488 1971.81798174
579.019585323 1971.81798174
579.614825157 1971.81798174
580.210064992 1971.81798174
580.805304826 1971.81798174
581.400544661 1971.81798174
581.995784495 1971.81798174
582.59102433 1971.81798174
583.186264164 1971.81798174
583.781503998 1971.81798174
584.376743833 1971.81798174
584.971983667 1971.81798174
585.567223502 1971.81798174
586.162463336 1971.81798174
586.757703171 1971.81798174
587.352943005 1971.81798174
587.94818284 1971.81798174
588.543422674 1971.81798174
589.138662509 1971.81798174
589.733902343 1971.81798174
590.329142178 1971.81798174
590.924382012 1971.81798174
591.519621847 1971.81798174
592.114861681 1971.81798174
592.710101516 1971.81798174
593.30534135 1971.81798174
593.900581185 1971.81798174
594.495821019 1971.81798174
595.091060853 1971.81798174
595.686300688 1971.81798174
596.281540522 1971.81798174
596.876780357 1971.81798174
597.472020191 1971.81798174
598.067260026 1971.81798174
598.66249986 1971.81798174
599.257739695 1971.81798174
599.852979529 1971.81798174
600.448219364 1971.81798174
601.043459198 1971.81798174
601.638699033 1971.81798174
602.233938867 1971.81798174
602.829178702 1971.81798174
603.424418536 1971.81798174
604.019658371 1971.81798174
604.614898205 1971.81798174
605.21013804 1971.81798174
605.805377874 1971.81798174
606.400617708 1971.81798174
606.995857543 1971.81798174
607.591097377 1971.81798174
608.186337212 1971.81798174
608.781577046 1971.81798174
609.376816881 1971.81798174
609.972056715 2569.87382683
610.56729655 2569.87382683
611.162536384 2569.87382683
611.757776219 2569.87382683
612.353016053 2569.87382683
612.948255888 2569.87382683
613.543495722 2569.87382683
614.138735557 2569.87382683
614.733975391 2569.87382683
615.329215226 2569.87382683
615.92445506 2569.87382683
616.519694894 2569.87382683
617.114934729 2569.87382683
617.710174563 2569.87382683
618.305414398 2569.87382683
618.900654232 2569.87382683
619.495894067 2569.87382683
620.091133901 2569.87382683
620.686373736 2569.87382683
621.28161357 2569.87382683
621.876853405 2569.87382683
622.472093239 2569.87382683
623.067333074 2569.87382683
623.662572908 2569.87382683
624.257812743 2569.87382683
624.853052577 2569.87382683
625.448292412 2569.87382683
626.043532246 2569.87382683
626.638772081 2569.87382683
627.234011915 2569.87382683
627.829251749 2569.87382683
628.424491584 2569.87382683
629.019731418 2569.87382683
629.614971253 2569.87382683
630.210211087 2569.87382683
630.805450922 2569.87382683
631.400690756 2569.87382683
631.995930591 2569.87382683
632.591170425 2569.87382683
633.18641026 2569.87382683
633.781650094 2569.87382683
634.376889929 2569.87382683
634.972129763 2569.87382683
635.567369598 2569.87382683
636.162609432 2569.87382683
636.757849267 2569.87382683
637.353089101 2569.87382683
637.948328935 2569.87382683
638.54356877 2569.87382683
639.138808604 2569.87382683
639.734048439 2569.87382683
640.329288273 2569.87382683
640.924528108 2569.87382683
641.519767942 2569.87382683
642.115007777 2569.87382683
642.710247611 2569.87382683
643.305487446 2569.87382683
643.90072728 2569.87382683
644.495967115 2569.87382683
645.091206949 2569.87382683
645.686446784 2569.87382683
646.281686618 2569.87382683
646.876926453 2569.87382683
647.472166287 2569.87382683
648.067406122 2569.87382683
648.662645956 2569.87382683
649.25788579 2569.87382683
649.853125625 2569.87382683
650.448365459 2569.87382683
651.043605294 2569.87382683
651.638845128 2569.87382683
652.234084963 2569.87382683
652.829324797 2569.87382683
653.424564632 2569.87382683
654.019804466 2569.87382683
654.615044301 2569.87382683
655.210284135 2569.87382683
655.80552397 2569.87382683
656.400763804 2569.87382683
656.996003639 2569.87382683
657.591243473 2569.87382683
658.186483308 2569.87382683
658.781723142 2569.87382683
659.376962977 2569.87382683
659.972202811 2569.87382683
660.567442645 2569.87382683
661.16268248 2569.87382683
661.757922314 2569.87382683
662.353162149 2569.87382683
662.948401983 2569.87382683
663.543641818 2569.87382683
664.138881652 2569.87382683
664.734121487 2569.87382683
665.329361321 2569.87382683
665.924601156 2569.87382683
666.51984099 2569.87382683
667.115080825 2569.87382683
667.710320659 2569.87382683
668.305560494 2569.87382683
668.900800328 2569.87382683
669.496040163 2569.87382683
670.091279997 2569.87382683
670.686519831 2569.87382683
671.281759666 2569.87382683
671.8769995 2569.87382683
672.472239335 2569.87382683
673.067479169 2569.87382683
673.662719004 2569.87382683
674.257958838 2569.87382683
674.853198673 2569.87382683
675.448438507 2569.87382683
676.043678342 2569.87382683
676.638918176 2569.87382683
677.234158011 2569.87382683
677.829397845 2569.87382683
678.42463768 2569.87382683
679.019877514 2569.87382683
679.615117349 2569.87382683
680.210357183 2569.87382683
680.805597018 2569.87382683
681.400836852 2569.87382683
681.996076686 2569.87382683
682.591316521 2569.87382683
683.186556355 2569.87382683
683.78179619 2569.87382683
684.377036024 2569.87382683
684.972275859 2569.87382683
685.567515693 2569.87382683
686.162755528 2162.03627671
686.757995362 2162.03627671
687.353235197 2162.03627671
687.948475031 2162.03627671
688.543714866 2162.03627671
689.1389547 2162.03627671
689.734194535 2162.03627671
690.329434369 2162.03627671
690.924674204 2162.03627671
691.519914038 2162.03627671
692.115153873 2162.03627671
692.710393707 2162.03627671
693.305633541 2162.03627671
693.900873376 2162.03627671
694.49611321 2162.03627671
695.091353045 2162.03627671
695.686592879 2162.03627671
696.281832714 2162.03627671
696.877072548 2162.03627671
697.472312383 2162.03627671
698.067552217 2162.03627671
698.662792052 2162.03627671
699.258031886 2162.03627671
699.853271721 2162.03627671
700.448511555 2162.03627671
701.04375139 2162.03627671
701.638991224 2162.03627671
702.234231059 2162.03627671
702.829470893 2162.03627671
703.424710727 2162.03627671
704.019950562 2162.03627671
704.615190396 2162.03627671
705.210430231 2977.71137695
705.805670065 2977.71137695
706.4009099 2977.71137695
706.996149734 2977.71137695
707.591389569 2977.71137695
708.186629403 2977.71137695
708.781869238 2977.71137695
709.377109072 2977.71137695
709.972348907 2977.71137695
710.567588741 2977.71137695
711.162828576 2977.71137695
711.75806841 2977.71137695
712.353308245 2977.71137695
712.948548079 2977.71137695
713.543787914 2977.71137695
714.139027748 2977.71137695
714.734267582 2977.71137695
715.329507417 2977.71137695
715.924747251 2977.71137695
716.519987086 2977.71137695
717.11522692 2977.71137695
717.710466755 2977.71137695
718.305706589 2977.71137695
718.900946424 2977.71137695
719.496186258 2977.71137695
720.091426093 2977.71137695
720.686665927 2977.71137695
721.281905762 2977.71137695
721.877145596 2977.71137695
722.472385431 2977.71137695
723.067625265 2977.71137695
723.6628651 2977.71137695
724.258104934 2569.87382683
724.853344769 2569.87382683
725.448584603 2569.87382683
726.043824437 2569.87382683
726.639064272 2569.87382683
727.234304106 2569.87382683
727.829543941 2569.87382683
728.424783775 2569.87382683
729.02002361 2569.87382683
729.615263444 2569.87382683
730.210503279 2569.87382683
730.805743113 2569.87382683
731.400982948 2569.87382683
731.996222782 2569.87382683
732.591462617 2569.87382683
733.186702451 2569.87382683
733.781942286 2569.87382683
734.37718212 2569.87382683
734.972421955 2569.87382683
735.567661789 2569.87382683
736.162901623 2569.87382683
736.758141458 2569.87382683
737.353381292 2569.87382683
737.948621127 2569.87382683
738.543860961 2569.87382683
739.139100796 2569.87382683
739.73434063 2569.87382683
740.329580465 2569.87382683
740.924820299 2569.87382683
741.520060134 2569.87382683
742.115299968 2569.87382683
742.710539803 2569.87382683
743.305779637 2569.87382683
743.901019472 2569.87382683
744.496259306 2569.87382683
745.091499141 2569.87382683
745.686738975 2569.87382683
746.28197881 2569.87382683
746.877218644 2569.87382683
747.472458478 2569.87382683
748.067698313 2569.87382683
748.662938147 2569.87382683
749.258177982 2569.87382683
749.853417816 2569.87382683
750.448657651 2569.87382683
751.043897485 2569.87382683
751.63913732 2569.87382683
752.234377154 2569.87382683
752.829616989 2569.87382683
753.424856823 2569.87382683
754.020096658 2569.87382683
754.615336492 2569.87382683
755.210576327 2569.87382683
755.805816161 2569.87382683
756.401055996 2569.87382683
756.99629583 2569.87382683
757.591535665 2569.87382683
758.186775499 2569.87382683
758.782015333 2569.87382683
759.377255168 2569.87382683
759.972495002 2569.87382683
760.567734837 2569.87382683
761.162974671 2569.87382683
761.758214506 2569.87382683
762.35345434 2362.95174367
762.948694175 2362.95174367
763.543934009 2362.95174367
764.139173844 2362.95174367
764.734413678 2362.95174367
765.329653513 2362.95174367
765.924893347 2362.95174367
766.520133182 2362.95174367
767.115373016 2362.95174367
767.710612851 2362.95174367
768.305852685 2362.95174367
768.901092519 2362.95174367
769.496332354 2362.95174367
770.091572188 2362.95174367
770.686812023 2362.95174367
771.282051857 2362.95174367
771.877291692 2362.95174367
772.472531526 2362.95174367
773.067771361 2362.95174367
773.663011195 2362.95174367
774.25825103 2362.95174367
774.853490864 2362.95174367
775.448730699 2362.95174367
776.043970533 2362.95174367
776.639210368 2362.95174367
777.234450202 2362.95174367
777.829690037 2362.95174367
778.424929871 2362.95174367
779.020169706 2362.95174367
779.61540954 2362.95174367
780.210649374 2362.95174367
780.805889209 2362.95174367
781.401129043 2362.95174367
781.996368878 2362.95174367
782.591608712 2362.95174367
783.186848547 2362.95174367
783.782088381 2362.95174367
784.377328216 2362.95174367
784.97256805 2362.95174367
785.567807885 2362.95174367
786.163047719 2362.95174367
786.758287554 2362.95174367
787.353527388 2362.95174367
787.948767223 2362.95174367
788.544007057 2362.95174367
789.139246892 2362.95174367
789.734486726 2362.95174367
790.32972656 2362.95174367
790.924966395 2362.95174367
791.520206229 2362.95174367
792.115446064 2362.95174367
792.710685898 2362.95174367
793.305925733 2362.95174367
793.901165567 2362.95174367
794.496405402 2362.95174367
795.091645236 2362.95174367
795.686885071 2362.95174367
796.282124905 2362.95174367
796.87736474 2362.95174367
797.472604574 2362.95174367
798.067844409 2362.95174367
798.663084243 2362.95174367
799.258324078 2362.95174367
799.853563912 2362.95174367
800.448803747 2362.95174367
801.044043581 2362.95174367
801.639283415 2362.95174367
802.23452325 2362.95174367
802.829763084 2362.95174367
803.425002919 2362.95174367
804.020242753 2362.95174367
804.615482588 2362.95174367
805.210722422 2362.95174367
805.805962257 2362.95174367
806.401202091 2362.95174367
806.996441926 2362.95174367
807.59168176 2362.95174367
808.186921595 2362.95174367
808.782161429 2362.95174367
809.377401264 2362.95174367
809.972641098 2362.95174367
810.567880933 2362.95174367
811.163120767 2362.95174367
811.758360602 2362.95174367
812.353600436 2362.95174367
812.94884027 2362.95174367
813.544080105 2362.95174367
814.139319939 2362.95174367
814.734559774 2362.95174367
815.329799608 2362.95174367
815.925039443 2362.95174367
816.520279277 2362.95174367
817.115519112 2362.95174367
817.710758946 2362.95174367
818.305998781 2362.95174367
818.901238615 2362.95174367
819.49647845 2362.95174367
820.091718284 2362.95174367
820.686958119 2362.95174367
821.282197953 2362.95174367
821.877437788 2362.95174367
822.472677622 2362.95174367
823.067917456 2362.95174367
823.663157291 2362.95174367
824.258397125 2362.95174367
824.85363696 2362.95174367
825.448876794 2362.95174367
826.044116629 2362.95174367
826.639356463 2362.95174367
827.234596298 2362.95174367
827.829836132 2362.95174367
828.425075967 2362.95174367
829.020315801 2362.95174367
829.615555636 2362.95174367
830.21079547 2362.95174367
830.806035305 2362.95174367
831.401275139 2362.95174367
831.996514974 2362.95174367
832.591754808 2362.95174367
833.186994643 2362.95174367
833.782234477 2362.95174367
834.377474311 2362.95174367
834.972714146 2362.95174367
835.56795398 2362.95174367
836.163193815 2362.95174367
836.758433649 2362.95174367
837.353673484 2362.95174367
837.948913318 2362.95174367
838.544153153 2776.79590998
839.139392987 2776.79590998
839.734632822 2776.79590998
840.329872656 2776.79590998
840.925112491 2776.79590998
841.520352325 2776.79590998
842.11559216 2776.79590998
842.710831994 2776.79590998
843.306071829 2776.79590998
843.901311663 2776.79590998
844.496551498 2776.79590998
845.091791332 2776.79590998
845.687031166 2776.79590998
846.282271001 2776.79590998
846.877510835 2776.79590998
847.47275067 2776.79590998
848.067990504 2776.79590998
848.663230339 2776.79590998
849.258470173 2776.79590998
849.853710008 2776.79590998
850.448949842 2776.79590998
851.044189677 2776.79590998
851.639429511 2776.79590998
852.234669346 2776.79590998
852.82990918 2776.79590998
853.425149015 2776.79590998
854.020388849 2776.79590998
854.615628684 2776.79590998
855.210868518 2776.79590998
855.806108352 2776.79590998
856.401348187 2776.79590998
856.996588021 2776.79590998
857.591827856 2776.79590998
858.18706769 2776.79590998
858.782307525 2776.79590998
859.377547359 2776.79590998
859.972787194 2776.79590998
860.568027028 2776.79590998
861.163266863 2776.79590998
861.758506697 2776.79590998
862.353746532 2776.79590998
862.948986366 2776.79590998
863.544226201 2776.79590998
864.139466035 2776.79590998
864.73470587 2776.79590998
865.329945704 2776.79590998
865.925185539 2776.79590998
866.520425373 2776.79590998
867.115665207 2776.79590998
867.710905042 2776.79590998
868.306144876 2776.79590998
868.901384711 2776.79590998
869.496624545 2776.79590998
870.09186438 2776.79590998
870.687104214 2776.79590998
871.282344049 2776.79590998
871.877583883 2776.79590998
872.472823718 2776.79590998
873.068063552 2776.79590998
873.663303387 2776.79590998
874.258543221 2776.79590998
874.853783056 2776.79590998
875.44902289 2776.79590998
876.044262725 2776.79590998
876.639502559 2776.79590998
877.234742394 2776.79590998
877.829982228 2776.79590998
878.425222062 2776.79590998
879.020461897 2776.79590998
879.615701731 2776.79590998
880.210941566 2776.79590998
880.8061814 2776.79590998
881.401421235 2776.79590998
881.996661069 2776.79590998
882.591900904 2776.79590998
883.187140738 2776.79590998
883.782380573 2776.79590998
884.377620407 2776.79590998
884.972860242 2776.79590998
885.568100076 2776.79590998
886.163339911 2776.79590998
886.758579745 2776.79590998
887.35381958 2776.79590998
887.949059414 2776.79590998
888.544299248 2776.79590998
889.139539083 2776.79590998
889.734778917 2776.79590998
890.330018752 2776.79590998
890.925258586 2776.79590998
891.520498421 2776.79590998
892.115738255 2776.79590998
892.71097809 2776.79590998
893.306217924 2776.79590998
893.901457759 2776.79590998
894.496697593 2776.79590998
895.091937428 2776.79590998
895.687177262 2776.79590998
896.282417097 2776.79590998
896.877656931 2776.79590998
897.472896766 2776.79590998
898.0681366 2776.79590998
898.663376435 2776.79590998
899.258616269 2776.79590998
899.853856103 2776.79590998
900.449095938 2776.79590998
901.044335772 2776.79590998
901.639575607 2776.79590998
902.234815441 2776.79590998
902.830055276 2776.79590998
903.42529511 2776.79590998
904.020534945 2776.79590998
904.615774779 2776.79590998
905.211014614 2776.79590998
905.806254448 2776.79590998
906.401494283 2776.79590998
906.996734117 2776.79590998
907.591973952 2776.79590998
908.187213786 2776.79590998
908.782453621 2776.79590998
909.377693455 2776.79590998
909.97293329 2776.79590998
910.568173124 2776.79590998
911.163412958 2776.79590998
911.758652793 2776.79590998
912.353892627 2776.79590998
912.949132462 2776.79590998
913.544372296 2776.79590998
914.139612131 2776.79590998
914.734851965 2632.22051268
915.3300918 2632.22051268
915.925331634 2632.22051268
916.520571469 2632.22051268
917.115811303 2632.22051268
917.711051138 2632.22051268
918.306290972 2632.22051268
918.901530807 2632.22051268
919.496770641 2632.22051268
920.092010476 2632.22051268
920.68725031 2632.22051268
921.282490144 2632.22051268
921.877729979 2632.22051268
922.472969813 2632.22051268
923.068209648 2632.22051268
923.663449482 2632.22051268
924.258689317 2632.22051268
924.853929151 2632.22051268
925.449168986 2632.22051268
926.04440882 2632.22051268
926.639648655 2632.22051268
927.234888489 2632.22051268
927.830128324 2632.22051268
928.425368158 2632.22051268
929.020607993 2632.22051268
929.615847827 2632.22051268
930.211087662 2632.22051268
930.806327496 2632.22051268
931.401567331 2632.22051268
931.996807165 2632.22051268
932.592046999 2632.22051268
933.187286834 2632.22051268
933.782526668 2632.22051268
934.377766503 2632.22051268
934.973006337 2632.22051268
935.568246172 2632.22051268
936.163486006 2632.22051268
936.758725841 2632.22051268
937.353965675 2632.22051268
937.94920551 2632.22051268
938.544445344 2632.22051268
939.139685179 2632.22051268
939.734925013 2632.22051268
940.330164848 2632.22051268
940.925404682 2632.22051268
941.520644517 2632.22051268
942.115884351 2632.22051268
942.711124185 2632.22051268
943.30636402 2632.22051268
943.901603854 2632.22051268
944.496843689 2632.22051268
945.092083523 2632.22051268
945.687323358 2632.22051268
946.282563192 2632.22051268
946.877803027 2632.22051268
947.473042861 2632.22051268
948.068282696 2632.22051268
948.66352253 2632.22051268
949.258762365 2632.22051268
949.854002199 2632.22051268
950.449242034 2632.22051268
951.044481868 2632.22051268
951.639721703 2632.22051268
952.234961537 2632.22051268
952.830201372 2632.22051268
953.425441206 2632.22051268
954.02068104 2632.22051268
954.615920875 2632.22051268
955.211160709 2632.22051268
955.806400544 2632.22051268
956.401640378 2632.22051268
956.996880213 2632.22051268
957.592120047 2632.22051268
958.187359882 2632.22051268
958.782599716 2632.22051268
959.377839551 2632.22051268
959.973079385 2632.22051268
960.56831922 2632.22051268
961.163559054 2632.22051268
961.758798889 2632.22051268
962.354038723 2632.22051268
962.949278558 2632.22051268
963.544518392 2632.22051268
964.139758227 2632.22051268
964.734998061 2632.22051268
965.330237895 2632.22051268
965.92547773 2632.22051268
966.520717564 2632.22051268
967.115957399 2632.22051268
967.711197233 2632.22051268
968.306437068 2632.22051268
968.901676902 2632.22051268
969.496916737 2632.22051268
970.092156571 2632.22051268
970.687396406 2632.22051268
971.28263624 2632.22051268
971.877876075 2632.22051268
972.473115909 2632.22051268
973.068355744 2632.22051268
973.663595578 2632.22051268
974.258835413 2632.22051268
974.854075247 2632.22051268
975.449315081 2632.22051268
976.044554916 2632.22051268
976.63979475 2632.22051268
977.235034585 2632.22051268
977.830274419 2632.22051268
978.425514254 2632.22051268
979.020754088 2632.22051268
979.615993923 2632.22051268
980.211233757 2632.22051268
980.806473592 2632.22051268
981.401713426 2632.22051268
981.996953261 2632.22051268
982.592193095 2632.22051268
983.18743293 2632.22051268
983.782672764 2632.22051268
984.377912599 2632.22051268
984.973152433 2632.22051268
985.568392268 2632.22051268
986.163632102 2632.22051268
986.758871936 2632.22051268
987.354111771 2632.22051268
987.949351605 2632.22051268
988.54459144 2632.22051268
989.139831274 2632.22051268
989.735071109 2632.22051268
990.330310943 2632.22051268
990.925550778 2632.22051268
991.520790612 2632.22051268
992.116030447 2632.22051268
992.711270281 2632.22051268
993.306510116 2632.22051268
993.90174995 2632.22051268
994.496989785 2632.22051268
995.092229619 2632.22051268
995.687469454 2632.22051268
996.282709288 2632.22051268
996.877949123 2632.22051268
997.473188957 2632.22051268
998.068428791 2632.22051268
998.663668626 2632.22051268
999.25890846 2632.22051268
999.854148295 2632.22051268
1000.44938813 2632.22051268
1001.04462796 2632.22051268
1001.6398678 2632.22051268
1002.23510763 2632.22051268
1002.83034747 2632.22051268
1003.4255873 2632.22051268
1004.02082714 2632.22051268
1004.61606697 2632.22051268
1005.21130681 2632.22051268
1005.80654664 2632.22051268
1006.40178647 2632.22051268
1006.99702631 2632.22051268
1007.59226614 2632.22051268
1008.18750598 2632.22051268
1008.78274581 2632.22051268
1009.37798565 2632.22051268
1009.97322548 2632.22051268
1010.56846532 2632.22051268
1011.16370515 2632.22051268
1011.75894498 2632.22051268
1012.35418482 2632.22051268
1012.94942465 2632.22051268
1013.54466449 2632.22051268
1014.13990432 2632.22051268
1014.73514416 2632.22051268
1015.33038399 2632.22051268
1015.92562383 2632.22051268
1016.52086366 2632.22051268
1017.11610349 2632.22051268
1017.71134333 2632.22051268
1018.30658316 2632.22051268
1018.901823 2632.22051268
1019.49706283 2632.22051268
1020.09230267 2632.22051268
1020.6875425 2632.22051268
1021.28278234 2632.22051268
1021.87802217 2632.22051268
1022.473262 2632.22051268
1023.06850184 2632.22051268
1023.66374167 2632.22051268
1024.25898151 2632.22051268
1024.85422134 2632.22051268
1025.44946118 2632.22051268
1026.04470101 2632.22051268
1026.63994085 2632.22051268
1027.23518068 2632.22051268
1027.83042052 2632.22051268
1028.42566035 2632.22051268
1029.02090018 2632.22051268
1029.61614002 2632.22051268
1030.21137985 2632.22051268
1030.80661969 2632.22051268
1031.40185952 2632.22051268
1031.99709936 2632.22051268
1032.59233919 2632.22051268
1033.18757903 2632.22051268
1033.78281886 2632.22051268
1034.37805869 2632.22051268
1034.97329853 2632.22051268
1035.56853836 2632.22051268
1036.1637782 2632.22051268
1036.75901803 2632.22051268
1037.35425787 2632.22051268
1037.9494977 2632.22051268
1038.54473754 2632.22051268
1039.13997737 2632.22051268
1039.7352172 2632.22051268
1040.33045704 2632.22051268
1040.92569687 2632.22051268
1041.52093671 2632.22051268
1042.11617654 2632.22051268
1042.71141638 2632.22051268
1043.30665621 2632.22051268
1043.90189605 2632.22051268
1044.49713588 2632.22051268
1045.09237571 2632.22051268
1045.68761555 2632.22051268
1046.28285538 2632.22051268
1046.87809522 2632.22051268
1047.47333505 2632.22051268
1048.06857489 2632.22051268
1048.66381472 2632.22051268
1049.25905456 2632.22051268
1049.85429439 2632.22051268
1050.44953423 2632.22051268
1051.04477406 2632.22051268
1051.64001389 2632.22051268
1052.23525373 2632.22051268
1052.83049356 2632.22051268
1053.4257334 2632.22051268
1054.02097323 2632.22051268
1054.61621307 2632.22051268
1055.2114529 2632.22051268
1055.80669274 2632.22051268
1056.40193257 2632.22051268
1056.9971724 2632.22051268
1057.59241224 2632.22051268
1058.18765207 2632.22051268
1058.78289191 2632.22051268
1059.37813174 2632.22051268
1059.97337158 2632.22051268
1060.56861141 2632.22051268
1061.16385125 2632.22051268
1061.75909108 2632.22051268
1062.35433091 2632.22051268
1062.94957075 2632.22051268
1063.54481058 2632.22051268
1064.14005042 2632.22051268
1064.73529025 2632.22051268
1065.33053009 2632.22051268
1065.92576992 2632.22051268
1066.52100976 2632.22051268
1067.11624959 2418.45737156
1067.71148942 2418.45737156
1068.30672926 2418.45737156
1068.90196909 2418.45737156
1069.49720893 2418.45737156
1070.09244876 2418.45737156
1070.6876886 2418.45737156
1071.28292843 2418.45737156
1071.87816827 2418.45737156
1072.4734081 2418.45737156
1073.06864794 2418.45737156
1073.66388777 2418.45737156
1074.2591276 2418.45737156
1074.85436744 2418.45737156
1075.44960727 2418.45737156
1076.04484711 2418.45737156
1076.64008694 2418.45737156
1077.23532678 2418.45737156
1077.83056661 2418.45737156
1078.42580645 2418.45737156
1079.02104628 2418.45737156
1079.61628611 2418.45737156
1080.21152595 2418.45737156
1080.80676578 2418.45737156
1081.40200562 2418.45737156
1081.99724545 2418.45737156
1082.59248529 2418.45737156
1083.18772512 2418.45737156
1083.78296496 2418.45737156
1084.37820479 2418.45737156
1084.97344462 2418.45737156
1085.56868446 2418.45737156
1086.16392429 2418.45737156
1086.75916413 2418.45737156
1087.35440396 2418.45737156
1087.9496438 2418.45737156
1088.54488363 2418.45737156
1089.14012347 2418.45737156
1089.7353633 2418.45737156
1090.33060313 2418.45737156
1090.92584297 2418.45737156
1091.5210828 2418.45737156
1092.11632264 2418.45737156
1092.71156247 2418.45737156
1093.30680231 2418.45737156
1093.90204214 2418.45737156
1094.49728198 2418.45737156
1095.09252181 2418.45737156
1095.68776164 2418.45737156
1096.28300148 2418.45737156
1096.87824131 2418.45737156
1097.47348115 2418.45737156
1098.06872098 2418.45737156
1098.66396082 2418.45737156
1099.25920065 2418.45737156
1099.85444049 2418.45737156
1100.44968032 2418.45737156
1101.04492016 2418.45737156
1101.64015999 2418.45737156
1102.23539982 2418.45737156
1102.83063966 2418.45737156
1103.42587949 2418.45737156
1104.02111933 2418.45737156
1104.61635916 2418.45737156
1105.211599 2418.45737156
1105.80683883 2418.45737156
1106.40207867 2418.45737156
1106.9973185 2418.45737156
1107.59255833 2418.45737156
1108.18779817 2418.45737156
1108.783038 2418.45737156
1109.37827784 2418.45737156
1109.97351767 2418.45737156
1110.56875751 2418.45737156
1111.16399734 2418.45737156
1111.75923718 2418.45737156
1112.35447701 2418.45737156
1112.94971684 2418.45737156
1113.54495668 2418.45737156
1114.14019651 2418.45737156
1114.73543635 2418.45737156
1115.33067618 2418.45737156
1115.92591602 2418.45737156
1116.52115585 2418.45737156
1117.11639569 2418.45737156
1117.71163552 2418.45737156
1118.30687535 2418.45737156
1118.90211519 2418.45737156
1119.49735502 2418.45737156
1120.09259486 2418.45737156
1120.68783469 2418.45737156
1121.28307453 2418.45737156
1121.87831436 2418.45737156
1122.4735542 2418.45737156
1123.06879403 2418.45737156
1123.66403387 2418.45737156
1124.2592737 2418.45737156
1124.85451353 2418.45737156
1125.44975337 2418.45737156
1126.0449932 2418.45737156
1126.64023304 2418.45737156
1127.23547287 2418.45737156
1127.83071271 2418.45737156
1128.42595254 2418.45737156
1129.02119238 2418.45737156
1129.61643221 2418.45737156
1130.21167204 2418.45737156
1130.80691188 2418.45737156
1131.40215171 2418.45737156
1131.99739155 2418.45737156
1132.59263138 2418.45737156
1133.18787122 2418.45737156
1133.78311105 2418.45737156
1134.37835089 2418.45737156
1134.97359072 2418.45737156
1135.56883055 2418.45737156
1136.16407039 2418.45737156
1136.75931022 2418.45737156
1137.35455006 2418.45737156
1137.94978989 2418.45737156
1138.54502973 2418.45737156
1139.14026956 2418.45737156
1139.7355094 2418.45737156
1140.33074923 2418.45737156
1140.92598906 2418.45737156
1141.5212289 2418.45737156
1142.11646873 2418.45737156
1142.71170857 2418.45737156
1143.3069484 2418.45737156
1143.90218824 2418.45737156
1144.49742807 2418.45737156
1145.09266791 2418.45737156
1145.68790774 2418.45737156
1146.28314758 2418.45737156
1146.87838741 2418.45737156
1147.47362724 2418.45737156
1148.06886708 2418.45737156
1148.66410691 2418.45737156
1149.25934675 2418.45737156
1149.85458658 2418.45737156
1150.44982642 2418.45737156
1151.04506625 2418.45737156
1151.64030609 2418.45737156
1152.23554592 2418.45737156
1152.83078575 2418.45737156
1153.42602559 2418.45737156
1154.02126542 2418.45737156
1154.61650526 2418.45737156
1155.21174509 2418.45737156
1155.80698493 2418.45737156
1156.40222476 2418.45737156
1156.9974646 2418.45737156
1157.59270443 2418.45737156
1158.18794426 2418.45737156
1158.7831841 2418.45737156
1159.37842393 2418.45737156
1159.97366377 2418.45737156
1160.5689036 2418.45737156
1161.16414344 2418.45737156
1161.75938327 2418.45737156
1162.35462311 2418.45737156
1162.94986294 2418.45737156
1163.54510277 2418.45737156
1164.14034261 2418.45737156
1164.73558244 2418.45737156
1165.33082228 2418.45737156
1165.92606211 2418.45737156
1166.52130195 2418.45737156
1167.11654178 2418.45737156
1167.71178162 2418.45737156
1168.30702145 2418.45737156
1168.90226129 2418.45737156
1169.49750112 2418.45737156
1170.09274095 2418.45737156
1170.68798079 2418.45737156
1171.28322062 2418.45737156
1171.87846046 2418.45737156
1172.47370029 2418.45737156
1173.06894013 2418.45737156
1173.66417996 2418.45737156
1174.2594198 2418.45737156
1174.85465963 2418.45737156
1175.44989946 2418.45737156
1176.0451393 2418.45737156
1176.64037913 2418.45737156
1177.23561897 2418.45737156
1177.8308588 2418.45737156
1178.42609864 2418.45737156
1179.02133847 2418.45737156
1179.61657831 2418.45737156
1180.21181814 2418.45737156
1180.80705797 2418.45737156
1181.40229781 2418.45737156
1181.99753764 2418.45737156
1182.59277748 2418.45737156
1183.18801731 2418.45737156
1183.78325715 2418.45737156
1184.37849698 2418.45737156
1184.97373682 2418.45737156
1185.56897665 2418.45737156
1186.16421648 2418.45737156
1186.75945632 2418.45737156
1187.35469615 2418.45737156
1187.94993599 2418.45737156
1188.54517582 2418.45737156
1189.14041566 2418.45737156
1189.73565549 2418.45737156
1190.33089533 2418.45737156
1190.92613516 2418.45737156
1191.521375 2418.45737156
1192.11661483 2418.45737156
1192.71185466 2418.45737156
1193.3070945 2418.45737156
1193.90233433 2418.45737156
1194.49757417 2418.45737156
1195.092814 2418.45737156
1195.68805384 2418.45737156
1196.28329367 2418.45737156
1196.87853351 2418.45737156
1197.47377334 2418.45737156
1198.06901317 2418.45737156
1198.66425301 2418.45737156
1199.25949284 2418.45737156
1199.85473268 2418.45737156
1200.44997251 2418.45737156
1201.04521235 2418.45737156
1201.64045218 2418.45737156
1202.23569202 2418.45737156
1202.83093185 2418.45737156
1203.42617168 2418.45737156
1204.02141152 2418.45737156
1204.61665135 2418.45737156
1205.21189119 2418.45737156
1205.80713102 2418.45737156
1206.40237086 2418.45737156
1206.99761069 2418.45737156
1207.59285053 2418.45737156
1208.18809036 2418.45737156
1208.78333019 2418.45737156
1209.37857003 2418.45737156
1209.97380986 2418.45737156
1210.5690497 2418.45737156
1211.16428953 2418.45737156
1211.75952937 2418.45737156
1212.3547692 2418.45737156
1212.95000904 2418.45737156
1213.54524887 2418.45737156
1214.14048871 2418.45737156
1214.73572854 2418.45737156
1215.33096837 2418.45737156
1215.92620821 2418.45737156
1216.52144804 2418.45737156
1217.11668788 2418.45737156
1217.71192771 2418.45737156
1218.30716755 2418.45737156
1218.90240738 2418.45737156
