2 2 2
3 2 0
4 2 1
4 1 4
6 2 6
6 0 5
11 1 10
12 2 12
13 0 12
14 2 13
14 0 12
15 2 9
16 0 15
17 0 13
20 1 17
21 2 21
25 2 22
25 0 24
26 0 23
27 2 16
27 0 23
29 0 29
34 1 30
35 0 35
37 0 37
40 0 40
42 0 41
43 0 43
53 0 50
55 0 54
56 0 56
61 0 60
62 0 62
63 0 61
66 2 55
69 2 53
72 2 55
75 2 53
76 2 54
79 2 79
82 1 82
87 2 87
88 2 86
90 1 87
91 1 87
93 1 87
95 2 79
98 1 87
100 2 100
104 2 97
113 2 104
116 1 85
122 1 122
125 1 124
126 1 122
133 1 129
136 2 131
137 2 133
137 1 137
139 2 131
140 1 138
141 2 130
151 0 151
167 2 129
170 0 167
172 0 167
177 2 132
178 2 133
184 2 131
190 2 131
193 2 130
194 2 148
201 0 170
204 2 141
204 0 171
205 0 174
208 2 132
233 2 216
236 1 234
238 2 215
238 1 238
239 1 234
247 2 216
248 2 216
251 1 238
254 2 223
255 2 223
258 2 223
260 2 223
263 2 216
264 2 216
268 1 264
269 2 215
273 2 223
278 2 132
279 2 216
279 1 238
288 2 216
294 2 216
313 2 131
314 2 215
319 1 318
327 1 326
328 1 319
335 2 216
338 2 223
346 2 216
348 2 215
351 1 323
356 2 215
357 1 323
360 2 215
361 1 265
362 1 315
368 2 216
368 1 330
370 1 269
371 1 335
372 2 216
373 1 323
374 2 140
375 2 223
379 2 215
379 1 323
381 2 142
388 2 215
388 1 325
391 1 323
394 2 216
396 1 320
398 2 223
399 2 223
399 1 325
402 1 323
404 2 215
404 1 334
406 1 372
407 2 223
407 1 265
411 2 223
411 1 273
412 2 215
416 1 406
418 1 329
420 2 215
426 2 215
430 1 317
432 2 215
433 1 322
438 1 317
443 2 129
445 2 133
453 2 223
457 2 134
459 1 426
460 2 223
463 2 216
473 2 223
480 2 223
483 1 283
486 1 322
492 2 130
496 1 324
497 2 215
501 2 215
527 2 524
544 2 223
547 2 545
562 2 544
570 2 548
571 2 549
573 2 546
579 2 528
581 2 570
584 1 583
593 1 584
594 1 586
600 2 567
601 2 566
602 1 594
608 1 607
609 1 584
622 1 617
624 1 606
625 2 578
625 1 604
626 1 603
627 2 567
635 1 616
636 1 617
640 1 582
641 1 633
645 2 569
645 1 624
646 1 602
647 2 646
649 2 649
651 2 564
651 1 643
657 2 567
657 1 641
678 1 604
680 2 544
683 2 659
684 2 646
684 1 636
687 1 641
689 1 670
691 2 665
694 2 591
695 2 569
699 1 606
708 2 569
709 1 665
710 2 646
710 1 664
711 2 703
714 1 641
721 1 631
722 1 605
724 1 640
725 2 546
729 2 569
734 1 603
735 1 635
739 1 667
745 2 565
745 1 585
746 1 663
747 1 647
752 1 748
759 2 566
761 1 759
765 1 604
769 1 664
785 1 768
788 2 569
791 1 788
795 1 788
796 2 651
799 1 748
808 2 702
809 1 643
811 1 710
813 2 565
814 1 788
821 2 739
821 1 758
822 1 818
824 2 549
825 2 702
826 2 693
827 1 783
831 2 704
832 2 693
834 2 565
835 1 605
836 1 785
838 1 617
839 1 765
840 2 691
841 1 783
842 2 598
843 2 647
848 1 813
849 2 700
849 1 710
851 1 754
852 2 646
852 1 603
853 2 603
855 2 569
857 1 770
860 1 724
863 2 692
865 1 837
869 1 770
870 2 649
870 1 654
876 1 787
881 1 604
882 2 564
884 1 604
890 1 769
891 2 656
895 1 813
896 2 568
896 1 601
897 1 769
901 1 812
908 2 547
910 2 706
911 1 748
914 1 667
916 1 764
922 1 813
923 2 665
923 1 817
926 1 779
927 2 705
929 1 837
939 1 837
940 2 549
941 2 705
946 2 704
957 2 697
961 2 692
968 2 706
970 2 565
974 2 763
977 2 742
984 2 693
985 1 982
986 1 982
987 2 693
988 2 546
989 2 701
990 2 876
992 2 582
992 1 983
997 1 984
998 2 701
1000 1 983
1003 2 696
1003 1 984
1004 2 646
1006 2 216
1013 1 984
1014 2 216
1017 2 740
1017 1 982
1023 2 708
1029 2 666
1029 1 982
1034 1 983
1035 1 982
1041 1 983
1043 1 984
1046 2 704
1046 1 984
1047 1 983
1050 2 660
1051 2 695
1054 1 983
1064 1 982
1066 1 983
1071 1 984
1077 2 673
1078 2 1064
1081 2 1067
1081 1 984
1084 2 215
1086 2 546
1088 2 663
1088 1 983
1092 2 566
1096 1 984
1098 2 708
1104 2 223
1107 2 703
1112 1 984
1114 2 550
1119 2 1119
1119 1 984
1121 1 984
1123 2 651
1128 2 662
1128 1 984
1129 2 703
1129 1 984
1130 1 983
1131 1 982
1132 1 982
1135 2 567
1142 2 709
1144 2 678
1145 2 216
1146 1 984
1151 1 983
1152 1 982
1154 1 982
1155 2 567
1158 2 743
1162 1 983
1165 2 1115
1167 2 706
1169 1 982
1170 2 702
1172 1 984
1174 1 983
1179 2 216
1179 1 982
1186 1 984
1187 1 983
1188 1 983
1191 1 984
1193 1 982
1194 1 983
1199 2 704
1206 2 699
1211 2 698
1211 1 984
1212 1 983
1215 1 982
1216 2 1182
1217 2 1143
1217 1 984
1220 1 984
1222 2 1116
1222 1 984
1223 2 569
1223 1 984
1226 1 984
1230 2 567
1236 1 984
1240 2 702
1245 1 982
1247 2 565
1248 1 984
1254 2 744
1255 2 1119
1255 1 984
1256 2 567
1261 1 983
1267 2 706
1269 1 983
1270 1 984
1272 2 1068
1276 1 982
1278 2 706
1284 1 984
1288 1 982
1289 1 983
1290 2 1115
1290 1 983
1292 2 1112
1295 1 983
1296 2 697
1296 1 982
1298 2 593
1300 2 1124
1301 1 984
1302 2 702
1303 2 696
1304 1 984
1305 2 567
1306 2 1125
1309 1 984
1310 2 569
1310 1 983
1311 2 702
1313 2 701
1315 1 983
1321 1 984
1326 1 984
1328 1 983
1330 2 1116
1335 2 1185
1338 2 649
1339 2 737
1341 2 1116
1366 1 983
1369 1 982
1378 2 1318
1380 0 1356
1383 2 1065
1383 1 982
1383 0 1347
1384 2 594
1386 2 1340
1387 0 1356
1388 0 1356
1394 1 984
1395 1 984
1396 1 984
1400 0 1345
1401 0 1348
1402 2 569
1408 1 983
1419 2 1362
1423 1 982
1424 1 984
1429 1 982
1432 1 984
1434 2 596
1434 1 983
1437 1 983
1440 1 982
1444 2 546
1445 1 983
1448 2 565
1449 1 983
1450 1 983
1457 2 1320
1459 2 1153
1461 1 982
1465 1 984
1469 2 1313
1470 2 1407
1471 2 1168
1473 2 1114
1474 2 710
1477 2 1150
1479 2 1148
1480 1 982
1481 2 1389
1483 2 707
1484 2 1120
1486 1 982
1492 1 982
1495 2 705
1495 1 982
1501 2 662
1509 2 1145
1511 2 650
1514 2 1339
1532 0 1527
1533 2 1331
1533 0 1527
1534 0 1529
1535 2 656
1535 1 983
1536 2 704
1538 1 983
1542 0 1532
1543 1 983
1543 0 1535
1546 2 1314
1548 2 1184
1548 1 982
1549 2 567
1552 1 888
1554 0 1535
1558 0 1535
1559 1 1327
1559 0 1524
1560 1 663
1561 2 739
1562 0 1535
1564 2 659
1565 0 1526
1567 2 594
1568 0 1524
1570 2 737
1570 1 1253
1570 0 1531
1576 1 983
1577 2 1111
1580 1 984
1581 2 738
1582 1 983
1584 0 1535
1585 2 1182
1587 1 983
1589 2 570
1590 2 743
1591 1 983
1591 0 1529
1593 1 982
1594 2 1121
1595 1 982
1603 1 982
1607 2 665
1608 2 1118
1608 1 837
1608 0 1527
1609 1 983
1611 1 983
1611 0 1524
1613 0 1534
1614 0 1527
1619 0 1524
1621 1 984
1623 0 1532
1625 0 1524
1626 2 1390
1626 0 1526
1629 2 1338
1629 0 1531
1634 0 1535
1636 0 1530
1638 0 1531
1640 0 1526
1641 0 1523
1642 0 1524
1647 0 1527
1649 1 983
1650 0 1530
1651 1 982
1659 0 1525
1661 0 1529
1662 0 1524
1663 2 584
1664 1 984
1666 1 982
1666 0 1533
1667 2 529
1669 0 1534
1670 2 545
1671 0 1532
1677 2 1117
1682 1 982
1685 1 984
1685 0 1533
1686 0 1533
1691 0 1529
1692 1 984
1694 0 1523
1695 1 982
1698 2 656
1698 0 1524
1699 2 1116
1700 1 984
1704 1 983
1707 2 1115
1708 1 982
1708 0 1535
1713 1 982
1714 0 1534
1715 1 984
1721 2 645
1721 1 983
1722 1 982
1724 2 742
1724 0 1527
1726 1 984
1728 0 1524
1729 1 983
1729 0 1528
1732 1 983
1732 0 1524
1734 0 1530
1737 2 1148
1737 0 1528
1739 2 1336
1739 1 982
1739 0 1523
1740 1 982
1741 1 982
1742 0 1523
1745 2 568
1749 0 1530
1750 2 1723
1751 0 1525
1752 1 983
1753 2 1185
1753 1 983
1757 2 546
1760 0 1522
1762 0 1535
1763 0 1524
1764 0 1525
1766 0 1524
1767 0 1528
1770 0 1529
1771 0 1530
1774 0 1524
1775 1 984
1775 0 1529
1776 0 1533
1780 2 709
1780 0 1533
1783 0 1531
1785 0 1535
1786 0 1527
1787 1 983
1790 1 984
1795 0 1531
1796 1 982
1796 0 1528
1799 2 1339
1800 1 984
1803 0 1525
1804 2 570
1807 1 982
1812 1 982
1812 0 1535
1813 2 740
1813 0 1522
1816 0 1531
1817 1 984
1818 2 708
1822 2 740
1822 1 984
1824 2 566
1824 0 1531
1825 0 1524
1826 2 570
1826 0 1533
1829 0 1525
1831 0 1523
1836 2 1183
1836 1 982
1839 1 982
1839 0 1528
1840 2 1067
1841 1 982
1843 0 1524
1845 1 982
1850 0 1528
1851 1 983
1856 2 1121
1859 1 982
1861 1 983
1861 0 1533
1862 2 740
1866 2 596
1868 2 646
1869 2 566
1873 1 984
1873 0 1534
1877 2 568
1878 0 1527
1880 1 983
1880 0 1529
1882 1 983
1884 0 1531
1885 0 1532
1888 0 1526
1890 0 1534
1891 1 983
1894 2 706
1894 0 1525
1895 2 705
1896 0 1526
1897 2 743
1904 1 983
1907 0 1524
1908 1 984
1908 0 1530
1912 1 983
1913 1 984
1914 2 1115
1914 1 983
1915 0 1527
1917 2 1336
1918 1 984
1918 0 1530
1922 2 1120
1924 0 1523
1925 0 1534
1928 0 1526
1929 0 1529
1931 1 983
1935 0 1529
1936 2 570
1936 0 1522
1937 2 576
1937 1 982
1937 0 1525
1941 0 1531
1943 2 706
1943 1 983
1952 0 1525
1954 0 1535
1956 2 671
1958 2 1787
1958 0 1531
1959 2 665
1959 0 1530
1961 2 1187
1961 0 1532
1963 0 1535
1964 1 984
1967 1 982
1968 2 702
1972 2 1110
1972 0 1534
1973 1 982
1976 2 569
1978 0 1528
1980 0 1534
1981 0 1535
1988 0 1535
1991 0 1528
1992 2 1339
1996 0 1534
1997 2 1120
1998 0 1528
2000 0 1533
2001 1 983
2002 1 983
2004 2 1119
2007 0 1525
2013 0 1528
2015 1 983
2015 0 1526
2017 2 702
2017 1 984
2017 0 1532
2019 2 741
2019 1 984
2019 0 1532
2021 0 1524
2024 0 1528
2025 2 1948
2025 1 982
2026 1 983
2027 1 984
2027 0 1534
2029 1 983
2030 0 1528
2032 0 1527
2036 0 1524
2040 0 1525
2041 0 1527
2045 2 567
2048 2 1183
2048 1 984
2053 2 1967
2057 0 1525
2059 2 703
2060 0 1533
2064 2 570
2067 2 1950
2070 2 1338
2070 0 1532
2072 0 1533
2074 0 1527
2075 1 983
2076 1 984
2076 0 1532
2081 1 837
2081 0 1527
2087 1 984
2089 0 1532
2091 0 1527
2092 1 984
2093 0 1523
2094 1 983
2094 0 1528
2095 2 1363
2097 2 695
2098 1 982
2099 0 1534
2106 0 1535
2107 1 982
2107 0 1532
2108 2 566
2109 1 984
2110 2 1835
2110 1 983
2114 2 1392
2114 1 984
2114 0 1522
2115 2 702
2115 1 983
2117 0 1533
2118 0 1524
2119 0 1535
2120 1 984
2122 0 1533
2123 2 737
2125 2 1148
2126 0 1522
2128 0 1523
2131 1 982
2132 0 1524
2139 0 1531
2142 0 1523
2148 2 1392
2149 0 1528
2151 1 982
2152 2 742
2157 1 982
2158 2 1949
2158 0 1525
2164 0 1522
2165 1 982
2165 0 1532
2167 1 2164
2172 1 2168
2172 0 1529
2173 1 2163
2179 0 1529
2180 0 1530
2182 0 1534
2187 0 1535
2188 1 2183
2188 0 1530
2189 0 1525
2191 1 2187
2192 0 1526
2193 0 1534
2194 0 1523
2195 0 1535
2196 0 1530
2202 2 737
2204 0 1528
2207 0 1531
2208 2 711
2208 0 1534
2213 0 1527
2214 2 569
2214 1 2170
2215 0 1527
2216 2 696
2216 1 2194
2216 0 1530
2217 2 1338
2217 1 2188
2218 2 1945
2218 1 2167
2223 1 2195
2223 0 1527
2229 1 2171
2230 2 1975
2231 1 2182
2232 1 2183
2233 2 1118
2234 1 2173
2237 1 2162
2239 2 704
2242 2 691
2242 1 2181
2245 2 740
2245 0 1531
2247 0 1531
2249 2 661
2249 0 1525
2256 2 1937
2257 1 2187
2259 2 698
2259 0 1534
2262 2 1067
2265 2 1168
2265 1 2188
2266 0 1527
2267 0 1527
2269 2 1110
2270 0 1531
2274 0 1533
2276 1 2190
2277 0 1532
2279 2 741
2281 2 743
2281 0 1530
2286 0 1525
2291 2 564
2292 1 2199
2293 0 1534
2294 2 709
2294 0 1524
2295 0 1532
2297 1 2186
2302 1 2183
2303 2 1115
2303 0 1533
2305 0 1526
2306 0 1526
2310 2 564
2310 0 1529
2315 0 1533
2316 2 658
2318 2 744
2318 1 2201
2319 1 2193
2319 0 1524
2321 0 1531
2322 2 1120
2322 1 2190
2323 2 739
2324 2 1183
2326 2 1114
2328 0 1524
2329 2 743
2330 2 657
2330 0 1527
2332 2 703
2335 1 2181
2339 1 2188
2346 0 1523
2347 0 1535
2348 2 744
2349 2 1117
2350 0 1531
2351 1 2189
2351 0 1533
2352 2 1187
2354 2 1983
2354 0 1526
2358 1 2190
2360 0 1528
2361 0 1533
2362 0 1529
2365 2 1947
2371 0 1530
2372 0 1530
2374 1 2168
2382 0 1533
2383 2 577
2384 1 2188
2385 2 1122
2387 0 1528
2389 2 1184
2390 2 1960
2391 2 666
2392 2 1185
2392 1 2180
2398 0 1525
2400 2 2221
2402 0 1533
2404 1 2183
2404 0 1528
2406 0 1524
2407 2 1947
2407 1 2196
2408 2 1941
2413 2 1966
2415 0 1525
2419 0 1522
2420 0 1534
2424 2 703
2424 0 1531
2430 2 1985
2432 1 2202
2433 1 2181
2433 0 1531
2435 0 1532
2436 1 2191
2438 1 2163
2442 2 1338
2445 1 2184
2449 1 2169
2449 0 1524
2450 1 2184
2450 0 1524
2451 1 2180
2453 1 2183
2456 2 744
2458 2 741
2459 2 216
2460 0 1535
2463 0 1534
2465 0 1534
2466 0 1523
2467 1 2171
2469 0 1523
2470 2 570
2472 2 739
2473 2 1183
2474 2 704
2478 1 2187
2479 0 1531
2488 0 1531
2491 0 1534
2497 0 1526
2498 2 223
2498 0 1526
2502 2 1953
2503 0 1525
2504 0 1534
2505 2 1146
2507 0 1525
2508 1 2189
2510 0 1528
2516 2 1150
2516 0 1530
2517 1 2189
2518 2 742
2520 2 1951
2523 2 738
2530 2 2215
2530 0 1526
2534 1 984
2535 2 1113
2535 0 1524
2536 1 2181
2536 0 1529
2538 0 1533
2541 0 1527
2543 2 1955
2543 1 2190
2544 0 1533
2547 2 660
2547 0 1523
2552 2 1339
2552 0 1534
2553 0 1525
2557 0 1527
2558 2 695
2561 1 2230
2562 2 216
2564 2 1833
2565 2 876
2565 0 1535
2566 2 1975
2566 1 2189
2566 0 1531
2567 2 704
2569 2 1403
2570 1 2187
2572 2 1122
2576 1 2197
2577 1 2162
2582 2 700
2582 0 1534
2583 1 2183
2583 0 1532
2588 2 701
2589 1 2183
2590 1 2190
2591 0 1530
2593 2 658
2594 2 544
2597 0 1526
2601 2 1391
2602 1 2182
2603 1 2182
2604 0 1528
2607 2 1112
2608 1 2188
2610 0 1532
2613 2 216
2613 0 1532
2615 1 2165
2617 2 703
2617 1 2187
2621 0 1530
2625 2 702
2627 0 1534
2629 0 1533
2630 0 1525
2631 2 566
2634 1 2181
2634 0 1531
2637 2 1946
2639 2 564
2639 1 2200
2642 1 2202
2644 0 1529
2645 1 2170
2646 2 1389
2647 1 2180
2647 0 1530
2648 0 1528
2649 0 1528
2653 1 2188
2655 0 1531
2657 2 1125
2658 0 1529
2662 0 1535
2665 2 569
2670 1 2187
2673 1 2187
2674 1 2163
2675 2 1967
2675 1 2184
2678 0 1523
2684 0 1528
2685 2 1184
2685 1 2182
2685 0 1522
2686 2 1185
2686 0 1535
2690 2 1834
2690 1 2186
2692 2 1997
2692 1 2190
2697 2 1141
2700 2 567
2701 1 2190
2704 1 2183
2707 0 1533
2709 2 570
2717 0 1532
2718 2 738
2719 0 1524
2720 1 2190
2723 0 1529
2727 1 2188
2728 2 697
2729 1 2189
2729 0 1527
2730 0 1534
2731 0 1531
2733 2 1395
2733 0 1528
2734 1 2166
2734 0 1535
2735 1 2172
2736 2 1967
2736 1 2187
2740 2 700
2742 2 2213
2742 0 1528
2748 2 660
2750 2 710
2751 2 1964
2751 0 1529
2752 2 655
2752 1 2187
2753 1 2184
2762 2 697
2767 1 2196
2769 1 2183
2775 0 1529
2776 1 982
2779 1 2198
2784 2 2369
2784 1 2181
2785 2 565
2787 1 2202
2792 1 982
2793 1 2187
2795 0 1527
2797 0 1530
2799 1 2171
2800 2 1961
2800 1 2165
2801 2 572
2802 2 216
2803 1 2229
2804 0 1523
2810 2 738
2810 0 1530
2811 2 1067
2812 0 1524
2814 1 2199
2817 1 2174
2817 0 1531
2818 2 666
2819 0 1527
2826 2 2635
2827 2 215
2833 2 1948
2834 2 550
2834 0 1528
2836 0 1530
2837 2 740
2841 0 1525
2845 2 1123
2846 1 2184
2848 1 2174
2849 1 983
2853 0 1532
2857 0 1533
2858 0 1528
2859 1 2188
2860 0 1535
2861 1 2171
2861 0 1523
2864 1 2166
2865 1 2171
2865 0 1532
2867 0 1535
2868 0 1524
2870 0 1525
2871 2 1338
2872 0 1522
2873 1 2198
2877 0 1528
2878 2 545
2879 0 1529
2881 2 1976
2882 0 1524
2883 2 1966
2883 0 1529
2885 0 1532
2890 0 1529
2895 0 1528
2900 0 1525
2901 0 1532
2902 1 2187
2902 0 1526
2903 2 1965
2903 1 2187
2904 0 1531
2906 0 1528
2908 1 2187
2911 0 1530
2912 0 1522
2913 0 1527
2914 2 1120
2915 1 2182
2916 2 1971
2918 2 1947
2922 0 1535
2924 2 1112
2924 1 2198
2925 1 2192
2928 1 2182
2932 2 1119
2935 1 2163
2936 1 2191
2937 2 710
2939 1 2168
2939 0 1523
2941 2 1947
2942 1 2190
2944 2 566
2949 0 1535
2950 2 1118
2950 0 1532
2951 1 2162
2951 0 1529
2954 1 2186
2955 1 2190
2958 2 1111
2959 2 2214
2960 2 1981
2961 0 1533
2966 1 2183
2966 0 1529
2968 1 2230
2969 0 1534
2970 2 530
2972 1 2189
2974 2 2638
2974 0 1528
2976 0 1529
2984 1 2184
2985 2 2959
2986 1 2188
2991 1 2173
2991 0 1533
2994 1 2195
2996 0 1524
2997 1 2170
2998 2 1125
2999 1 2187
2999 0 1525
3000 2 2017
3000 0 1531
3003 1 983
3005 2 562
3005 0 1528
3006 0 1535
3007 0 1526
3008 2 666
3008 0 1525
3009 2 650
3010 1 2200
3012 1 2169
3013 0 1529
3014 2 2628
3015 2 1944
3015 0 1528
3016 0 1535
3017 0 1530
3019 1 2189
3024 0 1525
3028 1 2170
3029 0 1530
3030 0 1534
3034 2 1951
3036 2 656
3036 1 2190
3036 0 1363
3038 0 1530
3042 2 567
3042 1 2191
3048 2 1945
3048 1 2164
3050 0 1526
3052 2 2215
3054 2 2969
3056 2 1336
3057 0 1532
3058 1 2201
3064 2 706
3065 2 1980
3065 1 2200
3066 0 1535
3067 2 565
3067 0 1532
3068 1 3029
3072 1 2189
3075 2 739
3079 0 1527
3080 1 2200
3085 0 1532
3087 1 2190
3087 0 1524
3089 2 1112
3090 2 744
3090 1 2188
3093 2 1338
3093 0 1524
3098 0 1535
3099 0 1534
3101 0 1524
3104 2 707
3104 0 1525
3110 1 2168
3111 2 1944
3111 0 1532
3112 2 215
3113 1 2196
3117 2 1118
3119 2 708
3119 1 2188
3121 0 1535
3124 2 647
3125 1 2184
3126 1 2181
3128 0 1523
3129 1 2189
3130 0 1533
3131 0 1524
3134 1 2184
3140 2 1339
3142 1 2187
3144 0 1524
3148 2 1955
3149 0 1535
3150 2 740
3150 1 2187
3154 2 2617
3156 0 1528
3158 1 2191
3158 0 1525
3163 1 2191
3164 2 1982
3166 2 1112
3166 1 2191
3166 0 1535
3171 2 1944
3174 1 2185
3179 1 982
3179 0 1529
3180 0 1524
3182 2 1967
3183 1 3182
3185 2 1967
3187 1 2182
3187 0 1529
3190 0 1526
3191 1 2170
3191 0 1522
3195 2 1942
3195 0 1533
3198 2 569
3198 0 1525
3199 1 2180
3199 0 1525
3201 0 1534
3202 0 1530
3203 1 2201
3205 1 2191
3206 1 2186
3207 1 2190
3213 2 698
3214 0 1532
3218 0 1535
3219 1 2187
3219 0 1525
3224 0 1527
3228 2 3088
3230 1 2188
3232 2 703
3234 1 2165
3240 0 1525
3241 2 1186
3241 1 2181
3243 2 655
3243 0 1526
3244 1 2195
3245 2 703
3245 0 1528
3247 0 1528
3248 0 1534
3249 1 2164
3250 0 1524
3252 2 707
3252 0 1523
3257 2 1967
3257 1 2163
3257 0 1533
3259 0 1535
3260 1 2174
3261 2 1941
3262 1 2174
3267 1 2188
3267 0 1524
3268 0 1532
3269 2 1150
3269 1 2181
3270 2 2030
3273 2 1337
3274 2 1118
3274 0 1532
3283 1 984
3286 1 2200
3288 1 2174
3289 1 984
3292 1 3182
3296 1 2183
3298 1 2169
3310 0 1533
3311 1 2181
3313 0 1524
3320 1 2188
3321 0 1528
3327 0 1525
3328 1 2188
3329 1 2197
3331 1 982
3332 1 2186
3333 2 663
3334 0 1534
3339 1 2198
3345 0 1533
3346 1 2194
3349 2 1122
3352 0 1525
3358 0 1524
3360 1 2201
3361 0 1524
3362 1 2196
3362 0 1526
3367 1 2184
3374 2 1942
3374 1 2187
3374 0 1531
3375 0 1523
3376 0 1529
3378 2 1959
3378 1 3198
3379 1 2182
3380 2 1184
3381 2 2892
3384 0 1523
3385 2 1985
3386 2 570
3386 0 1524
3387 0 1534
3389 0 1528
3390 2 2376
3393 0 1524
3395 2 1325
3395 0 1527
3396 0 1530
3397 2 744
3400 0 1532
3401 2 2875
3405 0 1529
3406 2 548
3407 2 582
3410 0 1534
3413 0 1529
3422 2 2969
3423 2 1976
3423 1 2187
3424 2 1112
3428 0 1524
3430 2 1122
3431 2 693
3431 1 2192
3436 0 1523
3437 0 1523
3438 2 1980
3438 1 2174
3441 1 2195
3441 0 1531
3442 0 1530
3444 2 1965
3447 2 1952
3450 0 1533
3451 1 2165
3453 0 1529
3456 2 710
3457 0 1529
3459 2 568
3459 0 1524
3460 0 1531
3463 2 565
3463 0 1535
3464 1 2197
3465 1 2186
3471 2 742
3471 1 3026
3471 0 1534
3472 1 2174
3473 2 1122
3475 1 3182
3481 2 2376
3481 0 1531
3484 0 1525
3485 2 1964
3486 0 1526
3487 1 2190
3488 1 2168
3493 1 3182
3494 2 2873
3496 2 1415
3497 2 701
3498 2 601
3502 1 2187
3503 2 2030
3503 1 3182
3504 0 1535
3506 1 2163
3507 1 2164
3508 2 692
3510 0 1535
3513 2 565
3515 2 1965
3516 2 659
3518 2 2871
3518 1 984
3520 1 2187
3523 0 1528
3529 1 2190
3531 0 1525
3532 1 2187
3532 0 1526
3535 2 570
3535 1 2182
3538 1 2181
3539 2 216
3539 0 1532
3540 2 568
3540 0 1535
3544 2 708
3544 1 2188
3546 2 1946
3546 0 1527
3547 2 1969
3551 0 1534
3552 1 2182
3555 2 705
3556 0 1534
3561 1 2189
3566 0 1532
3567 0 1524
3569 0 1524
3573 0 1524
3574 0 1533
3578 0 1527
3579 0 1532
3582 0 1527
3585 1 2187
3589 2 1943
3591 2 1338
3591 1 2190
3592 1 2187
3594 1 3031
3594 0 1524
3596 1 2188
3596 0 1531
3597 2 1340
3598 2 1966
3598 0 1523
3602 0 1533
3603 2 1951
3603 0 1535
3605 2 2915
3606 2 1952
3607 0 1528
3611 0 1534
3612 1 2188
3615 0 1525
3618 1 984
3618 0 3584
3622 1 2181
3623 2 737
3631 1 2184
3632 1 3028
3633 1 2202
3635 1 983
3637 2 2920
3640 2 650
3643 1 3033
3645 0 1528
3646 0 1534
3647 0 1528
3648 0 1535
3649 2 571
3651 0 1527
3653 1 3182
3660 2 568
3661 2 2955
3673 1 2195
3674 2 1119
3674 1 3182
3674 0 1529
3676 0 1531
3678 2 591
3678 0 1524
3679 2 1121
3680 0 1525
3682 0 1534
3683 1 984
3684 2 1336
3686 2 2405
3688 1 3032
3690 1 2190
3691 2 707
3693 0 1534
3695 2 1994
3697 2 2875
3699 0 1527
3700 2 1319
3702 2 2866
3702 1 2184
3704 1 2164
3704 0 1523
3705 1 2171
3708 0 1527
3709 2 653
3709 1 2189
3709 0 1528
3710 0 1528
3711 0 1532
3712 2 698
3712 0 1525
3713 2 2874
3714 2 1322
3715 2 658
3719 1 2164
3719 0 1532
3722 2 569
3722 1 2200
3724 0 1526
3725 0 2374
3729 1 2201
3730 1 2172
3732 1 2187
3732 0 1529
3735 2 1332
3737 1 2188
3744 1 3182
3747 1 2169
3749 1 2172
3750 1 2182
3752 1 2172
3752 0 1530
3753 0 1524
3754 2 870
3754 0 1531
3755 2 2930
3757 1 2185
3759 2 1960
3760 0 1522
3764 0 1526
3768 2 2916
3773 0 1525
3777 1 2170
3778 1 2187
3781 0 1535
3782 2 2014
3785 0 1527
3786 1 2169
3786 0 1528
3789 0 1527
3792 1 2187
3794 2 1115
3794 0 1529
3797 2 1971
3797 0 1528
3798 0 1535
3800 2 2476
3804 2 569
3805 2 579
3805 0 1535
3807 0 1533
3808 2 565
3817 1 2187
3817 0 1526
3820 0 1535
3821 0 1532
3824 1 2184
3826 0 1529
3828 2 2222
3830 2 1389
3832 1 2188
3834 2 563
3836 2 650
3836 0 1530
3841 1 2190
3845 0 1522
3850 2 703
3850 0 1534
3851 0 1530
3854 2 700
3862 0 1530
3864 1 2187
3866 2 2948
3866 0 1531
3867 2 741
3874 2 1115
3877 1 2197
3878 2 1965
3879 0 1524
3885 1 2162
3888 2 1111
3891 0 1525
3893 0 1526
3894 0 1533
3895 1 2164
3898 2 1964
3899 2 604
3900 0 1532
3901 2 1112
3902 1 2193
3902 0 1533
3903 0 1530
3906 0 1530
3909 2 1113
3910 1 2188
3911 0 1530
3914 0 1534
3916 2 566
3920 0 1528
3923 1 2187
3931 2 1390
3932 1 2189
3933 1 2182
3934 2 709
3939 2 216
3939 0 1527
3941 2 703
3942 0 1530
3945 2 569
3946 1 2169
3947 1 2171
3948 1 2200
3949 1 2171
3953 0 1532
3954 1 2162
3954 0 1525
3956 2 554
3956 0 1533
3957 2 663
3958 2 1120
3958 1 2174
3959 0 1529
3962 2 1337
3964 0 1535
3965 1 2199
3966 0 1528
3969 1 2162
3971 2 739
3971 0 1533
3972 2 568
3975 2 1967
3975 0 1527
3977 2 3089
3978 1 2190
3981 2 653
3985 2 2925
3992 2 546
3997 0 1524
3999 1 3182
4001 0 3995
4002 0 1529
4004 0 3987
4007 2 707
4007 1 2187
4007 0 1527
4009 2 1063
4017 1 2168
4021 2 708
4021 1 2172
4022 1 2181
4023 2 704
4029 0 1534
4031 0 1534
4035 1 3034
4037 0 1534
4039 0 1532
4040 1 2174
4042 2 1119
4045 1 2228
4045 0 1527
4046 0 1532
4049 1 2183
4049 0 1523
4051 0 1527
4053 2 1116
4053 0 1529
4055 0 3989
4056 0 1531
4058 1 2198
4059 1 2165
4060 1 2196
4064 0 1523
4065 1 2186
4066 2 2890
4068 2 1125
4069 0 1528
4071 1 2202
4078 1 2192
4080 1 2187
4084 0 1529
4087 0 1527
4089 2 598
4091 2 738
4094 2 2915
4099 0 1532
4102 0 1532
4104 1 2190
4104 0 1530
4106 0 1527
4108 1 2164
4108 0 3999
4110 1 3025
4112 0 1530
4113 2 2624
4114 2 1976
4115 2 3088
4116 2 1340
4118 2 566
4118 1 2182
4120 1 2187
4120 0 1524
4128 0 1535
4133 2 692
4133 1 2198
4133 0 1530
4135 0 1527
4137 1 3027
4139 2 738
4140 1 2187
4149 1 2199
4150 0 3985
4153 2 662
4153 1 2198
4153 0 1523
4157 2 1117
4157 1 2190
4163 2 2891
4164 1 2201
4165 1 2180
4166 1 3027
4167 1 2170
4168 2 691
4169 2 692
4170 0 3987
4171 0 4096
4173 2 1123
4177 0 3995
4178 0 1533
4181 1 2173
4181 0 3670
4184 1 2166
4184 0 1535
4186 0 1531
4190 1 2194
4196 2 659
4196 1 3182
4197 2 1124
4197 0 1531
4198 0 1535
4200 2 567
4206 0 1534
4207 1 2181
4214 0 1531
4215 1 2172
4219 2 1336
4219 0 1525
4221 2 568
4222 0 1534
4224 0 1530
4225 1 2200
4225 0 1528
4226 1 2189
4230 0 1529
4231 2 1941
4236 2 568
4238 1 2187
4239 1 2171
4244 1 2168
4245 1 984
4247 0 1527
4249 1 2200
4250 1 2191
4251 1 2185
4253 0 1527
4261 1 2192
4261 0 3985
4266 1 3182
4278 0 1534
4280 2 704
4280 0 1529
4284 1 2169
4286 0 1535
4296 1 2187
4297 1 2190
4298 2 568
4300 0 3998
4304 0 3994
4306 0 3993
4309 0 3998
4310 0 3995
4311 2 705
4311 1 2189
4312 0 4097
4314 2 1946
4315 0 1531
4321 0 1534
4322 1 2183
4324 2 4319
4325 0 4096
4326 1 2189
4328 1 2172
4329 2 694
4330 0 1535
4331 0 1528
4336 2 2894
4339 1 2171
4341 0 3986
4342 0 1527
4343 2 1140
4350 1 2198
4350 0 1525
4351 2 698
4353 1 2189
4354 1 2202
4355 1 3182
4356 1 2170
4357 1 2189
4358 2 1124
4361 0 1532
4365 1 3182
4366 2 743
4367 1 2164
4370 0 1529
4371 1 983
4375 1 2189
4375 0 1525
4376 2 1942
4378 0 1524
4380 1 982
4380 0 1526
4385 2 2377
4386 2 568
4386 1 3182
4395 2 740
4396 1 2190
4396 0 3984
4399 1 2190
4400 0 1533
4401 0 4098
4402 1 2167
4403 0 1523
4406 0 3991
4407 1 2197
4409 0 1532
4413 2 1940
4414 1 2162
4423 0 1525
4426 0 1533
4427 0 3984
4430 2 1940
4430 0 4097
4441 2 646
4441 1 2166
4442 2 1118
4442 1 2194
4442 0 1531
4452 0 1524
4453 0 1532
4462 1 2173
4463 2 549
4464 0 1534
4465 0 1532
4469 1 2228
4470 2 1976
4470 0 1525
4473 1 3030
4474 2 1121
4476 1 2195
4476 0 1527
4478 0 1527
4481 0 1532
4482 1 2188
4490 2 1948
4491 1 3182
4493 1 2195
4495 0 3995
4496 0 1526
4499 0 1527
4500 1 2199
4502 1 2181
4503 0 1533
4511 2 566
4515 2 738
4515 0 1527
4520 2 2957
4531 1 2190
4541 0 3995
4550 2 1944
4552 0 3988
4554 0 1524
4555 1 984
4559 1 2162
4562 1 2169
4564 1 2167
4567 1 2189
4569 2 694
4569 0 1525
4577 1 2171
4577 0 3992
4580 1 4505
4582 0 1528
4586 0 1524
4587 1 2174
4588 2 4318
4590 2 657
4590 0 1534
4591 2 570
4592 2 705
4595 1 2228
4596 1 2185
4602 1 2171
4603 1 2201
4604 1 2199
4605 1 2190
4607 0 4095
4610 2 1110
4610 1 2180
4613 0 1523
4623 0 1529
4629 1 4499
4631 1 2198
4634 1 2189
4635 1 2185
4636 1 2189
4639 2 700
4640 2 522
4641 2 1120
4642 2 737
4642 1 2190
4644 0 1524
4646 2 696
4646 0 3988
4647 1 2181
4649 0 1526
4655 1 2190
4657 2 1126
4658 2 1320
4659 1 2188
4660 1 2199
4662 2 1186
4662 1 2167
4664 0 1528
4668 0 1527
4675 2 693
4676 1 2185
4677 2 1946
4677 0 1525
4678 1 2183
4682 0 1534
4691 2 664
4694 1 2191
4702 2 2017
4702 0 1524
4703 2 1121
4703 1 2182
4705 1 2197
4706 1 982
4706 0 4099
4712 0 1535
4717 1 4509
4721 1 2186
4722 2 566
4724 2 1113
4728 1 984
4729 0 1527
4731 1 4680
4732 1 2183
4739 1 983
4740 1 4688
4749 2 1967
4752 2 1114
4753 2 571
4757 0 1530
4758 0 1529
4764 0 3995
4771 2 4611
4774 2 708
4775 1 4682
4776 2 1121
4779 2 709
4780 1 4502
4781 2 709
4783 2 691
4783 1 2199
4788 1 2171
4791 2 692
4792 1 2191
4792 0 3991
4793 1 983
4794 0 4096
4795 0 1534
4796 2 1340
4798 1 982
4798 0 3995
4799 1 2189
4802 1 4681
4803 1 4686
4805 1 2184
4807 1 4690
4807 0 1522
4808 2 1390
4809 1 4509
4814 1 983
4817 0 4099
4819 1 4506
4822 2 4319
4822 0 3984
4823 0 4097
4824 1 2188
4832 1 4509
4835 1 4688
4836 1 4690
4837 1 4684
4839 1 2230
4841 1 984
4843 2 697
4844 2 1124
4845 1 2181
4852 1 3182
4853 1 4506
4854 1 2189
4856 2 2954
4863 2 1957
4865 1 3182
4866 1 4500
4867 2 703
4868 1 2202
4869 1 4686
4877 1 2194
4893 1 4500
4896 1 4504
4899 1 2188
4908 2 2872
4909 1 4685
4909 0 1531
4919 2 1959
4920 0 1534
4922 0 1534
4923 1 3182
4926 2 564
4933 2 1121
4934 2 4851
4935 2 1794
4936 1 2173
4937 2 570
4944 1 4684
4944 0 1532
4948 2 1126
4948 0 1530
4952 2 2617
4955 2 1417
4958 2 736
4968 2 1115
4968 1 2167
4972 2 1947
4974 0 1532
4975 1 2169
4981 1 2190
4988 0 4095
4996 0 1532
4997 1 4993
4998 2 1184
5000 2 1336
5001 0 1523
5002 2 1967
5007 2 653
5007 1 4688
5010 0 1530
5012 0 4095
5014 0 3985
5018 0 3986
5019 2 566
5020 1 4992
5020 0 4094
5022 0 1532
5023 2 738
5023 0 1529
5039 1 2186
5039 0 1530
5040 0 4099
5043 1 2200
5044 1 4995
5045 0 4089
5047 0 3994
5049 1 2183
5052 0 3984
5053 2 1122
5054 1 4994
5060 0 1534
5063 2 4326
5068 1 2187
5069 2 1941
5069 1 2188
5071 2 1120
5078 0 1522
5079 2 2018
5080 2 4328
5082 1 4995
5083 0 1527
5084 2 4327
5086 1 4683
5087 2 695
5091 0 3995
5092 1 4997
5093 1 982
5094 0 1526
5097 2 1991
5099 2 700
5102 2 4856
5104 2 1184
5107 0 1534
5108 2 1995
5108 1 2195
5112 1 4993
5113 1 4992
5115 1 2183
5116 2 744
5117 2 741
5118 0 3995
5119 2 692
5119 1 2167
5119 0 1534
5123 1 2187
5124 1 4997
5124 0 1535
5125 1 4994
5127 2 4020
5129 2 1389
5131 1 2189
5138 2 1944
5139 2 659
5139 1 4505
5139 0 4090
5141 0 3105
5142 1 4997
5142 0 3996
5143 1 2182
5145 2 1944
5145 0 1532
5150 1 2187
5152 1 4685
5154 0 1526
5155 2 1114
5159 0 1532
5160 1 2180
5165 1 4506
5168 2 4853
5169 2 4847
5170 2 1955
5170 0 1526
5173 0 1531
5177 1 4992
5178 0 3991
5181 1 4509
5183 2 1113
5186 0 1533
5188 0 1526
5189 0 1532
5191 0 1529
5192 0 4096
5195 2 4626
5196 1 2182
5198 0 1525
5200 2 1172
5201 2 1322
5203 2 216
5203 1 4503
5204 0 1529
5205 1 4998
5211 1 2162
5211 0 3999
5212 0 3992
5213 1 4501
5217 2 4845
5220 0 1527
5224 2 737
5224 1 4680
5228 1 2201
5229 2 1965
5229 1 2186
5231 0 1525
5232 2 1945
5234 2 3087
5234 0 1527
5235 2 1337
5238 1 4998
5238 0 1525
5248 1 983
5250 1 4496
5255 0 1526
5256 0 1525
5258 1 2164
5258 0 1522
5259 1 2169
5261 0 1527
5262 1 4509
5266 1 4685
5267 1 2192
5271 2 1964
5271 1 4992
5283 1 4997
5288 1 4997
5289 2 2030
5292 2 744
5295 0 1529
5305 0 1530
5311 0 1535
5314 2 1112
5314 0 3984
5318 0 1532
5321 1 4503
5321 0 1534
5324 1 2174
5326 2 1116
5328 2 708
5328 1 4992
5330 1 984
5331 1 4509
5333 2 1396
5334 1 2167
5335 2 4298
5337 2 4011
5340 1 4684
5341 2 1968
5343 1 982
5344 1 2199
5347 1 2191
5347 0 1528
5353 1 2165
5354 1 4997
5358 2 1116
5361 1 4993
5362 1 4996
5368 1 2162
5369 2 1115
5369 1 2187
5370 0 3995
5373 0 5312
5376 2 1965
5377 0 1526
5378 1 3034
5379 2 1112
5379 0 4099
5382 2 4328
5383 2 1187
5385 1 2228
5389 0 1526
5390 1 4997
5391 0 1529
5394 2 1955
5394 1 4992
5402 0 1527
5405 0 3673
5415 1 4685
5419 2 1418
5420 2 4481
5426 2 1119
5428 0 4866
5429 2 1944
5429 0 5035
5430 2 1123
5430 1 4682
5430 0 3575
5431 0 1528
5432 2 646
5434 0 1523
5436 2 599
5439 2 2213
5452 0 1535
5454 2 4848
5466 2 4849
5478 1 2189
5480 0 3988
5486 2 1121
5488 0 3995
5490 2 4322
5495 1 4995
5497 2 1067
5504 2 1064
5505 1 4992
5507 2 1946
5509 1 4992
5514 2 1125
5517 2 706
5517 1 3030
5517 0 1524
5521 1 2180
5523 1 4509
5524 1 2188
5528 2 4848
5529 1 3182
5530 2 1124
5531 1 4509
5535 0 3994
5537 2 580
5538 0 1529
5539 0 1533
5549 1 4992
5550 1 4994
5553 2 2929
5556 0 1530
5558 0 1527
5559 0 3999
5562 1 4683
5562 0 3994
5564 1 4690
5569 2 2891
5571 0 1528
5575 2 1986
5576 2 4836
5578 2 4628
5578 1 3182
5579 1 2191
5581 1 2186
5584 2 2616
5585 1 4992
5586 2 1119
5587 1 4504
5588 2 4834
5589 2 705
5593 1 4681
5610 1 4509
5611 1 2184
5614 1 4682
5616 2 1941
5617 2 1340
5620 2 1729
5621 0 3985
5622 0 1530
5623 1 4998
5624 0 1532
5626 2 1408
5627 1 2189
5628 0 1533
5636 1 2184
5637 2 654
5637 0 3984
5638 0 1529
5641 2 1121
5641 0 4830
5642 1 4686
5644 0 3989
5645 0 4095
5646 2 4302
5648 0 1532
5649 1 4997
5651 1 2171
5653 0 1530
5657 0 5358
5659 1 982
5661 0 4098
5663 1 4993
5665 1 4998
5667 2 1977
5668 2 2620
5669 2 569
5671 2 705
5672 0 1525
5677 2 1112
5679 2 567
5684 1 2169
5687 2 1115
5688 1 4686
5690 1 4992
5691 2 584
5691 0 3999
5693 0 1529
5694 0 1532
5697 1 2189
5699 1 2190
5706 0 1532
5711 0 5495
5712 2 644
5712 1 2165
5713 0 1529
5714 2 699
5714 0 1530
5718 2 1148
5718 0 1532
5719 1 3182
5720 1 4681
5721 1 2189
5722 0 1534
5725 1 2187
5728 0 5710
5730 2 601
5730 0 5284
5731 2 1118
5733 2 1943
5733 0 5309
5737 0 5321
5743 2 566
5751 0 4093
5753 0 4097
5756 1 2162
5756 0 1523
5759 0 1525
5760 0 1531
5761 0 4096
5763 1 4680
5767 2 1958
5767 1 4509
5770 1 3031
5771 0 3996
5772 1 2182
5777 2 1952
5777 1 4688
5778 1 2182
5782 2 694
5784 1 4996
5787 1 4680
5788 2 1984
5788 1 4995
5793 0 5678
5794 2 516
5796 1 4686
5797 0 5242
5799 2 2484
5799 1 2183
5802 2 519
5804 0 3814
5805 1 4500
5809 2 131
5810 2 1119
5810 1 2181
5810 0 5492
5814 2 587
5814 1 3182
5817 2 1965
5818 2 564
5824 1 4998
5826 2 4865
5827 0 1532
5829 2 215
5829 0 4097
5830 2 1962
5831 2 2957
5832 1 2168
5832 0 3990
5833 1 4684
5834 2 1141
5840 2 4861
5843 1 2184
5843 0 5307
5844 0 5488
5846 2 565
5846 1 2166
5850 1 4998
5852 1 2189
5857 0 5309
5861 0 4827
5863 1 2190
5865 1 5667
5865 0 5492
5867 2 4869
5868 2 4329
5868 1 2187
5872 2 1957
5876 2 1965
5877 1 2189
5882 0 1532
5889 0 1528
5895 0 1527
5898 1 2164
5902 1 4509
5905 2 707
5907 1 2196
5909 0 1523
5911 1 4691
5912 2 1124
5919 1 2167
5919 0 1525
5924 2 581
5925 0 1533
5927 1 4993
5929 2 1967
5933 0 1526
5934 0 1528
5936 2 1950
5937 0 1535
5941 2 4863
5942 2 645
5953 2 4319
5967 1 2187
5968 2 699
5969 2 1116
5983 2 4326
5987 2 566
5992 1 4998
6004 2 2369
6007 2 1185
6009 1 3182
6010 2 739
6014 1 4998
6016 1 4691
6017 1 2181
6022 1 3182
6038 2 1964
6040 1 2189
6041 2 1118
6043 1 3026
6044 1 4682
6046 1 2168
6047 1 2187
6049 1 2186
6050 2 564
6050 1 4504
6053 2 744
6053 1 3034
6055 1 4691
6057 2 1954
6058 1 2188
6064 1 2168
6065 1 4992
6067 2 4617
6067 1 2180
6073 1 4682
6081 1 4992
6083 2 1064
6084 2 691
6087 1 4997
6089 2 4322
6091 2 658
6095 2 592
6104 2 1122
6106 2 704
6108 2 1123
6108 1 4501
6115 1 4994
6117 1 2169
6119 2 4327
6120 1 984
6125 2 1340
6126 0 1530
6130 1 4683
6132 2 738
6135 1 4686
6139 1 4994
6142 2 566
6142 1 4684
6143 1 2162
6143 0 6098
6144 0 4099
6147 0 1533
6148 1 2198
6150 1 2190
6152 1 4505
6155 0 6107
6156 2 1120
6158 1 2201
6158 0 1528
6172 2 4834
6173 2 1947
6173 1 2168
6178 1 4680
6178 0 6103
6189 1 4683
6197 1 2166
6198 0 6104
6202 0 4099
6203 1 4680
6204 0 1535
6210 1 4686
6216 0 1535
6223 0 6096
6225 2 1187
6226 0 6096
6227 1 4997
6230 1 4993
6233 1 3032
6236 2 1965
6238 1 4509
6239 0 1523
6241 0 3993
6242 1 5903
6242 0 6094
6245 0 6097
6246 1 3025
6247 0 1525
6249 1 2201
6251 1 5654
6254 1 6215
6260 2 1433
6263 2 4304
6267 0 6106
6269 2 700
6271 2 1654
6273 1 4509
6276 2 1396
6278 1 4997
6282 2 659
6283 1 2187
6284 2 2933
6285 2 1979
6287 2 4854
6289 0 1531
6290 2 1346
6292 2 4310
6296 0 6108
6306 2 2375
6309 2 1183
6309 1 4685
6309 0 6106
6311 2 4854
6313 0 6103
6314 2 4830
6317 0 5299
6318 0 6100
6320 2 1339
6320 1 4684
6325 2 4854
6327 1 2202
6328 2 1947
6328 1 2181
6332 2 1113
6333 1 4680
6335 0 6098
6336 1 4680
6336 0 1530
6341 2 1954
6342 2 1318
6345 2 4842
6345 0 1533
6350 0 5966
6352 1 2162
6353 1 5657
6356 1 2229
6364 1 2180
6364 0 6093
6365 2 654
6366 2 3089
6366 0 3985
6367 1 4680
6368 1 2185
6371 0 1526
6372 2 4843
6372 1 4502
6377 1 2169
6378 2 1110
6379 2 4310
6380 1 2230
6382 2 2930
6383 2 4866
6384 2 2620
6384 0 1533
6386 1 4992
6388 2 2868
6390 1 2190
6393 2 2485
6395 0 1530
6396 1 4684
6397 0 1532
6412 1 4998
6416 2 3092
6417 2 4901
6417 0 1528
6419 1 4998
6421 1 2182
6425 2 2951
6425 1 4685
6430 1 4993
6430 0 3984
6432 0 1524
6435 2 1944
6438 1 4688
6439 2 697
6439 1 4993
6441 2 4856
6444 2 1829
6445 2 1956
6449 2 1120
6449 0 6437
6451 0 1533
6452 2 566
6452 1 4422
6453 2 744
6456 0 1526
6460 1 983
6461 0 6098
6463 1 4994
6464 2 1126
6471 2 4827
6474 1 4682
6474 0 1532
6481 1 2186
6484 1 4688
6485 1 4681
6485 0 6098
6488 1 2197
6489 2 1324
6491 1 3182
6495 2 4855
6499 1 4998
6502 2 694
6504 2 2982
6508 1 4992
6510 0 6103
6511 2 565
6513 1 4994
6517 1 2180
6518 1 4681
6520 2 4326
6522 2 1339
6522 1 2183
6524 1 2188
6525 1 984
6530 2 1387
6530 1 4685
6532 2 1112
6534 0 6434
6536 2 1942
6536 1 4683
6537 0 6096
6538 2 704
6543 0 4530
6544 0 5298
6546 2 691
6546 0 6101
6552 1 2188
6555 0 3105
6556 1 2189
6557 1 4507
6557 0 3991
6563 2 1996
6564 1 2186
6565 2 1430
6569 1 4509
6575 1 2190
6578 2 2981
6580 2 4308
6581 2 1940
6581 0 6437
6582 1 4682
6583 0 6436
6590 1 2169
6592 0 1533
6593 2 1730
6595 1 2190
6595 0 1528
6598 2 4310
6598 1 3032
6599 2 2627
6601 1 4992
6604 2 4852
6607 2 736
6612 0 6093
6617 1 2181
6622 2 1117
6623 1 4994
6625 2 1391
6625 1 2183
6628 2 1124
6630 2 1125
6630 1 2192
6636 1 2188
6638 1 4993
6639 1 4995
6643 0 1534
6651 1 4995
6659 1 2187
6661 1 2189
6662 0 1531
6664 1 2187
6665 0 1525
6667 1 4680
6667 0 6098
6669 0 6094
6673 1 2198
6676 2 4302
6676 1 4998
6685 2 663
6685 1 4998
6686 0 1527
6689 2 4324
6691 1 4681
6692 0 6103
6693 2 559
6695 1 4682
6697 2 1881
6697 1 4997
6697 0 3984
6698 2 663
6701 1 4998
6703 2 1985
6704 2 1120
6708 0 1524
6723 1 2190
6724 0 1535
6725 0 5313
6726 0 6103
6728 0 6097
6730 2 702
6730 0 5964
6741 2 698
6742 1 2164
6743 1 2189
6744 2 4833
6749 1 2202
6751 1 4992
6753 1 4997
6758 2 2197
6761 0 6097
6769 2 1964
6769 0 5963
6772 2 4844
6774 1 2199
6777 2 4322
6778 1 4997
6780 2 701
6785 2 705
6786 1 2182
6786 0 1532
6793 2 4850
6793 0 6438
6797 2 5288
6797 1 4998
6798 2 4845
6800 1 4686
6804 1 4684
6807 0 6437
6808 0 6434
6810 2 3085
6812 0 6094
6813 0 6436
6816 2 6724
6818 0 6096
6819 2 4319
6820 1 4682
6824 2 710
6825 2 2955
6827 1 2230
6828 0 6093
6829 1 3182
6830 2 2926
6835 2 4312
6854 2 1387
6855 2 1734
6856 2 1942
6857 2 1319
6860 2 4312
6860 0 3991
6862 2 4863
6863 2 1954
6864 2 1967
6866 1 2169
6868 1 2165
6869 1 2187
6870 1 2189
6877 2 1320
6878 0 3991
6881 2 2621
6881 1 2196
6883 1 4995
6884 1 4509
6886 1 4992
6886 0 5963
6888 0 6438
6889 1 2190
6890 2 596
6892 0 6095
6894 2 6744
6895 0 5967
6898 1 2186
6900 1 4506
6904 2 4312
6908 1 4691
6910 1 3182
6911 0 5488
6913 2 4839
6914 0 1526
6915 1 4997
6925 0 1528
6926 2 2213
6926 1 4995
6928 1 3182
6929 2 4018
6931 2 694
6932 2 650
6935 1 2194
6936 1 5666
6938 1 2199
6939 2 1940
6939 1 2192
6942 2 695
6946 2 1112
6946 0 1524
6949 2 6780
6950 2 2623
6952 2 212
6953 2 4480
6953 1 2182
6955 1 2174
6956 2 4840
6958 2 2037
6964 2 1395
6964 1 983
6965 1 4994
6966 1 2190
6966 0 1535
6967 2 1958
6971 2 737
6971 0 1535
6974 1 4682
6977 0 1528
6978 1 4685
6981 1 4686
6986 2 4869
6988 2 2017
6988 1 2164
6989 0 6098
6990 2 1950
7000 1 3033
7003 1 4993
7008 1 4993
7019 2 4316
7021 1 2163
7022 1 2194
7024 2 4316
7025 0 5303
7026 1 4681
7032 1 4502
7032 0 3996
7035 1 2172
7036 1 4688
7038 2 1113
7038 0 3991
7041 2 672
7042 2 4850
7043 2 703
7044 1 2194
7045 1 4995
7046 0 4530
7053 2 547
7056 0 1534
7057 2 2215
7057 1 4686
7060 2 4325
7064 2 4621
7064 1 4681
7064 0 5967
7070 1 2187
7071 0 6435
7072 2 4311
7072 0 6437
7073 1 4997
7075 2 1965
7078 2 1392
7082 2 223
7083 0 6434
7084 1 2190
7087 2 593
7094 1 2188
7097 0 6093
7098 2 2984
7098 0 6099
7099 2 2624
7099 0 6100
7100 2 1065
7101 2 4836
7104 2 1339
7105 0 5964
7111 2 5288
7112 2 1413
7118 1 2190
7121 0 1522
7122 0 1535
7123 2 1325
7131 0 6434
7132 1 4681
7134 1 4501
7135 1 2190
7137 2 1948
7143 0 1526
7146 1 6216
7147 0 6107
7151 1 2199
7151 0 6108
7152 2 4852
7155 1 4998
7160 0 4097
7161 0 1531
7162 1 2173
7165 0 6106
7166 1 4997
7166 0 6684
7167 0 5315
7171 0 5492
7174 2 1970
7176 2 223
7178 0 3985
7179 1 4505
7180 1 2192
7182 1 2187
7191 1 5660
7191 0 6437
7192 1 4691
7192 0 6436
7193 2 1117
7194 1 4998
7196 0 1533
7199 1 4683
7200 2 4316
7200 1 4687
7200 0 1527
7201 2 569
7203 0 1527
7205 2 1126
7205 0 4098
7208 1 2198
7209 2 1152
7209 1 4992
7210 1 2163
7210 0 6731
7212 0 1529
7214 1 4494
7215 1 4997
7221 2 1145
7222 2 738
7222 0 6768
7224 2 564
7234 1 4509
7236 1 4997
7237 2 707
7245 1 4998
7247 2 4009
7249 2 1339
7251 1 4681
7252 1 2183
7253 1 3182
7255 2 1389
7257 2 1962
7261 1 4998
7266 2 5613
7267 1 4995
7269 2 1412
7270 1 3182
7277 2 700
7277 1 4682
7283 1 5659
7290 2 4323
7295 2 655
7300 1 2189
7302 1 4682
7306 1 4502
7310 2 1394
7312 2 2872
7315 1 4687
7319 1 4501
7320 1 2173
7323 2 1983
7325 2 6724
7330 2 4853
7334 1 2196
7341 1 2184
7347 1 4686
7350 1 4996
7353 1 4996
7354 1 4996
7356 1 2180
7357 2 547
7360 2 1958
7363 2 2042
7369 1 4430
7370 1 4506
7372 1 4685
7376 1 2181
7382 2 594
7385 1 4683
7386 2 1967
7390 2 1391
7395 1 4995
7400 1 2182
7402 1 3031
7403 1 4993
7405 1 4686
7407 1 6215
7410 2 1126
7422 1 4690
7435 2 1338
7438 1 4502
7439 1 2180
7441 1 4681
7444 2 708
7448 2 4839
7463 2 1119
7463 1 4509
7468 1 4684
7469 1 4684
7474 2 2887
7474 1 4688
7482 2 568
7482 1 2189
7488 1 4992
7489 1 4997
7495 2 565
7498 2 1948
7506 2 1965
7506 1 2189
7512 1 2185
7514 1 2167
7515 2 6782
7517 2 6722
7518 2 1960
7520 1 1368
7522 1 2173
7530 1 2189
7533 2 1946
7542 2 2885
7543 2 4864
7543 1 2183
7546 2 659
7546 1 2198
7547 1 4684
7548 2 2928
7551 2 1313
7555 1 4997
7556 2 4904
7561 1 2181
7565 2 1334
7572 1 4500
7579 2 697
7582 2 653
7583 2 1986
7585 2 2409
7586 2 566
7586 1 983
7588 1 3031
7591 1 3025
7598 2 1123
7598 1 2174
7602 2 569
7604 1 2181
7614 2 565
7620 1 4996
7628 1 2196
7641 2 1391
7643 2 1340
7645 1 2174
7650 1 4681
7655 2 650
7656 2 702
7656 1 4686
7657 1 4690
7658 2 705
7659 2 648
7659 1 2184
7662 2 4328
7662 1 2185
7664 1 2196
7667 1 4998
7669 2 4317
7670 1 3182
7671 2 2869
7672 2 1339
7672 1 4997
7674 2 739
7684 2 571
7686 2 1395
7693 2 6736
7694 2 1390
7697 2 1338
7700 2 1120
7704 1 6176
7705 1 4685
7707 1 4994
7711 2 1955
7714 2 4845
7734 1 4680
7736 1 4497
7737 1 4509
7740 2 4325
7740 1 2189
7742 2 4312
7743 2 699
7754 1 3182
7760 2 1944
7767 2 744
7772 1 2165
7775 2 1946
7775 1 4508
7778 2 7730
7780 1 2173
7781 2 2960
7782 1 4501
7783 1 4508
7794 1 4687
7797 2 6774
7800 1 2185
7802 1 4422
7803 1 6210
7809 2 696
7809 1 4500
7810 1 5665
7812 1 4686
7813 2 567
7818 2 2929
7820 2 2038
7821 2 2407
7827 1 2190
7830 2 737
7836 1 4998
7839 1 3182
7844 2 1148
7844 1 2189
7846 2 567
7849 1 4998
7855 2 4852
7858 2 553
7863 2 4868
7868 2 709
7872 2 4853
7884 1 2189
7893 1 4682
7894 1 2197
7896 2 4835
7897 1 4685
7898 2 6735
7907 2 707
7908 2 4844
7908 1 4992
7910 2 7733
7915 1 4998
7920 2 575
7936 2 705
7938 2 1067
7940 2 1957
7942 2 1952
7944 2 744
7949 2 571
7968 2 569
7969 2 4479
7972 2 6876
7974 2 2363
7979 2 4640
7981 2 646
7982 1 2163
7985 2 4840
7987 2 703
7996 1 4992
7999 2 1125
8002 1 2181
8003 1 4994
8005 2 654
8009 1 4684
8015 1 4685
8016 2 738
8017 1 4998
8026 2 744
8051 2 767
8055 2 2411
8064 2 1184
8073 2 1116
8074 2 1947
8075 2 530
8076 2 1374
8079 2 2218
8086 2 695
8090 1 3182
8097 2 4612
8098 2 1458
8107 1 4993
8109 2 1120
8112 2 1338
8115 2 6794
8116 1 3031
8118 2 6787
8118 1 3027
8120 2 1116
8121 1 2186
8124 2 4319
8128 1 4502
8133 1 4494
8136 1 6176
8137 2 4848
8138 2 4315
8142 2 691
8143 2 1338
8148 1 3028
8155 1 4994
8156 1 4686
8157 2 1336
8158 2 701
8168 1 2190
8178 1 4683
8186 1 2190
8199 1 2162
8202 1 4683
8205 1 2170
8214 2 1120
8225 1 4684
8227 1 4994
8228 2 1116
8231 2 564
8235 1 2183
8237 2 1982
8237 1 4687
8238 2 1943
8242 2 4869
8249 2 1416
8254 1 4684
8267 1 4506
8269 1 5654
8270 1 4504
8272 2 1339
8274 1 2187
8277 2 736
8279 2 1114
8282 2 1432
8285 2 4619
8286 2 738
8291 2 4846
8298 1 2166
8300 2 7771
8301 1 2181
8307 1 4504
8308 2 2377
8310 2 4327
8311 2 1119
8313 1 4998
8315 1 4429
8316 2 6726
8316 1 2199
8318 2 744
8320 1 4686
8326 1 4685
8328 2 4320
8331 2 1943
8332 1 4503
8335 1 4996
8341 2 565
8341 1 4509
8346 1 982
8358 2 6721
8362 2 4842
8366 2 744
8367 2 7767
8368 2 4843
8370 2 1980
8371 1 4993
8372 2 8077
8377 2 663
8377 1 4997
8379 1 4998
8384 1 5863
8388 1 982
8389 1 4993
8390 1 4508
8391 2 2920
8393 2 2889
8394 2 1340
8397 2 1110
8399 1 4506
8400 2 2011
8401 2 702
8404 1 2180
8406 1 2172
8408 1 2200
8412 2 1110
8413 1 4500
8416 2 1329
8418 2 1068
8419 1 2174
8422 2 1976
8424 1 4992
8436 2 1431
8446 1 982
8448 1 984
8450 2 4317
8451 2 1337
8452 1 4992
8453 1 2187
8458 2 1319
8462 2 1151
8465 2 565
8469 2 2012
8471 2 1067
8475 2 4317
8487 2 660
8494 2 4018
8494 1 4683
8498 1 2181
8500 1 2191
8501 1 4994
8505 1 2182
8507 1 2181
8508 1 4997
8515 1 2188
8520 2 2868
8523 2 1113
8526 2 701
8528 2 1965
8530 1 4500
8536 1 4690
8537 1 4992
8543 2 1112
8545 2 2019
8547 2 1389
8548 1 984
8550 1 2182
8555 2 664
8556 1 3032
8561 2 1961
8562 1 2174
8566 2 565
8570 2 567
8571 1 4997
8575 1 2168
8577 1 4503
8579 2 568
8583 2 4325
8583 1 2167
8586 2 1113
8586 1 2186
8589 1 4686
8597 2 666
8598 2 1420
8610 1 3182
8611 2 692
8613 1 4992
8620 1 4684
8622 1 2187
8625 2 1983
8627 2 4326
8629 2 710
8629 1 4997
8630 1 4509
8635 2 1118
8635 1 4684
8637 2 2927
8645 2 646
8647 1 6214
8648 2 661
8652 2 1392
8652 1 4686
8655 2 701
8655 1 4998
8667 1 4994
8669 2 4848
8671 1 4998
8675 1 4503
8676 1 4688
8678 2 2983
8679 2 4015
8680 2 1115
8680 1 2185
8681 1 4683
8684 2 4849
8688 2 4837
8693 1 3182
8694 2 691
8700 2 705
8701 2 4329
8701 1 3182
8703 2 4315
8713 1 4500
8714 1 2184
8717 2 592
8723 1 2190
8725 1 4997
8736 2 568
8737 1 4689
8740 1 4993
8741 1 2190
8747 2 703
8751 1 4686
8752 1 4992
8753 1 4998
8756 2 4959
8758 2 1996
8759 2 4323
8759 1 4494
8762 1 3182
8770 2 1391
8771 2 1314
8789 2 518
8792 1 2190
8797 2 1143
8800 2 575
8801 2 2886
8804 2 1067
8806 2 4314
8811 1 4995
8813 1 4680
8814 2 2215
8815 1 2163
8816 1 3033
8818 1 2196
8821 1 4682
8825 1 2189
8826 2 7798
8828 1 2189
8832 2 2223
8834 2 216
8854 1 4684
8856 2 7731
8872 1 4681
8876 1 4691
8878 1 4680
8880 1 4992
8881 1 2164
8884 2 1958
8885 1 2165
8888 2 3936
8888 1 4683
8890 2 2497
8892 2 4317
8893 2 1966
8895 1 6176
8899 1 3198
8900 2 708
8904 1 4502
8905 1 2194
8912 2 4015
8914 2 736
8915 1 2187
8916 2 1115
8917 2 6776
8917 1 4502
8921 2 8077
8925 2 1390
8927 1 2170
8928 2 1949
8929 1 2188
8937 1 2180
8940 2 2925
8941 2 661
8943 1 3182
8953 2 2214
8953 1 4994
8956 2 693
8959 1 4993
8961 2 743
8966 2 1115
8977 1 2167
8978 1 4504
8979 2 1952
8985 1 4683
8987 0 7930
8993 1 2190
8993 0 6095
8996 0 6108
8998 1 4691
8999 0 1527
9001 1 4687
9006 1 984
9015 2 708
9016 2 576
9018 1 4681
9018 0 6438
9019 2 691
9021 2 6775
9027 1 2169
9028 2 8091
9031 1 2188
9032 1 4997
9033 2 709
9040 1 4509
9041 1 2184
9042 1 3182
9042 0 6108
9043 2 4854
9050 1 2186
9052 2 4303
9053 0 5301
9054 1 2190
9056 2 1390
9056 1 2190
9056 0 7925
9061 0 1530
9064 0 1529
9065 1 4994
9066 2 657
9067 2 654
9071 1 2187
9071 0 8054
9073 0 6411
9074 2 1952
9074 0 6099
9077 1 4997
9077 0 5493
9083 0 3991
9087 1 2182
9091 2 6721
9091 1 4680
9098 0 1534
9099 2 2617
9101 1 2173
9101 0 6094
9102 1 4691
9104 1 2188
9105 0 3997
9107 1 2189
9109 2 2981
9114 1 4509
9115 2 559
9119 2 2614
9122 1 3198
9124 0 1522
9126 2 4310
9128 0 1524
9133 2 6742
9135 0 7928
9138 2 1946
9138 1 4994
9141 2 2372
9142 1 2190
9144 2 2618
9145 2 8100
9146 2 707
9149 1 4501
9150 1 5659
9150 0 3997
9154 2 1404
9156 0 7971
9157 1 4994
9158 2 1313
9159 1 4683
9160 2 1958
9163 1 4688
9165 0 1522
9167 2 2218
9168 1 4494
9168 0 8494
9172 1 4500
9174 1 2188
9180 0 6093
9181 0 5963
9186 2 4321
9191 1 2191
9199 2 4319
9200 2 1117
9202 2 1125
9207 1 2171
9208 0 6101
9211 2 3088
9214 0 7934
9221 1 5656
9221 0 1523
9223 2 1390
9224 0 8341
9225 0 6105
9227 1 2182
9228 2 1394
9234 2 2866
9237 1 4998
9238 2 1956
9240 0 7921
9241 2 1117
9242 2 4316
9243 1 4680
9244 2 549
9245 0 1535
9248 2 704
9249 2 4498
9250 2 6851
9254 2 6778
9254 1 4995
9255 1 4683
9255 0 7928
9256 0 6105
9259 1 7930
9261 0 4099
9263 2 701
9264 1 4691
9269 1 4993
9269 0 6096
9272 0 1530
9273 1 4998
9279 2 1967
9281 0 6434
9287 0 6095
9292 2 567
9295 0 1529
9296 1 4998
9297 0 1525
9307 1 2201
9308 1 4997
9318 1 2190
9321 1 4509
9325 2 4323
9325 0 6730
9326 0 6093
9329 1 983
9330 2 699
9330 0 7962
9331 1 4681
9335 2 693
9340 2 2875
9340 0 6436
9342 2 4848
9343 1 4506
9345 0 7929
9346 1 4509
9352 2 589
9355 1 4994
9362 0 4098
9363 0 7921
9365 1 2174
9366 1 2173
9374 1 2199
9379 0 1522
9382 0 6107
9383 1 4690
9385 1 4685
9386 1 2188
9387 1 2187
9389 2 7733
9390 1 2188
9391 1 4509
9396 2 708
9396 1 4992
9401 1 4994
9406 0 6096
9407 0 5963
9409 0 7853
9417 1 2201
9417 0 5211
9419 1 5665
9419 0 3988
9422 1 4994
9426 0 1524
9431 0 1526
9434 2 9400
9435 2 4847
9437 1 2188
9444 0 7931
9445 2 1112
9445 1 4502
9450 0 1534
9456 0 6101
9459 0 7933
9463 2 223
9464 1 4503
9466 2 1122
9466 1 4995
9466 0 8061
9467 0 6106
9473 1 983
9474 2 2015
9474 1 2199
9476 2 1946
9478 2 7789
9479 2 691
9480 2 743
9481 2 1392
9482 2 4328
9482 1 4505
9491 1 4681
9497 2 1338
9502 1 4682
9504 2 8080
9505 1 2190
9516 1 4992
9523 2 4607
9526 2 565
9541 0 8341
9542 0 3984
9543 1 4996
9552 0 6438
9557 2 703
9568 1 3182
9570 2 1967
9576 1 4680
9576 0 6434
9577 2 7770
9578 2 1186
9580 0 5967
9584 2 1986
9586 0 3987
9587 2 4574
9590 0 6734
9591 0 7959
9593 2 2203
9596 0 7968
9598 1 2189
9604 2 567
9613 0 5967
9614 1 2190
9617 1 4506
9619 2 6774
9619 1 4685
9620 1 2190
9622 2 1382
9626 1 2182
9629 2 9512
9633 1 2168
9634 1 2200
9638 1 4997
9643 2 1184
9643 1 3182
9644 1 2174
9645 2 8082
9648 1 4687
9651 0 1529
9656 2 9622
9660 0 6107
9662 1 4506
9672 2 1336
9673 2 9623
9674 2 1121
9676 1 2192
9678 2 4321
9678 0 3993
9684 1 2196
9688 1 4691
9695 1 2188
9698 1 6213
9699 2 701
9699 0 7928
9704 2 2200
9708 1 6215
9711 2 4326
9719 2 4311
9721 2 1124
9722 1 5666
9723 1 4508
9724 1 2167
9725 2 1312
9726 0 6095
9728 2 9622
9732 1 4680
9739 2 4853
9742 0 7957
9743 2 4625
9744 1 4424
9745 1 4578
9746 2 1112
9746 0 8530
9747 0 5299
9749 0 4933
9750 1 2180
9751 0 3990
9754 0 5211
9756 0 5305
9758 2 9574
9759 2 4325
9759 0 7926
9761 2 3874
9761 0 1524
9764 2 576
9767 1 4997
9768 1 4997
9769 2 567
9769 0 1526
9770 2 2197
9771 2 567
9772 2 9620
9774 2 708
9777 1 4992
9780 2 1337
9791 2 9233
9796 2 698
9803 1 2187
9808 1 4996
9813 0 1524
9821 1 4681
9823 1 4691
9827 1 3182
9828 1 2187
9829 0 1531
9834 1 4684
9838 1 4689
9840 0 7492
9842 1 4994
9845 1 2181
9851 0 7081
9854 0 7927
9856 1 2182
9859 0 2671
9863 2 7736
9864 2 4838
9865 2 740
9866 1 4689
9867 1 4992
9869 0 7928
9871 2 6722
9871 1 4992
9874 2 659
9875 1 2188
9876 0 7932
9879 2 710
9881 2 568
9881 1 4688
9881 0 6098
9884 1 4992
9885 0 6099
9887 1 2188
9890 2 1120
9895 1 2165
9897 1 2171
9901 1 4509
9919 1 4993
9921 2 702
9921 1 2171
9922 2 6779
9922 0 5966
9926 2 4853
9926 0 1529
9938 1 4998
9946 2 1940
9951 2 4321
9952 2 578
9953 2 4854
9954 2 565
9956 1 2188
9964 0 7927
9969 1 2188
9971 1 4998
9979 2 570
9980 2 565
9980 1 2187
9984 2 1985
9985 0 7924
9987 2 744
9989 1 2200
9990 2 1965
9992 1 4505
9994 1 4998
9999 2 1946
