100 5752.13217014
100.782778865 5735.97383575
101.56555773 5721.11167041
102.348336595 5707.5573509
103.13111546 5695.32116746
103.913894325 5684.40992468
104.69667319 5674.82389654
105.479452055 5666.5594345
106.26223092 5659.61118793
107.045009785 5653.97179902
107.82778865 5649.63367112
108.610567515 5646.58837184
109.39334638 5644.82483344
110.176125245 5644.33146422
110.95890411 5645.09779683
111.741682975 5647.11312849
112.52446184 5650.36678999
113.307240705 5654.84699259
114.090019569 5660.53871271
114.872798434 5667.425615
115.655577299 5675.49168757
116.438356164 5684.72093738
117.221135029 5695.09867303
118.003913894 5706.61067094
118.786692759 5719.24136608
119.569471624 5732.97534678
120.352250489 5747.79841453
121.135029354 5763.69613295
121.917808219 5780.65398294
122.700587084 5798.65602956
123.483365949 5817.68262729
124.266144814 5837.7124384
125.048923679 5858.72446983
125.831702544 5880.69742048
126.614481409 5903.61061863
127.397260274 5927.44403237
128.180039139 5952.1770074
128.962818004 5977.79013847
129.745596869 6004.26716381
130.528375734 6031.59324259
131.311154599 6059.75447908
132.093933464 6088.73711048
132.876712329 6118.52555348
133.659491194 6149.10375717
134.442270059 6180.45673681
135.225048924 6212.56969132
136.007827789 6245.42842332
136.790606654 6279.01896472
137.573385519 6313.32615811
138.356164384 6348.33494643
139.138943249 6384.03163198
139.921722114 6420.40225062
140.704500978 6457.43231037
141.487279843 6495.10567892
142.270058708 6533.40250387
143.052837573 6572.30092968
143.835616438 6611.77895446
144.618395303 6651.81381411
145.401174168 6692.38278813
146.183953033 6733.4631699
146.966731898 6775.03118554
147.749510763 6817.0635578
148.532289628 6859.53910401
149.315068493 6902.43737973
150.097847358 6945.73841328
150.880626223 6989.42207398
151.663405088 7033.46655336
152.446183953 7077.84955019
153.228962818 7122.54961972
154.011741683 7167.54552563
154.794520548 7212.81670981
155.577299413 7258.34303518
156.360078278 7304.10368155
157.142857143 7350.07828564
157.925636008 7396.24811133
158.708414873 7442.59468542
159.491193738 7489.09958862
160.273972603 7535.74364692
161.056751468 7582.50525585
161.839530333 7629.36182059
162.622309198 7676.29150257
163.405088063 7723.27243316
164.187866928 7770.28316226
164.970645793 7817.30290715
165.753424658 7864.31068021
166.536203523 7911.28684657
167.318982387 7958.21495247
168.101761252 8005.08003651
168.884540117 8051.86797932
169.667318982 8098.56488337
170.450097847 8145.15538643
171.232876712 8191.62375015
172.015655577 8237.95532155
172.798434442 8284.13551417
173.581213307 8330.14997597
174.363992172 8375.98441756
175.146771037 8421.6233964
175.929549902 8467.05157757
176.712328767 8512.25519599
177.495107632 8557.22027574
178.277886497 8601.9321466
179.060665362 8646.37454282
179.843444227 8690.52761711
180.626223092 8734.36956822
181.409001957 8777.8787461
182.191780822 8821.03266726
182.974559687 8863.80841345
183.757338552 8906.18309255
184.540117417 8948.13300272
185.322896282 8989.63535722
186.105675147 9030.67050212
186.888454012 9071.2200418
187.671232877 9111.26590545
188.454011742 9150.79013265
189.236790607 9189.77344335
190.019569472 9228.19610149
190.802348337 9266.03957706
191.585127202 9303.2852051
192.367906067 9339.9138058
193.150684932 9375.90626084
193.933463796 9411.24297391
194.716242661 9445.90514377
195.499021526 9479.87673385
196.281800391 9513.1426992
197.064579256 9545.68814183
197.847358121 9577.4981308
198.630136986 9608.55629983
199.412915851 9638.84610354
200.195694716 9668.3530424
200.978473581 9697.06326855
201.761252446 9724.96325603
202.544031311 9752.04095718
203.326810176 9778.28545097
204.109589041 9803.68867811
204.892367906 9828.24818371
205.675146771 9851.96473736
206.457925636 9874.84063265
207.240704501 9896.87975582
208.023483366 9918.08617123
208.806262231 9938.46454496
209.589041096 9958.02181069
210.371819961 9976.76529713
211.154598826 9994.70158614
211.937377691 10011.8374306
212.720156556 10028.1795608
213.502935421 10043.7355748
214.285714286 10058.5158775
215.068493151 10072.531879
215.851272016 10085.794765
216.634050881 10098.3155793
217.416829746 10110.1042438
218.199608611 10121.1701513
218.982387476 10131.5238342
219.765166341 10141.1755962
220.547945205 10150.1348354
221.33072407 10158.4110746
222.113502935 10166.013909
222.8962818 10172.9540383
223.679060665 10179.2453757
224.46183953 10184.9031769
225.244618395 10189.9424592
226.02739726 10194.3784135
226.810176125 10198.2257626
227.59295499 10201.4986067
228.375733855 10204.2116094
229.15851272 10206.3783175
229.941291585 10208.00976
230.72407045 10209.1157129
231.506849315 10209.7052092
232.28962818 10209.7870911
233.072407045 10209.3718004
233.85518591 10208.4700952
234.637964775 10207.0918936
235.42074364 10205.2468989
236.203522505 10202.9444405
236.98630137 10200.1935965
237.769080235 10197.0044741
238.5518591 10193.38702
239.334637965 10189.3501322
240.11741683 10184.9028483
240.900195695 10180.0547045
241.68297456 10174.8165105
242.465753425 10169.2022334
243.24853229 10163.2274207
244.031311155 10156.9077695
244.81409002 10150.2595491
245.596868885 10143.299157
246.37964775 10136.0429237
247.162426614 10128.5081045
247.945205479 10120.7114564
248.727984344 10112.6680425
249.510763209 10104.3922277
250.293542074 10095.8980899
251.076320939 10087.1997732
251.859099804 10078.3129075
252.641878669 10069.2534953
253.424657534 10060.0368977
254.207436399 10050.6783176
254.990215264 10041.1926855
255.772994129 10031.5946085
256.555772994 10021.8993485
257.338551859 10012.1217408
258.121330724 10002.2753273
258.904109589 9992.37335008
259.686888454 9982.42911952
260.469667319 9972.4564914
261.252446184 9962.47141001
262.035225049 9952.49055568
262.818003914 9942.52997809
263.600782779 9932.6056809
264.383561644 9922.73351239
265.166340509 9912.92868926
265.949119374 9903.20659883
266.731898239 9893.58135636
267.514677104 9884.06438058
268.297455969 9874.66568469
269.080234834 9865.39464622
269.863013699 9856.26032619
270.645792564 9847.27303926
271.428571429 9838.44331666
272.211350294 9829.78078457
272.994129159 9821.29497398
273.776908023 9812.99549435
274.559686888 9804.89187771
275.342465753 9796.99463995
276.125244618 9789.31409724
276.908023483 9781.85924441
277.690802348 9774.63910188
278.473581213 9767.6633472
279.256360078 9760.94283563
280.039138943 9754.49139398
280.821917808 9748.32433099
281.604696673 9742.4567714
282.387475538 9736.90444199
283.170254403 9731.68367255
283.953033268 9726.81068647
284.735812133 9722.30235058
285.518590998 9718.17459098
286.301369863 9714.4406083
287.084148728 9711.11236384
287.866927593 9708.20166969
288.649706458 9705.7201141
289.432485323 9703.68040726
290.215264188 9702.09557505
290.998043053 9700.97765914
291.780821918 9700.33886767
292.563600783 9700.19232134
293.346379648 9700.55116851
294.129158513 9701.42902122
294.911937378 9702.83874176
295.694716243 9704.79082179
296.477495108 9707.29475568
297.260273973 9710.36004867
298.043052838 9713.99606414
298.825831703 9718.21331259
299.608610568 9723.02227462
300.391389432 9728.43159346
301.174168297 9734.44924317
301.956947162 9741.083211
302.739726027 9748.34011645
303.522504892 9756.22551438
304.305283757 9764.74227947
305.088062622 9773.88831797
305.870841487 9783.65851311
306.653620352 9794.04654295
307.436399217 9805.04450347
308.219178082 9816.64422049
309.001956947 9828.83686038
309.784735812 9841.61162851
310.567514677 9854.95741159
311.350293542 9868.86427391
312.133072407 9883.32219766
312.915851272 9898.3211426
313.698630137 9913.8502139
314.481409002 9929.89607838
315.264187867 9946.44432399
316.046966732 9963.48086036
316.829745597 9980.9914351
317.612524462 9998.96244958
318.395303327 10017.3804781
319.178082192 10036.2310215
319.960861057 10055.499697
320.743639922 10075.1733694
321.526418787 10095.2388003
322.309197652 10115.6826111
323.091976517 10136.4903509
323.874755382 10157.6447716
324.657534247 10179.1273454
325.440313112 10200.9200904
326.223091977 10223.0048046
327.005870841 10245.3636329
327.788649706 10267.979294
328.571428571 10290.8342347
329.354207436 10313.9121803
330.136986301 10337.2000191
330.919765166 10360.6861078
331.702544031 10384.3595982
332.485322896 10408.2099175
333.268101761 10432.2252588
334.050880626 10456.3934778
334.833659491 10480.7034905
335.616438356 10505.1442214
336.399217221 10529.7046216
337.181996086 10554.373632
337.964774951 10579.1392895
338.747553816 10603.9897322
339.530332681 10628.9145401
340.313111546 10653.9032044
341.095890411 10678.9446681
341.878669276 10704.0266419
342.661448141 10729.1341048
343.444227006 10754.2504842
344.227005871 10779.3593125
345.009784736 10804.4434071
345.792563601 10829.4851934
346.575342466 10854.4669753
347.358121331 10879.3702955
348.140900196 10904.1771954
348.923679061 10928.8719065
349.706457926 10953.4393806
350.489236791 10977.8646548
351.272015656 11002.132566
352.054794521 11026.2266398
352.837573386 11050.1297567
353.62035225 11073.8254225
354.403131115 11097.2967746
355.18590998 11120.526462
355.968688845 11143.4968736
356.75146771 11166.1896055
357.534246575 11188.5864086
358.31702544 11210.6706352
359.099804305 11232.4258332
359.88258317 11253.8352321
360.665362035 11274.8813837
361.4481409 11295.5449784
362.230919765 11315.8058766
363.01369863 11335.6448177
363.796477495 11355.0424208
364.57925636 11373.9792079
365.362035225 11392.4361987
366.14481409 11410.3944456
366.927592955 11427.8364244
367.71037182 11444.7480665
368.493150685 11461.1169418
369.27592955 11476.9312898
370.058708415 11492.179704
370.84148728 11506.8497639
371.624266145 11520.9287515
372.40704501 11534.40511
373.189823875 11547.267161
373.97260274 11559.5028258
374.755381605 11571.0998441
375.53816047 11582.0450259
376.320939335 11592.325334
377.1037182 11601.9295456
377.886497065 11610.8464675
378.66927593 11619.0642081
379.452054795 11626.5696696
380.234833659 11633.3470102
381.017612524 11639.3788646
381.800391389 11644.6483616
382.583170254 11649.1379298
383.365949119 11652.8292723
384.148727984 11655.7041252
384.931506849 11657.7437792
385.714285714 11658.9306124
386.497064579 11659.2504597
387.279843444 11658.6905942
388.062622309 11657.2384528
388.845401174 11654.8817071
389.628180039 11651.6071133
390.410958904 11647.4009966
391.193737769 11642.2509022
391.976516634 11636.1439393
392.759295499 11629.0659098
393.542074364 11621.0022958
394.324853229 11611.9381391
395.107632094 11601.8592196
395.890410959 11590.7543089
396.673189824 11578.6132946
397.455968689 11565.4260469
398.238747554 11551.1825859
399.021526419 11535.8719834
399.804305284 11519.4833633
400.587084149 11502.0081849
401.369863014 11483.4386197
402.152641879 11463.7668536
402.935420744 11442.9865757
403.718199609 11421.0929133
404.500978474 11398.0841215
405.283757339 11373.9645963
406.066536204 11348.7422846
406.849315068 11322.4266307
407.632093933 11295.0288944
408.414872798 11266.5608976
409.197651663 11237.0351794
409.980430528 11206.4667217
410.763209393 11174.870777
411.545988258 11142.2612869
412.328767123 11108.6521694
413.111545988 11074.0574673
413.894324853 11038.4921488
414.677103718 11001.9742795
415.459882583 10964.5231347
416.242661448 10926.1576825
417.025440313 10886.8969997
417.808219178 10846.7595755
418.590998043 10805.7636178
419.373776908 10763.9287234
420.156555773 10721.274267
420.939334638 10677.8182996
421.722113503 10633.5789121
422.504892368 10588.5744599
423.287671233 10542.8245054
424.070450098 10496.3521492
424.853228963 10449.1819507
425.636007828 10401.3379317
426.418786693 10352.8442867
427.201565558 10303.7249332
427.984344423 10254.0030219
428.767123288 10203.7021481
429.549902153 10152.8443204
430.332681018 10101.4480041
431.115459883 10049.5298587
431.898238748 9997.10566059
432.681017613 9944.19078726
433.463796477 9890.8023022
434.246575342 9836.95758223
435.029354207 9782.67283084
435.812133072 9727.96409749
436.594911937 9672.84741954
437.377690802 9617.3386963
438.160469667 9561.45500475
438.943248532 9505.21319987
439.726027397 9448.62861503
440.508806262 9391.7166233
441.291585127 9334.49328928
442.074363992 9276.97609993
442.857142857 9219.18608266
443.639921722 9161.14606943
444.422700587 9102.8788976
445.205479452 9044.40812842
445.988258317 8985.75777502
446.771037182 8926.95184852
447.553816047 8868.01537759
448.336594912 8808.97271722
449.119373777 8749.8458758
449.902152642 8690.65593073
450.684931507 8631.42380253
451.467710372 8572.17052325
452.250489237 8512.91885929
453.033268102 8453.69216675
453.816046967 8394.51307475
454.598825832 8335.40435462
455.381604697 8276.38910586
456.164383562 8217.49042096
456.947162427 8158.73232763
457.729941292 8100.13848691
458.512720157 8041.73085633
459.295499022 7983.53105799
460.078277886 7925.56102476
460.861056751 7867.84339912
461.643835616 7810.40327147
462.426614481 7753.26664589
463.209393346 7696.4586357
463.992172211 7640.00436957
464.774951076 7583.9290408
465.557729941 7528.2571338
466.340508806 7473.01324797
467.123287671 7418.22030245
467.906066536 7363.89752188
468.688845401 7310.06223574
469.471624266 7256.73101167
470.254403131 7203.91997655
471.037181996 7151.64671364
471.819960861 7099.92908727
472.602739726 7048.78373389
473.385518591 6998.2272634
474.168297456 6948.27661735
474.951076321 6898.9487633
475.733855186 6850.26188159
476.516634051 6802.23391059
477.299412916 6754.88095694
478.082191781 6708.21910698
478.864970646 6662.26529636
479.647749511 6617.03790866
480.430528376 6572.55892728
481.213307241 6528.85216134
481.996086106 6485.94107257
482.778864971 6443.84987327
483.561643836 6402.60356418
484.344422701 6362.2270172
485.127201566 6322.74582965
485.909980431 6284.18436025
486.692759295 6246.56334801
487.47553816 6209.90190413
488.258317025 6174.21891439
489.04109589 6139.53296175
489.823874755 6105.86397364
490.60665362 6073.23227307
491.389432485 6041.65685452
492.17221135 6011.15694106
492.954990215 5981.75291078
493.73776908 5953.46520281
494.520547945 5926.31482469
495.30332681 5900.32181949
496.086105675 5875.50307568
496.86888454 5851.87419542
497.651663405 5829.45075392
498.43444227 5808.24817486
499.217221135 5788.28336247
500 5769.57320731
