100 8534.34003641
100.782778865 8521.32423794
101.56555773 8508.8974885
102.348336595 8497.06520511
103.13111546 8485.83212768
103.913894325 8475.20258826
104.69667319 8465.18032046
105.479452055 8455.76856668
106.26223092 8446.97010721
107.045009785 8438.7871685
107.82778865 8431.22194208
108.610567515 8424.27702691
109.39334638 8417.9553379
110.176125245 8412.26011895
110.95890411 8407.19478299
111.741682975 8402.76254931
112.52446184 8398.96664351
113.307240705 8395.81046575
114.090019569 8393.29730779
114.872798434 8391.43030269
115.655577299 8390.21231053
116.438356164 8389.64571283
117.221135029 8389.73280067
118.003913894 8390.47609977
118.786692759 8391.87814445
119.569471624 8393.94137937
120.352250489 8396.66799064
121.135029354 8400.05954596
121.917808219 8404.11718738
122.700587084 8408.84182647
123.483365949 8414.23383889
124.266144814 8420.2930075
125.048923679 8427.01854462
125.831702544 8434.40899883
126.614481409 8442.46266163
127.397260274 8451.17795858
128.180039139 8460.55326879
128.962818004 8470.58681257
129.745596869 8481.27651588
130.528375734 8492.61965703
131.311154599 8504.61298297
132.093933464 8517.25284268
132.876712329 8530.53483137
133.659491194 8544.45364087
134.442270059 8559.00297426
135.225048924 8574.17536896
136.007827789 8589.96255218
136.790606654 8606.35579098
137.573385519 8623.34567513
138.356164384 8640.92201293
139.138943249 8659.07375261
139.921722114 8677.78870913
140.704500978 8697.0537942
141.487279843 8716.85528247
142.270058708 8737.17856312
143.052837573 8758.0081221
143.835616438 8779.32766397
144.618395303 8801.12011187
145.401174168 8823.36806273
146.183953033 8846.05425358
146.966731898 8869.16146285
147.749510763 8892.67247226
148.532289628 8916.57005265
149.315068493 8940.83672178
150.097847358 8965.45489619
150.880626223 8990.40705358
151.663405088 9015.67539688
152.446183953 9041.24170024
153.228962818 9067.08729127
154.011741683 9093.19295694
154.794520548 9119.53933313
155.577299413 9146.10731459
156.360078278 9172.87786636
157.142857143 9199.83192819
157.925636008 9226.95042425
158.708414873 9254.21405248
159.491193738 9281.60350886
160.273972603 9309.09974244
161.056751468 9336.68361296
161.839530333 9364.33575873
162.622309198 9392.03673328
163.405088063 9419.76701376
164.187866928 9447.50742353
164.970645793 9475.23960709
165.753424658 9502.94583377
166.536203523 9530.60883724
167.318982387 9558.21181055
168.101761252 9585.73812841
168.884540117 9613.1714254
169.667318982 9640.49572551
170.450097847 9667.69497486
171.232876712 9694.75275184
172.015655577 9721.65224461
172.798434442 9748.37613677
173.581213307 9774.90696984
174.363992172 9801.22758566
175.146771037 9827.32090349
175.929549902 9853.16979637
176.712328767 9878.75718451
177.495107632 9904.06587711
178.277886497 9929.07880896
179.060665362 9953.77932396
179.843444227 9978.15077388
180.626223092 10002.1763135
181.409001957 10025.8390817
182.191780822 10049.122228
182.974559687 10072.0092973
183.757338552 10094.4847228
184.540117417 10116.5336156
185.322896282 10138.1416051
186.105675147 10159.2949924
186.888454012 10179.9806043
187.671232877 10200.185856
188.454011742 10219.8988865
189.236790607 10239.1080668
190.019569472 10257.8016365
190.802348337 10275.9677818
191.585127202 10293.5946193
192.367906067 10310.6704944
193.150684932 10327.184432
193.933463796 10343.1259307
194.716242661 10358.4848112
195.499021526 10373.2514444
196.281800391 10387.4167134
197.064579256 10400.9721816
197.847358121 10413.9103286
198.630136986 10426.2240842
199.412915851 10437.9064814
200.195694716 10448.9508452
200.978473581 10459.3508255
201.761252446 10469.1006342
202.544031311 10478.1954517
203.326810176 10486.6311384
204.109589041 10494.4039609
204.892367906 10501.5107908
205.675146771 10507.9490062
206.457925636 10513.7164559
207.240704501 10518.8115465
208.023483366 10523.2327206
208.806262231 10526.9780059
209.589041096 10530.045111
210.371819961 10532.4314174
211.154598826 10534.1341304
211.937377691 10535.1506385
212.720156556 10535.4783156
213.502935421 10535.1143512
214.285714286 10534.0560443
215.068493151 10532.3008653
215.851272016 10529.8465651
216.634050881 10526.691378
217.416829746 10522.8336307
218.199608611 10518.2714096
218.982387476 10513.0027899
219.765166341 10507.0259388
220.547945205 10500.3392749
221.33072407 10492.9418239
222.113502935 10484.8330251
222.8962818 10476.0125324
223.679060665 10466.4805298
224.46183953 10456.2377989
225.244618395 10445.285691
226.02739726 10433.6262166
226.810176125 10421.2616377
227.59295499 10408.1940684
228.375733855 10394.4256622
229.15851272 10379.958732
229.941291585 10364.7958788
230.72407045 10348.9403447
231.506849315 10332.3959001
232.28962818 10315.166709
233.072407045 10297.2576977
233.85518591 10278.6747166
234.637964775 10259.4246223
235.42074364 10239.5154538
236.203522505 10218.9560754
236.98630137 10197.7558196
237.769080235 10175.9247086
238.5518591 10153.4735631
239.334637965 10130.4140726
240.11741683 10106.7590656
240.900195695 10082.5222775
241.68297456 10057.7180808
242.465753425 10032.3617422
243.24853229 10006.4694484
244.031311155 9980.05817835
244.81409002 9953.14569887
245.596868885 9925.75010645
246.37964775 9897.88935231
247.162426614 9869.58134521
247.945205479 9840.84399484
248.727984344 9811.6952182
249.510763209 9782.15317993
250.293542074 9752.23614233
251.076320939 9721.96230206
251.859099804 9691.35013735
252.641878669 9660.41857351
253.424657534 9629.18699704
254.207436399 9597.67534715
254.990215264 9565.90372341
255.772994129 9533.89196735
256.555772994 9501.65985528
257.338551859 9469.22719892
258.121330724 9436.61382784
258.904109589 9403.83979744
259.686888454 9370.9251633
260.469667319 9337.88972185
261.252446184 9304.75336333
262.035225049 9271.53621365
262.818003914 9238.25849165
263.600782779 9204.94049721
264.383561644 9171.60218437
265.166340509 9138.26267678
265.949119374 9104.94046997
266.731898239 9071.65359917
267.514677104 9038.4196384
268.297455969 9005.25597921
269.080234834 8972.17975419
269.863013699 8939.20770578
270.645792564 8906.35666623
271.428571429 8873.6438592
272.211350294 8841.08691954
272.994129159 8808.70400655
273.776908023 8776.51343719
274.559686888 8744.53323378
275.342465753 8712.78135153
276.125244618 8681.27580653
276.908023483 8650.03457471
277.690802348 8619.07574813
278.473581213 8588.41729481
279.256360078 8558.07676878
280.039138943 8528.0717208
280.821917808 8498.41991074
281.604696673 8469.13911921
282.387475538 8440.24711721
283.170254403 8411.76127449
283.953033268 8383.69805551
284.735812133 8356.07323375
285.518590998 8328.90205628
286.301369863 8302.19908305
287.084148728 8275.97833273
287.866927593 8250.25322005
288.649706458 8225.03641807
289.432485323 8200.34036262
290.215264188 8176.17762701
290.998043053 8152.56084105
291.780821918 8129.50270549
292.563600783 8107.01568893
293.346379648 8085.1115676
294.129158513 8063.80163653
294.911937378 8043.09686713
295.694716243 8023.00767256
296.477495108 8003.54394569
297.260273973 7984.71488908
298.043052838 7966.5287734
298.825831703 7948.9934163
299.608610568 7932.11653809
300.391389432 7915.90556763
301.174168297 7900.36760661
301.956947162 7885.5091856
302.739726027 7871.33584602
303.522504892 7857.85243549
304.305283757 7845.06338902
305.088062622 7832.97252534
305.870841487 7821.5831487
306.653620352 7810.89808524
307.436399217 7800.91959276
308.219178082 7791.64989591
309.001956947 7783.09164815
309.784735812 7775.24783417
310.567514677 7768.12177824
311.350293542 7761.71698718
312.133072407 7756.03678008
312.915851272 7751.08449267
313.698630137 7746.8636525
314.481409002 7743.37768058
315.264187867 7740.62983151
316.046966732 7738.62307985
316.829745597 7737.35991077
317.612524462 7736.84271985
318.395303327 7737.07415255
319.178082192 7738.05686842
319.960861057 7739.79343577
320.743639922 7742.28616284
321.526418787 7745.53672924
322.309197652 7749.54638418
323.091976517 7754.31614968
323.874755382 7759.846501
324.657534247 7766.13730266
325.440313112 7773.18783523
326.223091977 7780.99670186
327.005870841 7789.56224892
327.788649706 7798.88297396
328.571428571 7808.95733759
329.354207436 7819.7836445
330.136986301 7831.35990738
330.919765166 7843.68348345
331.702544031 7856.75119434
332.485322896 7870.55946566
333.268101761 7885.10395628
334.050880626 7900.37940026
334.833659491 7916.37952073
335.616438356 7933.09684831
336.399217221 7950.52308895
337.181996086 7968.64948812
337.964774951 7987.46660441
338.747553816 8006.96419906
339.530332681 8027.13115551
340.313111546 8047.95519621
341.095890411 8069.42311982
341.878669276 8091.5210772
342.661448141 8114.23431213
343.444227006 8137.54714068
344.227005871 8161.44307729
345.009784736 8185.90483397
345.792563601 8210.9147909
346.575342466 8236.45547938
347.358121331 8262.50947781
348.140900196 8289.05936991
348.923679061 8316.08772883
349.706457926 8343.57686442
350.489236791 8371.50897945
351.272015656 8399.86633744
352.054794521 8428.63091343
352.837573386 8457.78423325
353.62035225 8487.30735337
354.403131115 8517.18076082
355.18590998 8547.38477452
355.968688845 8577.89996736
356.75146771 8608.7069682
357.534246575 8639.78636007
358.31702544 8671.11868623
359.099804305 8702.68422817
359.88258317 8734.46323558
360.665362035 8766.43618868
361.4481409 8798.58344335
362.230919765 8830.88509477
363.01369863 8863.32111678
363.796477495 8895.87136893
364.57925636 8928.51603405
365.362035225 8961.23610932
366.14481409 8994.01320367
366.927592955 9026.82937271
367.71037182 9059.66711121
368.493150685 9092.50906441
369.27592955 9125.33811122
370.058708415 9158.13750059
370.84148728 9190.89037151
371.624266145 9223.57945788
372.40704501 9256.18706483
373.189823875 9288.69494976
373.97260274 9321.08469914
374.755381605 9353.33818556
375.53816047 9385.43733722
376.320939335 9417.36401013
377.1037182 9449.10007924
377.886497065 9480.62727023
378.66927593 9511.92740513
379.452054795 9542.98269676
380.234833659 9573.77533879
381.017612524 9604.28730065
381.800391389 9634.50051339
382.583170254 9664.39689565
383.365949119 9693.95875583
384.148727984 9723.16930207
384.931506849 9752.01242857
385.714285714 9780.4725545
386.497064579 9808.53477594
387.279843444 9836.18471003
388.062622309 9863.40856427
388.845401174 9890.19327875
389.628180039 9916.52602337
390.410958904 9942.39383031
391.193737769 9967.78367007
391.976516634 9992.68243004
392.759295499 10017.0772253
393.542074364 10040.9558607
394.324853229 10064.3066169
395.107632094 10087.1180934
395.890410959 10109.3794321
396.673189824 10131.0802676
397.455968689 10152.2109009
398.238747554 10172.7625437
399.021526419 10192.7268409
399.804305284 10212.0955228
400.587084149 10230.8605959
401.369863014 10249.0143751
402.152641879 10266.549737
402.935420744 10283.4605424
403.718199609 10299.7413436
404.500978474 10315.387107
405.283757339 10330.3934087
406.066536204 10344.7563237
406.849315068 10358.4723968
407.632093933 10371.5387374
408.414872798 10383.9524867
409.197651663 10395.7103643
409.980430528 10406.8087622
410.763209393 10417.2437306
411.545988258 10427.0111447
412.328767123 10436.1070774
413.111545988 10444.5275935
413.894324853 10452.2685758
414.677103718 10459.3260126
415.459882583 10465.6960458
416.242661448 10471.3750897
417.025440313 10476.3600436
417.808219178 10480.647894
418.590998043 10484.2353833
419.373776908 10487.1192424
420.156555773 10489.2962913
420.939334638 10490.7636169
421.722113503 10491.5189461
422.504892368 10491.5604486
423.287671233 10490.8865367
424.070450098 10489.4961755
424.853228963 10487.3889361
425.636007828 10484.5649744
426.418786693 10481.0251279
427.201565558 10476.770497
427.984344423 10471.8020443
428.767123288 10466.1207767
429.549902153 10459.7278562
430.332681018 10452.6247432
431.115459883 10444.81356
431.898238748 10436.2969678
432.681017613 10427.0780279
433.463796477 10417.1605599
434.246575342 10406.5492875
435.029354207 10395.2499279
435.812133072 10383.2693742
436.594911937 10370.6153287
437.377690802 10357.2959466
438.160469667 10343.3200571
438.943248532 10328.6972702
439.726027397 10313.4380645
440.508806262 10297.5540743
441.291585127 10281.0578537
442.074363992 10263.9626047
442.857142857 10246.2824278
443.639921722 10228.032334
444.422700587 10209.2281256
445.205479452 10189.8864005
445.988258317 10170.0240851
446.771037182 10149.65796
447.553816047 10128.8047594
448.336594912 10107.4812082
449.119373777 10085.7040455
449.902152642 10063.4902791
450.684931507 10040.8570273
451.467710372 10017.8213522
452.250489237 9994.40059757
453.033268102 9970.61253822
453.816046967 9946.47540355
454.598825832 9922.00798032
455.381604697 9897.22921416
456.164383562 9872.15779591
456.947162427 9846.81235539
457.729941292 9821.21155804
458.512720157 9795.37410691
459.295499022 9769.31896712
460.078277886 9743.06513748
460.861056751 9716.63139226
461.643835616 9690.03662558
462.426614481 9663.29997807
463.209393346 9636.44070351
463.992172211 9609.47816532
464.774951076 9582.43140328
465.557729941 9555.31865204
466.340508806 9528.15753781
467.123287671 9500.9652361
467.906066536 9473.75848506
468.688845401 9446.5538732
469.471624266 9419.36775441
470.254403131 9392.21611335
471.037181996 9365.11503263
471.819960861 9338.0809763
472.602739726 9311.13081625
473.385518591 9284.28195214
474.168297456 9257.55193906
474.951076321 9230.95804023
475.733855186 9204.51745299
476.516634051 9178.24743219
477.299412916 9152.16520677
478.082191781 9126.28814975
478.864970646 9100.63353634
479.647749511 9075.21825574
480.430528376 9050.05921176
481.213307241 9025.17352036
481.996086106 9000.57833094
482.778864971 8976.29080439
483.561643836 8952.32771757
484.344422701 8928.70496482
485.127201566 8905.43776734
485.909980431 8882.5408294
486.692759295 8860.02819382
487.47553816 8837.91339813
488.258317025 8816.2094049
489.04109589 8794.92846192
489.823874755 8774.08259248
490.60665362 8753.68395139
491.389432485 8733.7447523
492.17221135 8714.27729044
492.954990215 8695.29363662
493.73776908 8676.80518492
494.520547945 8658.82286109
495.30332681 8641.35727354
496.086105675 8624.41849621
496.86888454 8608.01611854
497.651663405 8592.1590737
498.43444227 8576.85539948
499.217221135 8562.1127038
500 8547.93850294
