100 8000.00001088
100.782778865 8000.0000057
101.56555773 8000.00001091
102.348336595 8000.00001291
103.13111546 8000.00002292
103.913894325 8000.00001369
104.69667319 8000.00001166
105.479452055 8000.00000621
106.26223092 8000.00001159
107.045009785 8000.00000254
107.82778865 8000.00000422
108.610567515 8000.00000339
109.39334638 8000.00001163
110.176125245 8000.00000193
110.95890411 8000.0000006
111.741682975 7999.99999673
112.52446184 8000.00000427
113.307240705 7999.9999976
114.090019569 8000.00000154
114.872798434 8000.00000254
115.655577299 8000.00001185
116.438356164 8000.00000226
117.221135029 8000.00000019
118.003913894 7999.99999499
118.786692759 8000.00000089
119.569471624 7999.99999257
120.352250489 7999.99999516
121.135029354 7999.99999539
121.917808219 8000.00000479
122.700587084 7999.99999631
123.483365949 7999.99999621
124.266144814 7999.99999353
125.048923679 8000.0000022
125.831702544 7999.99999655
126.614481409 8000.00000135
127.397260274 8000.00000303
128.180039139 8000.00001279
128.962818004 8000.0000034
129.745596869 8000.00000129
130.528375734 7999.99999584
131.311154599 8000.00000131
132.093933464 7999.9999924
132.876712329 7999.9999943
133.659491194 7999.99999375
134.442270059 8000.00000232
135.225048924 7999.99999302
136.007827789 7999.99999213
136.790606654 7999.99998874
137.573385519 7999.99999681
138.356164384 7999.99999071
139.138943249 7999.99999524
139.921722114 7999.99999685
140.704500978 8000.0000068
141.487279843 7999.99999786
142.270058708 7999.99999644
143.052837573 7999.9999919
143.835616438 7999.99999845
144.618395303 7999.99999077
145.401174168 7999.99999399
146.183953033 7999.99999482
146.966731898 8000.00000481
147.749510763 7999.99999689
148.532289628 7999.99999731
149.315068493 7999.99999512
150.097847358 8000.00000423
150.880626223 7999.99999898
151.663405088 8000.00000413
152.446183953 8000.00000608
153.228962818 8000.00001606
154.011741683 8000.00000683
154.794520548 8000.00000481
155.577299413 7999.99999939
156.360078278 8000.00000482
157.142857143 7999.99999584
157.925636008 7999.9999976
158.708414873 7999.99999686
159.491193738 8000.00000522
160.273972603 7999.99999565
161.056751468 7999.99999447
161.839530333 7999.99999076
162.622309198 7999.99999848
163.405088063 7999.999992
164.187866928 7999.99999614
164.970645793 7999.99999735
165.753424658 8000.00000688
166.536203523 7999.99999753
167.318982387 7999.9999957
168.101761252 7999.99999076
168.884540117 7999.99999692
169.667318982 7999.99998887
170.450097847 7999.99999174
171.232876712 7999.99999226
172.015655577 8000.00000195
172.798434442 7999.99999377
173.581213307 7999.99999398
174.363992172 7999.99999161
175.146771037 8000.0000006
175.929549902 7999.99999527
176.712328767 8000.0000004
177.495107632 8000.0000024
178.277886497 8000.00001248
179.060665362 8000.00000342
179.843444227 8000.00000164
180.626223092 7999.99999651
181.409001957 8000.0000023
182.191780822 7999.99999372
182.974559687 7999.99999594
183.757338552 7999.9999957
184.540117417 8000.00000459
185.322896282 7999.99999559
186.105675147 7999.999995
186.888454012 7999.99999191
187.671232877 8000.00000026
188.454011742 7999.99999444
189.236790607 7999.99999924
190.019569472 8000.00000112
190.802348337 8000.00001132
191.585127202 8000.00000262
192.367906067 8000.00000144
193.150684932 7999.99999713
193.933463796 8000.00000389
194.716242661 7999.99999641
195.499021526 7999.99999982
196.281800391 8000.00000082
197.064579256 8000.00001097
197.847358121 8000.00000319
198.630136986 8000.00000375
199.412915851 8000.00000167
200.195694716 8000.00001088
200.978473581 8000.0000057
201.761252446 8000.00001091
202.544031311 8000.00001291
203.326810176 8000.00002292
204.109589041 8000.00001369
204.892367906 8000.00001166
205.675146771 8000.00000621
206.457925636 8000.00001159
207.240704501 8000.00000254
208.023483366 8000.00000422
208.806262231 8000.00000339
209.589041096 8000.00001163
210.371819961 8000.00000193
211.154598826 8000.0000006
211.937377691 7999.99999673
212.720156556 8000.00000427
213.502935421 7999.9999976
214.285714286 8000.00000154
215.068493151 8000.00000254
215.851272016 8000.00001185
216.634050881 8000.00000226
217.416829746 8000.00000019
218.199608611 7999.99999499
218.982387476 8000.00000089
219.765166341 7999.99999257
220.547945205 7999.99999516
221.33072407 7999.99999539
222.113502935 8000.00000479
222.8962818 7999.99999631
223.679060665 7999.99999621
224.46183953 7999.99999353
225.244618395 8000.0000022
226.02739726 7999.99999655
226.810176125 8000.00000135
227.59295499 8000.00000303
228.375733855 8000.00001279
229.15851272 8000.0000034
229.941291585 8000.00000129
230.72407045 7999.99999584
231.506849315 8000.00000131
232.28962818 7999.9999924
233.072407045 7999.9999943
233.85518591 7999.99999375
234.637964775 8000.00000232
235.42074364 7999.99999302
236.203522505 7999.99999213
236.98630137 7999.99998874
237.769080235 7999.99999681
238.5518591 7999.99999071
239.334637965 7999.99999524
240.11741683 7999.99999685
240.900195695 8000.0000068
241.68297456 7999.99999786
242.465753425 7999.99999644
243.24853229 7999.9999919
244.031311155 7999.99999845
244.81409002 7999.99999077
245.596868885 7999.99999399
246.37964775 7999.99999482
247.162426614 8000.00000481
247.945205479 7999.99999689
248.727984344 7999.99999731
249.510763209 7999.99999512
250.293542074 8000.00000423
251.076320939 7999.99999898
251.859099804 8000.00000413
252.641878669 8000.00000608
253.424657534 8000.00001606
254.207436399 8000.00000683
254.990215264 8000.00000481
255.772994129 7999.99999939
256.555772994 8000.00000482
257.338551859 7999.99999584
258.121330724 7999.9999976
258.904109589 7999.99999686
259.686888454 8000.00000522
260.469667319 7999.99999565
261.252446184 7999.99999447
262.035225049 7999.99999076
262.818003914 7999.99999848
263.600782779 7999.999992
264.383561644 7999.99999614
265.166340509 7999.99999735
265.949119374 8000.00000688
266.731898239 7999.99999753
267.514677104 7999.9999957
268.297455969 7999.99999076
269.080234834 7999.99999692
269.863013699 7999.99998887
270.645792564 7999.99999174
271.428571429 7999.99999226
272.211350294 8000.00000195
272.994129159 7999.99999377
273.776908023 7999.99999398
274.559686888 7999.99999161
275.342465753 8000.0000006
276.125244618 7999.99999527
276.908023483 8000.0000004
277.690802348 8000.0000024
278.473581213 8000.00001248
279.256360078 8000.00000342
280.039138943 8000.00000164
280.821917808 7999.99999651
281.604696673 8000.0000023
282.387475538 7999.99999372
283.170254403 7999.99999594
283.953033268 7999.9999957
284.735812133 8000.00000459
285.518590998 7999.99999559
286.301369863 7999.999995
287.084148728 7999.99999191
287.866927593 8000.00000026
288.649706458 7999.99999444
289.432485323 7999.99999924
290.215264188 8000.00000112
290.998043053 8000.00001132
291.780821918 8000.00000262
292.563600783 8000.00000144
293.346379648 7999.99999713
294.129158513 8000.00000389
294.911937378 7999.99999641
295.694716243 7999.99999982
296.477495108 8000.00000082
297.260273973 8000.00001097
298.043052838 8000.00000319
298.825831703 8000.00000375
299.608610568 8000.00000167
300.391389432 8000.00001088
301.174168297 8000.0000057
301.956947162 8000.00001091
302.739726027 8000.00001291
303.522504892 8000.00002292
304.305283757 8000.00001369
305.088062622 8000.00001166
305.870841487 8000.00000621
306.653620352 8000.00001159
307.436399217 8000.00000254
308.219178082 8000.00000422
309.001956947 8000.00000339
309.784735812 8000.00001163
310.567514677 8000.00000193
311.350293542 8000.0000006
312.133072407 7999.99999673
312.915851272 8000.00000427
313.698630137 7999.9999976
314.481409002 8000.00000154
315.264187867 8000.00000254
316.046966732 8000.00001185
316.829745597 8000.00000226
317.612524462 8000.00000019
318.395303327 7999.99999499
319.178082192 8000.00000089
319.960861057 7999.99999257
320.743639922 7999.99999516
321.526418787 7999.99999539
322.309197652 8000.00000479
323.091976517 7999.99999631
323.874755382 7999.99999621
324.657534247 7999.99999353
325.440313112 8000.0000022
326.223091977 7999.99999655
327.005870841 8000.00000135
327.788649706 8000.00000303
328.571428571 8000.00001279
329.354207436 8000.0000034
330.136986301 8000.00000129
330.919765166 7999.99999584
331.702544031 8000.00000131
332.485322896 7999.9999924
333.268101761 7999.9999943
334.050880626 7999.99999375
334.833659491 8000.00000232
335.616438356 7999.99999302
336.399217221 7999.99999213
337.181996086 7999.99998874
337.964774951 7999.99999681
338.747553816 7999.99999071
339.530332681 7999.99999524
340.313111546 7999.99999685
341.095890411 8000.0000068
341.878669276 7999.99999786
342.661448141 7999.99999644
343.444227006 7999.9999919
344.227005871 7999.99999845
345.009784736 7999.99999077
345.792563601 7999.99999399
346.575342466 7999.99999482
347.358121331 8000.00000481
348.140900196 7999.99999689
348.923679061 7999.99999731
349.706457926 7999.99999512
350.489236791 8000.00000423
351.272015656 7999.99999898
352.054794521 8000.00000413
352.837573386 8000.00000608
353.62035225 8000.00001606
354.403131115 8000.00000683
355.18590998 8000.00000481
355.968688845 7999.99999939
356.75146771 8000.00000482
357.534246575 7999.99999584
358.31702544 7999.9999976
359.099804305 7999.99999686
359.88258317 8000.00000522
360.665362035 7999.99999565
361.4481409 7999.99999447
362.230919765 7999.99999076
363.01369863 7999.99999848
363.796477495 7999.999992
364.57925636 7999.99999614
365.362035225 7999.99999735
366.14481409 8000.00000688
366.927592955 7999.99999753
367.71037182 7999.9999957
368.493150685 7999.99999076
369.27592955 7999.99999692
370.058708415 7999.99998887
370.84148728 7999.99999174
371.624266145 7999.99999226
372.40704501 8000.00000195
373.189823875 7999.99999377
373.97260274 7999.99999398
374.755381605 7999.99999161
375.53816047 8000.0000006
376.320939335 7999.99999527
377.1037182 8000.0000004
377.886497065 8000.0000024
378.66927593 8000.00001248
379.452054795 8000.00000342
380.234833659 8000.00000164
381.017612524 7999.99999651
381.800391389 8000.0000023
382.583170254 7999.99999372
383.365949119 7999.99999594
384.148727984 7999.9999957
384.931506849 8000.00000459
385.714285714 7999.99999559
386.497064579 7999.999995
387.279843444 7999.99999191
388.062622309 8000.00000026
388.845401174 7999.99999444
389.628180039 7999.99999924
390.410958904 8000.00000112
391.193737769 8000.00001132
391.976516634 8000.00000262
392.759295499 8000.00000144
393.542074364 7999.99999713
394.324853229 8000.00000389
395.107632094 7999.99999641
395.890410959 7999.99999982
396.673189824 8000.00000082
397.455968689 8000.00001097
398.238747554 8000.00000319
399.021526419 8000.00000375
399.804305284 8000.00000167
400.587084149 8000.00001088
401.369863014 8000.0000057
402.152641879 8000.00001091
402.935420744 8000.00001291
403.718199609 8000.00002292
404.500978474 8000.00001369
405.283757339 8000.00001166
406.066536204 8000.00000621
406.849315068 8000.00001159
407.632093933 8000.00000254
408.414872798 8000.00000422
409.197651663 8000.00000339
409.980430528 8000.00001163
410.763209393 8000.00000193
411.545988258 8000.0000006
412.328767123 7999.99999673
413.111545988 8000.00000427
413.894324853 7999.9999976
414.677103718 8000.00000154
415.459882583 8000.00000254
416.242661448 8000.00001185
417.025440313 8000.00000226
417.808219178 8000.00000019
418.590998043 7999.99999499
419.373776908 8000.00000089
420.156555773 7999.99999257
420.939334638 7999.99999516
421.722113503 7999.99999539
422.504892368 8000.00000479
423.287671233 7999.99999631
424.070450098 7999.99999621
424.853228963 7999.99999353
425.636007828 8000.0000022
426.418786693 7999.99999655
427.201565558 8000.00000135
427.984344423 8000.00000303
428.767123288 8000.00001279
429.549902153 8000.0000034
430.332681018 8000.00000129
431.115459883 7999.99999584
431.898238748 8000.00000131
432.681017613 7999.9999924
433.463796477 7999.9999943
434.246575342 7999.99999375
435.029354207 8000.00000232
435.812133072 7999.99999302
436.594911937 7999.99999213
437.377690802 7999.99998874
438.160469667 7999.99999681
438.943248532 7999.99999071
439.726027397 7999.99999524
440.508806262 7999.99999685
441.291585127 8000.0000068
442.074363992 7999.99999786
442.857142857 7999.99999644
443.639921722 7999.9999919
444.422700587 7999.99999845
445.205479452 7999.99999077
445.988258317 7999.99999399
446.771037182 7999.99999482
447.553816047 8000.00000481
448.336594912 7999.99999689
449.119373777 7999.99999731
449.902152642 7999.99999512
450.684931507 8000.00000423
451.467710372 7999.99999898
452.250489237 8000.00000413
453.033268102 8000.00000608
453.816046967 8000.00001606
454.598825832 8000.00000683
455.381604697 8000.00000481
456.164383562 7999.99999939
456.947162427 8000.00000482
457.729941292 7999.99999584
458.512720157 7999.9999976
459.295499022 7999.99999686
460.078277886 8000.00000522
460.861056751 7999.99999565
461.643835616 7999.99999447
462.426614481 7999.99999076
463.209393346 7999.99999848
463.992172211 7999.999992
464.774951076 7999.99999614
465.557729941 7999.99999735
466.340508806 8000.00000688
467.123287671 7999.99999753
467.906066536 7999.9999957
468.688845401 7999.99999076
469.471624266 7999.99999692
470.254403131 7999.99998887
471.037181996 7999.99999174
471.819960861 7999.99999226
472.602739726 8000.00000195
473.385518591 7999.99999377
474.168297456 7999.99999398
474.951076321 7999.99999161
475.733855186 8000.0000006
476.516634051 7999.99999527
477.299412916 8000.0000004
478.082191781 8000.0000024
478.864970646 8000.00001248
479.647749511 8000.00000342
480.430528376 8000.00000164
481.213307241 7999.99999651
481.996086106 8000.0000023
482.778864971 7999.99999372
483.561643836 7999.99999594
484.344422701 7999.9999957
485.127201566 8000.00000459
485.909980431 7999.99999559
486.692759295 7999.999995
487.47553816 7999.99999191
488.258317025 8000.00000026
489.04109589 7999.99999444
489.823874755 7999.99999924
490.60665362 8000.00000112
491.389432485 8000.00001132
492.17221135 8000.00000262
492.954990215 8000.00000144
493.73776908 7999.99999713
494.520547945 8000.00000389
495.30332681 7999.99999641
496.086105675 7999.99999982
496.86888454 8000.00000082
497.651663405 8000.00001097
498.43444227 8000.00000319
499.217221135 8000.00000375
500 8000.00000167
