0.446466215283 2806.70533467
1.04170604976 2806.70533467
1.63694588423 2806.70533467
2.2321857187 2806.70533467
2.82742555317 2806.70533467
3.42266538765 2806.70533467
4.01790522212 2806.70533467
4.61314505659 2806.70533467
5.20838489106 2806.70533467
5.80362472554 2806.70533467
6.39886456001 2806.70533467
6.99410439448 2806.70533467
7.58934422895 2806.70533467
8.18458406343 2806.70533467
8.7798238979 2806.70533467
9.37506373237 2806.70533467
9.97030356685 2806.70533467
10.5655434013 2806.70533467
11.1607832358 2806.70533467
11.7560230703 2806.70533467
12.3512629047 2806.70533467
12.9465027392 2806.70533467
13.5417425737 2806.70533467
14.1369824082 2806.70533467
14.7322222426 2806.70533467
15.3274620771 2806.70533467
15.9227019116 2806.70533467
16.517941746 2806.70533467
17.1131815805 2806.70533467
17.708421415 2806.70533467
18.3036612495 2806.70533467
18.8989010839 2806.70533467
19.4941409184 2806.70533467
20.0893807529 2806.70533467
20.6846205874 2806.70533467
21.2798604218 2806.70533467
21.8751002563 2806.70533467
22.4703400908 2806.70533467
23.0655799252 2806.70533467
23.6608197597 2806.70533467
24.2560595942 2806.70533467
24.8512994287 2806.70533467
25.4465392631 2806.70533467
26.0417790976 2806.70533467
26.6370189321 2806.70533467
27.2322587666 2806.70533467
27.827498601 2806.70533467
28.4227384355 2806.70533467
29.01797827 2806.70533467
29.6132181044 2806.70533467
30.2084579389 2806.70533467
30.8036977734 2806.70533467
31.3989376079 2806.70533467
31.9941774423 2806.70533467
32.5894172768 2806.70533467
33.1846571113 2806.70533467
33.7798969458 2806.70533467
34.3751367802 2806.70533467
34.9703766147 2806.70533467
35.5656164492 2806.70533467
36.1608562836 2806.70533467
36.7560961181 2806.70533467
37.3513359526 2806.70533467
37.9465757871 2806.70533467
38.5418156215 2806.70533467
39.137055456 2806.70533467
39.7322952905 2806.70533467
40.327535125 2806.70533467
40.9227749594 2806.70533467
41.5180147939 2806.70533467
42.1132546284 2806.70533467
42.7084944628 2806.70533467
43.3037342973 2806.70533467
43.8989741318 2806.70533467
44.4942139663 2806.70533467
45.0894538007 2806.70533467
45.6846936352 2806.70533467
46.2799334697 2806.70533467
46.8751733041 2806.70533467
47.4704131386 2806.70533467
48.0656529731 2806.70533467
48.6608928076 2806.70533467
49.256132642 2806.70533467
49.8513724765 2806.70533467
50.446612311 2806.70533467
51.0418521455 2806.70533467
51.6370919799 2806.70533467
52.2323318144 2806.70533467
52.8275716489 2806.70533467
53.4228114833 2806.70533467
54.0180513178 2806.70533467
54.6132911523 2806.70533467
55.2085309868 2806.70533467
55.8037708212 2806.70533467
56.3990106557 2806.70533467
56.9942504902 2806.70533467
57.5894903247 2806.70533467
58.1847301591 2806.70533467
58.7799699936 2806.70533467
59.3752098281 2806.70533467
59.9704496625 2806.70533467
60.565689497 2806.70533467
61.1609293315 2806.70533467
61.756169166 2806.70533467
62.3514090004 2806.70533467
62.9466488349 2806.70533467
63.5418886694 2806.70533467
64.1371285039 2806.70533467
64.7323683383 2806.70533467
65.3276081728 2806.70533467
65.9228480073 2806.70533467
66.5180878417 2806.70533467
67.1133276762 2806.70533467
67.7085675107 2806.70533467
68.3038073452 2806.70533467
68.8990471796 2806.70533467
69.4942870141 2806.70533467
70.0895268486 2806.70533467
70.6847666831 2806.70533467
71.2800065175 2806.70533467
71.875246352 2806.70533467
72.4704861865 2806.70533467
73.0657260209 2806.70533467
73.6609658554 2806.70533467
74.2562056899 2806.70533467
74.8514455244 2806.70533467
75.4466853588 2806.70533467
76.0419251933 2806.70533467
76.6371650278 2806.70533467
77.2324048623 2806.70533467
77.8276446967 2806.70533467
78.4228845312 2806.70533467
79.0181243657 2806.70533467
79.6133642001 2806.70533467
80.2086040346 2806.70533467
80.8038438691 2806.70533467
81.3990837036 2806.70533467
81.994323538 2806.70533467
82.5895633725 2806.70533467
83.184803207 2806.70533467
83.7800430415 2806.70533467
84.3752828759 2806.70533467
84.9705227104 2806.70533467
85.5657625449 2806.70533467
86.1610023793 2806.70533467
86.7562422138 2806.70533467
87.3514820483 2806.70533467
87.9467218828 2806.70533467
88.5419617172 2806.70533467
89.1372015517 2806.70533467
89.7324413862 2806.70533467
90.3276812207 2806.70533467
90.9229210551 2806.70533467
91.5181608896 2806.70533467
92.1134007241 2806.70533467
92.7086405585 2806.70533467
93.303880393 2806.70533467
93.8991202275 2806.70533467
94.494360062 2806.70533467
95.0895998964 2806.70533467
95.6848397309 2806.70533467
96.2800795654 2806.70533467
96.8753193999 2806.70533467
97.4705592343 2806.70533467
98.0657990688 2806.70533467
98.6610389033 2806.70533467
99.2562787377 2806.70533467
99.8515185722 2806.70533467
100.446758407 2806.70533467
101.041998241 2806.70533467
101.637238076 2806.70533467
102.23247791 2806.70533467
102.827717745 2806.70533467
103.422957579 2806.70533467
104.018197414 2806.70533467
104.613437248 2806.70533467
105.208677082 2806.70533467
105.803916917 2806.70533467
106.399156751 2806.70533467
106.994396586 2806.70533467
107.58963642 2806.70533467
108.184876255 2806.70533467
108.780116089 2806.70533467
109.375355924 2806.70533467
109.970595758 2806.70533467
110.565835593 2806.70533467
111.161075427 2806.70533467
111.756315262 2806.70533467
112.351555096 2806.70533467
112.946794931 2806.70533467
113.542034765 2806.70533467
114.1372746 2806.70533467
114.732514434 2806.70533467
115.327754269 2806.70533467
115.922994103 2806.70533467
116.518233937 2806.70533467
117.113473772 2806.70533467
117.708713606 2806.70533467
118.303953441 2806.70533467
118.899193275 2806.70533467
119.49443311 2806.70533467
120.089672944 2806.70533467
120.684912779 2806.70533467
121.280152613 2806.70533467
121.875392448 2806.70533467
122.470632282 2806.70533467
123.065872117 2806.70533467
123.661111951 2806.70533467
124.256351786 2806.70533467
124.85159162 2806.70533467
125.446831455 2806.70533467
126.042071289 2806.70533467
126.637311123 2806.70533467
127.232550958 2806.70533467
127.827790792 2806.70533467
128.423030627 2806.70533467
129.018270461 2806.70533467
129.613510296 2806.70533467
130.20875013 2806.70533467
130.803989965 2806.70533467
131.399229799 2806.70533467
131.994469634 2806.70533467
132.589709468 2806.70533467
133.184949303 2806.70533467
133.780189137 2806.70533467
134.375428972 2806.70533467
134.970668806 2806.70533467
135.565908641 2806.70533467
136.161148475 2806.70533467
136.75638831 2806.70533467
137.351628144 2806.70533467
137.946867978 2806.70533467
138.542107813 2806.70533467
139.137347647 2806.70533467
139.732587482 2806.70533467
140.327827316 2806.70533467
140.923067151 2806.70533467
141.518306985 2806.70533467
142.11354682 2806.70533467
142.708786654 2806.70533467
143.304026489 2806.70533467
143.899266323 2806.70533467
144.494506158 2806.70533467
145.089745992 2806.70533467
145.684985827 2806.70533467
146.280225661 2806.70533467
146.875465496 2806.70533467
147.47070533 2806.70533467
148.065945165 2806.70533467
148.661184999 2806.70533467
149.256424833 2806.70533467
149.851664668 2806.70533467
150.446904502 2806.70533467
151.042144337 2806.70533467
151.637384171 2806.70533467
152.232624006 2806.70533467
152.82786384 2806.70533467
153.423103675 2806.70533467
154.018343509 2806.70533467
154.613583344 2806.70533467
155.208823178 2806.70533467
155.804063013 2806.70533467
156.399302847 2806.70533467
156.994542682 2806.70533467
157.589782516 2806.70533467
158.185022351 2806.70533467
158.780262185 2806.70533467
159.375502019 2806.70533467
159.970741854 2806.70533467
160.565981688 2806.70533467
161.161221523 2806.70533467
161.756461357 2806.70533467
162.351701192 2806.70533467
162.946941026 2806.70533467
163.542180861 2806.70533467
164.137420695 2806.70533467
164.73266053 2806.70533467
165.327900364 2806.70533467
165.923140199 2806.70533467
166.518380033 2806.70533467
167.113619868 2806.70533467
167.708859702 2806.70533467
168.304099537 2806.70533467
168.899339371 2806.70533467
169.494579206 2806.70533467
170.08981904 2806.70533467
170.685058874 2806.70533467
171.280298709 2806.70533467
171.875538543 2806.70533467
172.470778378 2806.70533467
173.066018212 2806.70533467
173.661258047 2806.70533467
174.256497881 2806.70533467
174.851737716 2806.70533467
175.44697755 2806.70533467
176.042217385 2806.70533467
176.637457219 2806.70533467
177.232697054 2806.70533467
177.827936888 2806.70533467
178.423176723 2806.70533467
179.018416557 2806.70533467
179.613656392 2806.70533467
180.208896226 2806.70533467
180.80413606 2806.70533467
181.399375895 2806.70533467
181.994615729 2806.70533467
182.589855564 2806.70533467
183.185095398 2806.70533467
183.780335233 2806.70533467
184.375575067 2806.70533467
184.970814902 2806.70533467
185.566054736 2806.70533467
186.161294571 2806.70533467
186.756534405 2806.70533467
187.35177424 2806.70533467
187.947014074 2806.70533467
188.542253909 2806.70533467
189.137493743 2806.70533467
189.732733578 2806.70533467
190.327973412 2806.70533467
190.923213247 2806.70533467
191.518453081 2806.70533467
192.113692915 2806.70533467
192.70893275 2806.70533467
193.304172584 2806.70533467
193.899412419 2806.70533467
194.494652253 2806.70533467
195.089892088 2806.70533467
195.685131922 2806.70533467
196.280371757 2806.70533467
196.875611591 2806.70533467
197.470851426 2806.70533467
198.06609126 2806.70533467
198.661331095 2806.70533467
199.256570929 2806.70533467
199.851810764 2806.70533467
200.447050598 2806.70533467
201.042290433 2806.70533467
201.637530267 2806.70533467
202.232770102 2806.70533467
202.828009936 2806.70533467
203.42324977 2806.70533467
204.018489605 2806.70533467
204.613729439 2806.70533467
205.208969274 2806.70533467
205.804209108 2806.70533467
206.399448943 2806.70533467
206.994688777 2806.70533467
207.589928612 2806.70533467
208.185168446 2806.70533467
208.780408281 2806.70533467
209.375648115 2806.70533467
209.97088795 2806.70533467
210.566127784 2806.70533467
211.161367619 2806.70533467
211.756607453 2806.70533467
212.351847288 2806.70533467
212.947087122 2806.70533467
213.542326956 2806.70533467
214.137566791 2806.70533467
214.732806625 2806.70533467
215.32804646 2806.70533467
215.923286294 2806.70533467
216.518526129 2806.70533467
217.113765963 2806.70533467
217.709005798 2806.70533467
218.304245632 2806.70533467
218.899485467 2806.70533467
219.494725301 2806.70533467
220.089965136 2806.70533467
220.68520497 2806.70533467
221.280444805 2806.70533467
221.875684639 2806.70533467
222.470924474 2806.70533467
223.066164308 2806.70533467
223.661404143 2806.70533467
224.256643977 2806.70533467
224.851883811 2806.70533467
225.447123646 2806.70533467
226.04236348 2806.70533467
226.637603315 2806.70533467
227.232843149 2806.70533467
227.828082984 2806.70533467
228.423322818 2806.70533467
229.018562653 2806.70533467
229.613802487 2806.70533467
230.209042322 2806.70533467
230.804282156 2806.70533467
231.399521991 2806.70533467
231.994761825 2806.70533467
232.59000166 2806.70533467
233.185241494 2806.70533467
233.780481329 2806.70533467
234.375721163 2806.70533467
234.970960998 2806.70533467
235.566200832 2806.70533467
236.161440666 2806.70533467
236.756680501 2806.70533467
237.351920335 2806.70533467
237.94716017 2806.70533467
238.542400004 2806.70533467
239.137639839 2806.70533467
239.732879673 2806.70533467
240.328119508 2806.70533467
240.923359342 2806.70533467
241.518599177 2806.70533467
242.113839011 2806.70533467
242.709078846 2806.70533467
243.30431868 2806.70533467
243.899558515 2806.70533467
244.494798349 2806.70533467
245.090038184 2806.70533467
245.685278018 2806.70533467
246.280517852 2806.70533467
246.875757687 2806.70533467
247.470997521 2806.70533467
248.066237356 2806.70533467
248.66147719 2806.70533467
249.256717025 2806.70533467
249.851956859 2806.70533467
250.447196694 2806.70533467
251.042436528 2806.70533467
251.637676363 2806.70533467
252.232916197 2806.70533467
252.828156032 2806.70533467
253.423395866 2806.70533467
254.018635701 2806.70533467
254.613875535 2806.70533467
255.20911537 2806.70533467
255.804355204 2806.70533467
256.399595039 2806.70533467
256.994834873 2806.70533467
257.590074707 2806.70533467
258.185314542 2806.70533467
258.780554376 2806.70533467
259.375794211 2806.70533467
259.971034045 2806.70533467
260.56627388 2806.70533467
261.161513714 2806.70533467
261.756753549 2806.70533467
262.351993383 2806.70533467
262.947233218 2806.70533467
263.542473052 2806.70533467
264.137712887 2806.70533467
264.732952721 2806.70533467
265.328192556 2806.70533467
265.92343239 2806.70533467
266.518672225 2806.70533467
267.113912059 2806.70533467
267.709151894 2806.70533467
268.304391728 2806.70533467
268.899631562 2806.70533467
269.494871397 2806.70533467
270.090111231 2806.70533467
270.685351066 2806.70533467
271.2805909 2806.70533467
271.875830735 2806.70533467
272.471070569 2806.70533467
273.066310404 2806.70533467
273.661550238 2806.70533467
274.256790073 2806.70533467
274.852029907 2806.70533467
275.447269742 2806.70533467
276.042509576 2806.70533467
276.637749411 2806.70533467
277.232989245 2806.70533467
277.82822908 2806.70533467
278.423468914 2806.70533467
279.018708748 2806.70533467
279.613948583 2806.70533467
280.209188417 2806.70533467
280.804428252 2806.70533467
281.399668086 2806.70533467
281.994907921 2806.70533467
282.590147755 2806.70533467
283.18538759 2806.70533467
283.780627424 2806.70533467
284.375867259 2806.70533467
284.971107093 2806.70533467
285.566346928 2806.70533467
286.161586762 2806.70533467
286.756826597 2806.70533467
287.352066431 2806.70533467
287.947306266 2806.70533467
288.5425461 2806.70533467
289.137785935 2806.70533467
289.733025769 2806.70533467
290.328265603 2806.70533467
290.923505438 2806.70533467
291.518745272 2806.70533467
292.113985107 2806.70533467
292.709224941 2806.70533467
293.304464776 2806.70533467
293.89970461 2806.70533467
294.494944445 2806.70533467
295.090184279 2806.70533467
295.685424114 2806.70533467
296.280663948 2806.70533467
296.875903783 2806.70533467
297.471143617 2806.70533467
298.066383452 2806.70533467
298.661623286 2806.70533467
299.256863121 2806.70533467
299.852102955 2806.70533467
300.44734279 2806.70533467
301.042582624 2806.70533467
301.637822458 2806.70533467
302.233062293 2806.70533467
302.828302127 2806.70533467
303.423541962 2806.70533467
304.018781796 2806.70533467
304.614021631 2806.70533467
305.209261465 2688.58552145
305.8045013 2688.58552145
306.399741134 2688.58552145
306.994980969 2688.58552145
307.590220803 2688.58552145
308.185460638 2688.58552145
308.780700472 2688.58552145
309.375940307 2688.58552145
309.971180141 2688.58552145
310.566419976 2688.58552145
311.16165981 2688.58552145
311.756899644 2688.58552145
312.352139479 2688.58552145
312.947379313 2688.58552145
313.542619148 2688.58552145
314.137858982 2688.58552145
314.733098817 2688.58552145
315.328338651 2688.58552145
315.923578486 2688.58552145
316.51881832 2688.58552145
317.114058155 2688.58552145
317.709297989 2688.58552145
318.304537824 2688.58552145
318.899777658 2688.58552145
319.495017493 2688.58552145
320.090257327 2688.58552145
320.685497162 2688.58552145
321.280736996 2688.58552145
321.875976831 2688.58552145
322.471216665 2688.58552145
323.066456499 2688.58552145
323.661696334 2688.58552145
324.256936168 2688.58552145
324.852176003 2688.58552145
325.447415837 2688.58552145
326.042655672 2688.58552145
326.637895506 2688.58552145
327.233135341 2688.58552145
327.828375175 2688.58552145
328.42361501 2688.58552145
329.018854844 2688.58552145
329.614094679 2688.58552145
330.209334513 2688.58552145
330.804574348 2688.58552145
331.399814182 2688.58552145
331.995054017 2688.58552145
332.590293851 2688.58552145
333.185533685 2688.58552145
333.78077352 2688.58552145
334.376013354 2688.58552145
334.971253189 2688.58552145
335.566493023 2688.58552145
336.161732858 2688.58552145
336.756972692 2688.58552145
337.352212527 2688.58552145
337.947452361 2688.58552145
338.542692196 2688.58552145
339.13793203 2688.58552145
339.733171865 2688.58552145
340.328411699 2688.58552145
340.923651534 2688.58552145
341.518891368 2688.58552145
342.114131203 2688.58552145
342.709371037 2688.58552145
343.304610872 2688.58552145
343.899850706 2688.58552145
344.49509054 2688.58552145
345.090330375 2688.58552145
345.685570209 2688.58552145
346.280810044 2688.58552145
346.876049878 2688.58552145
347.471289713 2688.58552145
348.066529547 2688.58552145
348.661769382 2688.58552145
349.257009216 2688.58552145
349.852249051 2688.58552145
350.447488885 2688.58552145
351.04272872 2688.58552145
351.637968554 2688.58552145
352.233208389 2688.58552145
352.828448223 2688.58552145
353.423688058 2688.58552145
354.018927892 2688.58552145
354.614167727 2688.58552145
355.209407561 2688.58552145
355.804647395 2688.58552145
356.39988723 2688.58552145
356.995127064 2688.58552145
357.590366899 2688.58552145
358.185606733 2688.58552145
358.780846568 2688.58552145
359.376086402 2688.58552145
359.971326237 2688.58552145
360.566566071 2688.58552145
361.161805906 2688.58552145
361.75704574 2688.58552145
362.352285575 2688.58552145
362.947525409 2688.58552145
363.542765244 2688.58552145
364.138005078 2688.58552145
364.733244913 2688.58552145
365.328484747 2688.58552145
365.923724581 2688.58552145
366.518964416 2688.58552145
367.11420425 2688.58552145
367.709444085 2688.58552145
368.304683919 2688.58552145
368.899923754 2688.58552145
369.495163588 2688.58552145
370.090403423 2688.58552145
370.685643257 2688.58552145
371.280883092 2688.58552145
371.876122926 2688.58552145
372.471362761 2688.58552145
373.066602595 2688.58552145
373.66184243 2688.58552145
374.257082264 2688.58552145
374.852322099 2688.58552145
375.447561933 2688.58552145
376.042801768 2688.58552145
376.638041602 2688.58552145
377.233281436 2688.58552145
377.828521271 2688.58552145
378.423761105 2688.58552145
379.01900094 2688.58552145
379.614240774 2688.58552145
380.209480609 2688.58552145
380.804720443 2688.58552145
381.399960278 2688.58552145
381.995200112 2688.58552145
382.590439947 2688.58552145
383.185679781 2688.58552145
383.780919616 2688.58552145
384.37615945 2688.58552145
384.971399285 2688.58552145
385.566639119 2688.58552145
386.161878954 2688.58552145
386.757118788 2688.58552145
387.352358623 2688.58552145
387.947598457 2688.58552145
388.542838291 2688.58552145
389.138078126 2688.58552145
389.73331796 2688.58552145
390.328557795 2688.58552145
390.923797629 2688.58552145
391.519037464 2688.58552145
392.114277298 2688.58552145
392.709517133 2688.58552145
393.304756967 2688.58552145
393.899996802 2688.58552145
394.495236636 2688.58552145
395.090476471 2688.58552145
395.685716305 2688.58552145
396.28095614 2688.58552145
396.876195974 2688.58552145
397.471435809 2688.58552145
398.066675643 2688.58552145
398.661915477 2688.58552145
399.257155312 2688.58552145
399.852395146 2688.58552145
400.447634981 2688.58552145
401.042874815 2688.58552145
401.63811465 2688.58552145
402.233354484 2688.58552145
402.828594319 2688.58552145
403.423834153 2688.58552145
404.019073988 2688.58552145
404.614313822 2688.58552145
405.209553657 2688.58552145
405.804793491 2688.58552145
406.400033326 2688.58552145
406.99527316 2688.58552145
407.590512995 2688.58552145
408.185752829 2688.58552145
408.780992664 2688.58552145
409.376232498 2688.58552145
409.971472332 2688.58552145
410.566712167 2688.58552145
411.161952001 2688.58552145
411.757191836 2688.58552145
412.35243167 2688.58552145
412.947671505 2688.58552145
413.542911339 2688.58552145
414.138151174 2688.58552145
414.733391008 2688.58552145
415.328630843 2688.58552145
415.923870677 2688.58552145
416.519110512 2688.58552145
417.114350346 2688.58552145
417.709590181 2688.58552145
418.304830015 2688.58552145
418.90006985 2688.58552145
419.495309684 2688.58552145
420.090549519 2688.58552145
420.685789353 2688.58552145
421.281029187 2688.58552145
421.876269022 2688.58552145
422.471508856 2688.58552145
423.066748691 2688.58552145
423.661988525 2688.58552145
424.25722836 2688.58552145
424.852468194 2688.58552145
425.447708029 2688.58552145
426.042947863 2688.58552145
426.638187698 2688.58552145
427.233427532 2688.58552145
427.828667367 2688.58552145
428.423907201 2688.58552145
429.019147036 2688.58552145
429.61438687 2688.58552145
430.209626705 2688.58552145
430.804866539 2688.58552145
431.400106373 2688.58552145
431.995346208 2688.58552145
432.590586042 2688.58552145
433.185825877 2688.58552145
433.781065711 2688.58552145
434.376305546 2688.58552145
434.97154538 2688.58552145
435.566785215 2688.58552145
436.162025049 2688.58552145
436.757264884 2688.58552145
437.352504718 2688.58552145
437.947744553 2688.58552145
438.542984387 2688.58552145
439.138224222 2688.58552145
439.733464056 2688.58552145
440.328703891 2688.58552145
440.923943725 2688.58552145
441.51918356 2688.58552145
442.114423394 2688.58552145
442.709663228 2688.58552145
443.304903063 2688.58552145
443.900142897 2688.58552145
444.495382732 2688.58552145
445.090622566 2688.58552145
445.685862401 2688.58552145
446.281102235 2688.58552145
446.87634207 2688.58552145
447.471581904 2688.58552145
448.066821739 2688.58552145
448.662061573 2688.58552145
449.257301408 2688.58552145
449.852541242 2688.58552145
450.447781077 2688.58552145
451.043020911 2688.58552145
451.638260746 2688.58552145
452.23350058 2688.58552145
452.828740415 2688.58552145
453.423980249 2688.58552145
454.019220083 2688.58552145
454.614459918 2688.58552145
455.209699752 2688.58552145
455.804939587 2688.58552145
456.400179421 2688.58552145
456.995419256 2688.58552145
457.59065909 2543.12471995
458.185898925 2543.12471995
458.781138759 2543.12471995
459.376378594 2543.12471995
459.971618428 2543.12471995
460.566858263 2543.12471995
461.162098097 2543.12471995
461.757337932 2543.12471995
462.352577766 2543.12471995
462.947817601 2543.12471995
463.543057435 2543.12471995
464.138297269 2543.12471995
464.733537104 2543.12471995
465.328776938 2543.12471995
465.924016773 2543.12471995
466.519256607 2543.12471995
467.114496442 2543.12471995
467.709736276 2543.12471995
468.304976111 2543.12471995
468.900215945 2543.12471995
469.49545578 2543.12471995
470.090695614 2543.12471995
470.685935449 2543.12471995
471.281175283 2543.12471995
471.876415118 2543.12471995
472.471654952 2543.12471995
473.066894787 2543.12471995
473.662134621 2543.12471995
474.257374456 2543.12471995
474.85261429 2543.12471995
475.447854124 2543.12471995
476.043093959 2543.12471995
476.638333793 2543.12471995
477.233573628 2543.12471995
477.828813462 2543.12471995
478.424053297 2543.12471995
479.019293131 2543.12471995
479.614532966 2543.12471995
480.2097728 2543.12471995
480.805012635 2543.12471995
481.400252469 2543.12471995
481.995492304 2543.12471995
482.590732138 2543.12471995
483.185971973 2543.12471995
483.781211807 2543.12471995
484.376451642 2543.12471995
484.971691476 2543.12471995
485.56693131 2543.12471995
486.162171145 2543.12471995
486.757410979 2543.12471995
487.352650814 2543.12471995
487.947890648 2543.12471995
488.543130483 2543.12471995
489.138370317 2543.12471995
489.733610152 2543.12471995
490.328849986 2543.12471995
490.924089821 2543.12471995
491.519329655 2543.12471995
492.11456949 2543.12471995
492.709809324 2543.12471995
493.305049159 2543.12471995
493.900288993 2543.12471995
494.495528828 2543.12471995
495.090768662 2543.12471995
495.686008497 2543.12471995
496.281248331 2543.12471995
496.876488165 2543.12471995
497.471728 2543.12471995
498.066967834 2543.12471995
498.662207669 2543.12471995
499.257447503 2543.12471995
499.852687338 2543.12471995
500.447927172 2543.12471995
501.043167007 2543.12471995
501.638406841 2543.12471995
502.233646676 2543.12471995
502.82888651 2543.12471995
503.424126345 2543.12471995
504.019366179 2543.12471995
504.614606014 2543.12471995
505.209845848 2543.12471995
505.805085683 2543.12471995
506.400325517 2543.12471995
506.995565352 2543.12471995
507.590805186 2543.12471995
508.18604502 2543.12471995
508.781284855 2543.12471995
509.376524689 2543.12471995
509.971764524 2543.12471995
510.567004358 2543.12471995
511.162244193 2543.12471995
511.757484027 2543.12471995
512.352723862 2543.12471995
512.947963696 2543.12471995
513.543203531 2543.12471995
514.138443365 2543.12471995
514.7336832 2543.12471995
515.328923034 2543.12471995
515.924162869 2543.12471995
516.519402703 2543.12471995
517.114642538 2543.12471995
517.709882372 2543.12471995
518.305122206 2543.12471995
518.900362041 2543.12471995
519.495601875 2543.12471995
520.09084171 2543.12471995
520.686081544 2543.12471995
521.281321379 2543.12471995
521.876561213 2543.12471995
522.471801048 2543.12471995
523.067040882 2543.12471995
523.662280717 2543.12471995
524.257520551 2543.12471995
524.852760386 2543.12471995
525.44800022 2543.12471995
526.043240055 2543.12471995
526.638479889 2543.12471995
527.233719724 2543.12471995
527.828959558 2543.12471995
528.424199393 2543.12471995
529.019439227 2543.12471995
529.614679061 2543.12471995
530.209918896 2543.12471995
530.80515873 2543.12471995
531.400398565 2543.12471995
531.995638399 2543.12471995
532.590878234 2543.12471995
533.186118068 2543.12471995
533.781357903 2834.04632295
534.376597737 2834.04632295
534.971837572 2834.04632295
535.567077406 2834.04632295
536.162317241 2834.04632295
536.757557075 2834.04632295
537.35279691 2834.04632295
537.948036744 2834.04632295
538.543276579 2834.04632295
539.138516413 2834.04632295
539.733756248 2834.04632295
540.328996082 2834.04632295
540.924235916 2834.04632295
541.519475751 2834.04632295
542.114715585 2834.04632295
542.70995542 2834.04632295
543.305195254 2834.04632295
543.900435089 2834.04632295
544.495674923 2834.04632295
545.090914758 2834.04632295
545.686154592 2834.04632295
546.281394427 2834.04632295
546.876634261 2834.04632295
547.471874096 2834.04632295
548.06711393 2834.04632295
548.662353765 2834.04632295
549.257593599 2834.04632295
549.852833434 2834.04632295
550.448073268 2834.04632295
551.043313102 2834.04632295
551.638552937 2834.04632295
552.233792771 2834.04632295
552.829032606 2834.04632295
553.42427244 2834.04632295
554.019512275 2834.04632295
554.614752109 2834.04632295
555.209991944 2834.04632295
555.805231778 2834.04632295
556.400471613 2834.04632295
556.995711447 2834.04632295
557.590951282 2834.04632295
558.186191116 2834.04632295
558.781430951 2834.04632295
559.376670785 2834.04632295
559.97191062 2834.04632295
560.567150454 2834.04632295
561.162390289 2834.04632295
561.757630123 2834.04632295
562.352869957 2834.04632295
562.948109792 2834.04632295
563.543349626 2834.04632295
564.138589461 2834.04632295
564.733829295 2834.04632295
565.32906913 2834.04632295
565.924308964 2834.04632295
566.519548799 2834.04632295
567.114788633 2834.04632295
567.710028468 2834.04632295
568.305268302 2834.04632295
568.900508137 2834.04632295
569.495747971 2834.04632295
570.090987806 2834.04632295
570.68622764 2834.04632295
571.281467475 2834.04632295
571.876707309 2834.04632295
572.471947144 2834.04632295
573.067186978 2834.04632295
573.662426812 2834.04632295
574.257666647 2834.04632295
574.852906481 2834.04632295
575.448146316 2834.04632295
576.04338615 2834.04632295
576.638625985 2834.04632295
577.233865819 2834.04632295
577.829105654 2834.04632295
578.424345488 2834.04632295
579.019585323 2834.04632295
579.614825157 2834.04632295
580.210064992 2834.04632295
580.805304826 2834.04632295
581.400544661 2834.04632295
581.995784495 2834.04632295
582.59102433 2834.04632295
583.186264164 2834.04632295
583.781503998 2834.04632295
584.376743833 2834.04632295
584.971983667 2834.04632295
585.567223502 2834.04632295
586.162463336 2834.04632295
586.757703171 2834.04632295
587.352943005 2834.04632295
587.94818284 2834.04632295
588.543422674 2834.04632295
589.138662509 2834.04632295
589.733902343 2834.04632295
590.329142178 2834.04632295
590.924382012 2834.04632295
591.519621847 2834.04632295
592.114861681 2834.04632295
592.710101516 2834.04632295
593.30534135 2834.04632295
593.900581185 2834.04632295
594.495821019 2834.04632295
595.091060853 2834.04632295
595.686300688 2834.04632295
596.281540522 2834.04632295
596.876780357 2834.04632295
597.472020191 2834.04632295
598.067260026 2834.04632295
598.66249986 2834.04632295
599.257739695 2834.04632295
599.852979529 2834.04632295
600.448219364 2834.04632295
601.043459198 2834.04632295
601.638699033 2834.04632295
602.233938867 2834.04632295
602.829178702 2834.04632295
603.424418536 2834.04632295
604.019658371 2834.04632295
604.614898205 2834.04632295
605.21013804 2834.04632295
605.805377874 2834.04632295
606.400617708 2834.04632295
606.995857543 2834.04632295
607.591097377 2834.04632295
608.186337212 2834.04632295
608.781577046 2834.04632295
609.376816881 2834.04632295
609.972056715 2581.01279335
610.56729655 2581.01279335
611.162536384 2581.01279335
611.757776219 2581.01279335
612.353016053 2581.01279335
612.948255888 2581.01279335
613.543495722 2581.01279335
614.138735557 2581.01279335
614.733975391 2581.01279335
615.329215226 2581.01279335
615.92445506 2581.01279335
616.519694894 2581.01279335
617.114934729 2581.01279335
617.710174563 2581.01279335
618.305414398 2581.01279335
618.900654232 2581.01279335
619.495894067 2581.01279335
620.091133901 2581.01279335
620.686373736 2581.01279335
621.28161357 2581.01279335
621.876853405 2581.01279335
622.472093239 2581.01279335
623.067333074 2581.01279335
623.662572908 2581.01279335
624.257812743 2581.01279335
624.853052577 2581.01279335
625.448292412 2581.01279335
626.043532246 2581.01279335
626.638772081 2581.01279335
627.234011915 2581.01279335
627.829251749 2581.01279335
628.424491584 2581.01279335
629.019731418 2581.01279335
629.614971253 2581.01279335
630.210211087 2581.01279335
630.805450922 2581.01279335
631.400690756 2581.01279335
631.995930591 2581.01279335
632.591170425 2581.01279335
633.18641026 2581.01279335
633.781650094 2581.01279335
634.376889929 2581.01279335
634.972129763 2581.01279335
635.567369598 2581.01279335
636.162609432 2581.01279335
636.757849267 2581.01279335
637.353089101 2581.01279335
637.948328935 2581.01279335
638.54356877 1509.14395323
639.138808604 1509.14395323
639.734048439 1509.14395323
640.329288273 1509.14395323
640.924528108 1509.14395323
641.519767942 1509.14395323
642.115007777 1509.14395323
642.710247611 1509.14395323
643.305487446 3652.88163346
643.90072728 3652.88163346
644.495967115 3652.88163346
645.091206949 3652.88163346
645.686446784 3652.88163346
646.281686618 3652.88163346
646.876926453 3652.88163346
647.472166287 3652.88163346
648.067406122 2581.01279335
648.662645956 2581.01279335
649.25788579 2581.01279335
649.853125625 2581.01279335
650.448365459 2581.01279335
651.043605294 2581.01279335
651.638845128 2581.01279335
652.234084963 2581.01279335
652.829324797 2581.01279335
653.424564632 2581.01279335
654.019804466 2581.01279335
654.615044301 2581.01279335
655.210284135 2581.01279335
655.80552397 2581.01279335
656.400763804 2581.01279335
656.996003639 2581.01279335
657.591243473 2581.01279335
658.186483308 2581.01279335
658.781723142 2581.01279335
659.376962977 2581.01279335
659.972202811 2581.01279335
660.567442645 2581.01279335
661.16268248 2581.01279335
661.757922314 2581.01279335
662.353162149 2581.01279335
662.948401983 2581.01279335
663.543641818 2581.01279335
664.138881652 2581.01279335
664.734121487 2581.01279335
665.329361321 2581.01279335
665.924601156 2581.01279335
666.51984099 2581.01279335
667.115080825 2581.01279335
667.710320659 2581.01279335
668.305560494 2581.01279335
668.900800328 2581.01279335
669.496040163 2581.01279335
670.091279997 2581.01279335
670.686519831 2581.01279335
671.281759666 2581.01279335
671.8769995 2581.01279335
672.472239335 2581.01279335
673.067479169 2581.01279335
673.662719004 2581.01279335
674.257958838 2581.01279335
674.853198673 2581.01279335
675.448438507 2581.01279335
676.043678342 2581.01279335
676.638918176 2581.01279335
677.234158011 2581.01279335
677.829397845 2581.01279335
678.42463768 2581.01279335
679.019877514 2581.01279335
679.615117349 2581.01279335
680.210357183 2581.01279335
680.805597018 2581.01279335
681.400836852 2581.01279335
681.996076686 2581.01279335
682.591316521 2581.01279335
683.186556355 2581.01279335
683.78179619 2581.01279335
684.377036024 2581.01279335
684.972275859 2581.01279335
685.567515693 2581.01279335
686.162755528 3061.3571269
686.757995362 3061.3571269
687.353235197 3061.3571269
687.948475031 3061.3571269
688.543714866 3061.3571269
689.1389547 3061.3571269
689.734194535 3061.3571269
690.329434369 3061.3571269
690.924674204 3061.3571269
691.519914038 3061.3571269
692.115153873 3061.3571269
692.710393707 3061.3571269
693.305633541 3061.3571269
693.900873376 3061.3571269
694.49611321 3061.3571269
695.091353045 3061.3571269
695.686592879 3061.3571269
696.281832714 3061.3571269
696.877072548 3061.3571269
697.472312383 3061.3571269
698.067552217 3061.3571269
698.662792052 3061.3571269
699.258031886 3061.3571269
699.853271721 3061.3571269
700.448511555 3061.3571269
701.04375139 3061.3571269
701.638991224 3061.3571269
702.234231059 3061.3571269
702.829470893 3061.3571269
703.424710727 3061.3571269
704.019950562 3061.3571269
704.615190396 3061.3571269
705.210430231 2383.92255842
705.805670065 2383.92255842
706.4009099 2383.92255842
706.996149734 2383.92255842
707.591389569 2383.92255842
708.186629403 2383.92255842
708.781869238 2383.92255842
709.377109072 2383.92255842
709.972348907 2383.92255842
710.567588741 2383.92255842
711.162828576 2383.92255842
711.75806841 2383.92255842
712.353308245 2383.92255842
712.948548079 2383.92255842
713.543787914 2383.92255842
714.139027748 2383.92255842
714.734267582 2383.92255842
715.329507417 2383.92255842
715.924747251 2383.92255842
716.519987086 2383.92255842
717.11522692 2383.92255842
717.710466755 2383.92255842
718.305706589 2383.92255842
718.900946424 2383.92255842
719.496186258 2383.92255842
720.091426093 2383.92255842
720.686665927 2383.92255842
721.281905762 2383.92255842
721.877145596 2383.92255842
722.472385431 2383.92255842
723.067625265 2383.92255842
723.6628651 2383.92255842
724.258104934 2439.38574404
724.853344769 2439.38574404
725.448584603 2439.38574404
726.043824437 2439.38574404
726.639064272 2439.38574404
727.234304106 2439.38574404
727.829543941 2439.38574404
728.424783775 2439.38574404
729.02002361 2439.38574404
729.615263444 2439.38574404
730.210503279 2439.38574404
730.805743113 2439.38574404
731.400982948 2439.38574404
731.996222782 2439.38574404
732.591462617 2439.38574404
733.186702451 2439.38574404
733.781942286 2439.38574404
734.37718212 2439.38574404
734.972421955 2439.38574404
735.567661789 2439.38574404
736.162901623 2439.38574404
736.758141458 2439.38574404
737.353381292 2439.38574404
737.948621127 2439.38574404
738.543860961 2439.38574404
739.139100796 2439.38574404
739.73434063 2439.38574404
740.329580465 2439.38574404
740.924820299 2439.38574404
741.520060134 2439.38574404
742.115299968 2439.38574404
742.710539803 2439.38574404
743.305779637 2439.38574404
743.901019472 2439.38574404
744.496259306 2439.38574404
745.091499141 2439.38574404
745.686738975 2439.38574404
746.28197881 2439.38574404
746.877218644 2439.38574404
747.472458478 2439.38574404
748.067698313 2439.38574404
748.662938147 2439.38574404
749.258177982 2439.38574404
749.853417816 2439.38574404
750.448657651 2439.38574404
751.043897485 2439.38574404
751.63913732 2439.38574404
752.234377154 2439.38574404
752.829616989 2439.38574404
753.424856823 2439.38574404
754.020096658 2439.38574404
754.615336492 2439.38574404
755.210576327 2439.38574404
755.805816161 2439.38574404
756.401055996 2439.38574404
756.99629583 2439.38574404
757.591535665 2439.38574404
758.186775499 2439.38574404
758.782015333 2439.38574404
759.377255168 2439.38574404
759.972495002 2439.38574404
760.567734837 2439.38574404
761.162974671 2439.38574404
761.758214506 2439.38574404
762.35345434 2589.96425314
762.948694175 2589.96425314
763.543934009 2589.96425314
764.139173844 2589.96425314
764.734413678 2589.96425314
765.329653513 2589.96425314
765.924893347 2589.96425314
766.520133182 2589.96425314
767.115373016 2589.96425314
767.710612851 2589.96425314
768.305852685 2589.96425314
768.901092519 2589.96425314
769.496332354 2589.96425314
770.091572188 2589.96425314
770.686812023 2589.96425314
771.282051857 2589.96425314
771.877291692 2589.96425314
772.472531526 2589.96425314
773.067771361 2589.96425314
773.663011195 2589.96425314
774.25825103 2589.96425314
774.853490864 2589.96425314
775.448730699 2589.96425314
776.043970533 2589.96425314
776.639210368 2589.96425314
777.234450202 2589.96425314
777.829690037 2589.96425314
778.424929871 2589.96425314
779.020169706 2589.96425314
779.61540954 2589.96425314
780.210649374 2589.96425314
780.805889209 2589.96425314
781.401129043 2589.96425314
781.996368878 2589.96425314
782.591608712 2589.96425314
783.186848547 2589.96425314
783.782088381 2589.96425314
784.377328216 2589.96425314
784.97256805 2589.96425314
785.567807885 2589.96425314
786.163047719 2589.96425314
786.758287554 2589.96425314
787.353527388 2589.96425314
787.948767223 2589.96425314
788.544007057 2589.96425314
789.139246892 2589.96425314
789.734486726 2589.96425314
790.32972656 2589.96425314
790.924966395 2589.96425314
791.520206229 2589.96425314
792.115446064 2589.96425314
792.710685898 2589.96425314
793.305925733 2589.96425314
793.901165567 2589.96425314
794.496405402 2589.96425314
795.091645236 2589.96425314
795.686885071 2589.96425314
796.282124905 2589.96425314
796.87736474 2589.96425314
797.472604574 2589.96425314
798.067844409 2589.96425314
798.663084243 2589.96425314
799.258324078 2589.96425314
799.853563912 2589.96425314
800.448803747 2970.81230542
801.044043581 2970.81230542
801.639283415 2970.81230542
802.23452325 2970.81230542
802.829763084 2970.81230542
803.425002919 2970.81230542
804.020242753 2970.81230542
804.615482588 2970.81230542
805.210722422 2970.81230542
805.805962257 2970.81230542
806.401202091 2970.81230542
806.996441926 2970.81230542
807.59168176 2970.81230542
808.186921595 2970.81230542
808.782161429 2970.81230542
809.377401264 2970.81230542
809.972641098 2970.81230542
810.567880933 2970.81230542
811.163120767 2970.81230542
811.758360602 2970.81230542
812.353600436 2970.81230542
812.94884027 2970.81230542
813.544080105 2970.81230542
814.139319939 2970.81230542
814.734559774 2970.81230542
815.329799608 2970.81230542
815.925039443 2970.81230542
816.520279277 2970.81230542
817.115519112 2970.81230542
817.710758946 2970.81230542
818.305998781 2970.81230542
818.901238615 2970.81230542
819.49647845 2970.81230542
820.091718284 2970.81230542
820.686958119 2970.81230542
821.282197953 2970.81230542
821.877437788 2970.81230542
822.472677622 2970.81230542
823.067917456 2970.81230542
823.663157291 2970.81230542
824.258397125 2970.81230542
824.85363696 2970.81230542
825.448876794 2970.81230542
826.044116629 2970.81230542
826.639356463 2970.81230542
827.234596298 2970.81230542
827.829836132 2970.81230542
828.425075967 2970.81230542
829.020315801 2970.81230542
829.615555636 2970.81230542
830.21079547 2970.81230542
830.806035305 2970.81230542
831.401275139 2970.81230542
831.996514974 2970.81230542
832.591754808 2970.81230542
833.186994643 2970.81230542
833.782234477 2970.81230542
834.377474311 2970.81230542
834.972714146 2970.81230542
835.56795398 2970.81230542
836.163193815 2970.81230542
836.758433649 2970.81230542
837.353673484 2970.81230542
837.948913318 2970.81230542
838.544153153 2381.63730742
839.139392987 2381.63730742
839.734632822 2381.63730742
840.329872656 2381.63730742
840.925112491 2381.63730742
841.520352325 2381.63730742
842.11559216 2381.63730742
842.710831994 2381.63730742
843.306071829 2381.63730742
843.901311663 2381.63730742
844.496551498 2381.63730742
845.091791332 2381.63730742
845.687031166 2381.63730742
846.282271001 2381.63730742
846.877510835 2381.63730742
847.47275067 2381.63730742
848.067990504 2381.63730742
848.663230339 2381.63730742
849.258470173 2381.63730742
849.853710008 2381.63730742
850.448949842 2381.63730742
851.044189677 2381.63730742
851.639429511 2381.63730742
852.234669346 2381.63730742
852.82990918 2381.63730742
853.425149015 2381.63730742
854.020388849 2381.63730742
854.615628684 2381.63730742
855.210868518 2381.63730742
855.806108352 2381.63730742
856.401348187 2381.63730742
856.996588021 2381.63730742
857.591827856 2381.63730742
858.18706769 2381.63730742
858.782307525 2381.63730742
859.377547359 2381.63730742
859.972787194 2381.63730742
860.568027028 2381.63730742
861.163266863 2381.63730742
861.758506697 2381.63730742
862.353746532 2381.63730742
862.948986366 2381.63730742
863.544226201 2381.63730742
864.139466035 2381.63730742
864.73470587 2381.63730742
865.329945704 2381.63730742
865.925185539 2381.63730742
866.520425373 2381.63730742
867.115665207 2381.63730742
867.710905042 2381.63730742
868.306144876 2381.63730742
868.901384711 2381.63730742
869.496624545 2381.63730742
870.09186438 2381.63730742
870.687104214 2381.63730742
871.282344049 2381.63730742
871.877583883 2381.63730742
872.472823718 2381.63730742
873.068063552 2381.63730742
873.663303387 2381.63730742
874.258543221 2381.63730742
874.853783056 2381.63730742
875.44902289 2381.63730742
876.044262725 2381.63730742
876.639502559 2381.63730742
877.234742394 2381.63730742
877.829982228 2381.63730742
878.425222062 2381.63730742
879.020461897 2381.63730742
879.615701731 2381.63730742
880.210941566 2381.63730742
880.8061814 2381.63730742
881.401421235 2381.63730742
881.996661069 2381.63730742
882.591900904 2381.63730742
883.187140738 2381.63730742
883.782380573 2381.63730742
884.377620407 2381.63730742
884.972860242 2381.63730742
885.568100076 2381.63730742
886.163339911 2381.63730742
886.758579745 2381.63730742
887.35381958 2381.63730742
887.949059414 2381.63730742
888.544299248 2381.63730742
889.139539083 2381.63730742
889.734778917 2381.63730742
890.330018752 2381.63730742
890.925258586 2381.63730742
891.520498421 2381.63730742
892.115738255 2381.63730742
892.71097809 2381.63730742
893.306217924 2381.63730742
893.901457759 2381.63730742
894.496697593 2381.63730742
895.091937428 2381.63730742
895.687177262 2381.63730742
896.282417097 2381.63730742
896.877656931 2381.63730742
897.472896766 2381.63730742
898.0681366 2381.63730742
898.663376435 2381.63730742
899.258616269 2381.63730742
899.853856103 2381.63730742
900.449095938 2381.63730742
901.044335772 2381.63730742
901.639575607 2381.63730742
902.234815441 2381.63730742
902.830055276 2381.63730742
903.42529511 2381.63730742
904.020534945 2381.63730742
904.615774779 2381.63730742
905.211014614 2381.63730742
905.806254448 2381.63730742
906.401494283 2381.63730742
906.996734117 2381.63730742
907.591973952 2381.63730742
908.187213786 2381.63730742
908.782453621 2381.63730742
909.377693455 2381.63730742
909.97293329 2381.63730742
910.568173124 2381.63730742
911.163412958 2381.63730742
911.758652793 2381.63730742
912.353892627 2381.63730742
912.949132462 2381.63730742
913.544372296 2381.63730742
914.139612131 2381.63730742
914.734851965 1585.41351171
915.3300918 1585.41351171
915.925331634 1585.41351171
916.520571469 1585.41351171
917.115811303 1585.41351171
917.711051138 1585.41351171
918.306290972 1585.41351171
918.901530807 1585.41351171
919.496770641 1585.41351171
920.092010476 1585.41351171
920.68725031 1585.41351171
921.282490144 1585.41351171
921.877729979 1585.41351171
922.472969813 1585.41351171
923.068209648 1585.41351171
923.663449482 1585.41351171
924.258689317 1585.41351171
924.853929151 1585.41351171
925.449168986 1585.41351171
926.04440882 1585.41351171
926.639648655 1585.41351171
927.234888489 1585.41351171
927.830128324 1585.41351171
928.425368158 1585.41351171
929.020607993 1585.41351171
929.615847827 1585.41351171
930.211087662 1585.41351171
930.806327496 1585.41351171
931.401567331 1585.41351171
931.996807165 1585.41351171
932.592046999 1585.41351171
933.187286834 1585.41351171
933.782526668 1585.41351171
934.377766503 1585.41351171
934.973006337 1585.41351171
935.568246172 1585.41351171
936.163486006 1585.41351171
936.758725841 1585.41351171
937.353965675 1585.41351171
937.94920551 1585.41351171
938.544445344 1585.41351171
939.139685179 1585.41351171
939.734925013 1585.41351171
940.330164848 1585.41351171
940.925404682 1585.41351171
941.520644517 1585.41351171
942.115884351 1585.41351171
942.711124185 1585.41351171
943.30636402 1585.41351171
943.901603854 1585.41351171
944.496843689 1585.41351171
945.092083523 1585.41351171
945.687323358 1585.41351171
946.282563192 1585.41351171
946.877803027 1585.41351171
947.473042861 1585.41351171
948.068282696 1585.41351171
948.66352253 1585.41351171
949.258762365 1585.41351171
949.854002199 1585.41351171
950.449242034 1585.41351171
951.044481868 1585.41351171
951.639721703 1585.41351171
952.234961537 1585.41351171
952.830201372 1585.41351171
953.425441206 1585.41351171
954.02068104 1585.41351171
954.615920875 1585.41351171
955.211160709 1585.41351171
955.806400544 1585.41351171
956.401640378 1585.41351171
956.996880213 1585.41351171
957.592120047 1585.41351171
958.187359882 1585.41351171
958.782599716 1585.41351171
959.377839551 1585.41351171
959.973079385 1585.41351171
960.56831922 1585.41351171
961.163559054 1585.41351171
961.758798889 1585.41351171
962.354038723 1585.41351171
962.949278558 1585.41351171
963.544518392 1585.41351171
964.139758227 1585.41351171
964.734998061 1585.41351171
965.330237895 1585.41351171
965.92547773 1585.41351171
966.520717564 1585.41351171
967.115957399 1585.41351171
967.711197233 1585.41351171
968.306437068 1585.41351171
968.901676902 1585.41351171
969.496916737 1585.41351171
970.092156571 1585.41351171
970.687396406 1585.41351171
971.28263624 1585.41351171
971.877876075 1585.41351171
972.473115909 1585.41351171
973.068355744 1585.41351171
973.663595578 1585.41351171
974.258835413 1585.41351171
974.854075247 1585.41351171
975.449315081 1585.41351171
976.044554916 1585.41351171
976.63979475 1585.41351171
977.235034585 1585.41351171
977.830274419 1585.41351171
978.425514254 1585.41351171
979.020754088 1585.41351171
979.615993923 1585.41351171
980.211233757 1585.41351171
980.806473592 1585.41351171
981.401713426 1585.41351171
981.996953261 1585.41351171
982.592193095 1585.41351171
983.18743293 1585.41351171
983.782672764 1585.41351171
984.377912599 1585.41351171
984.973152433 1585.41351171
985.568392268 1585.41351171
986.163632102 1585.41351171
986.758871936 1585.41351171
987.354111771 1585.41351171
987.949351605 1585.41351171
988.54459144 1585.41351171
989.139831274 1585.41351171
989.735071109 1585.41351171
990.330310943 1585.41351171
990.925550778 1585.41351171
991.520790612 1585.41351171
992.116030447 1585.41351171
992.711270281 1585.41351171
993.306510116 1585.41351171
993.90174995 1585.41351171
994.496989785 1585.41351171
995.092229619 1585.41351171
995.687469454 1585.41351171
996.282709288 1585.41351171
996.877949123 1585.41351171
997.473188957 1585.41351171
998.068428791 1585.41351171
998.663668626 1585.41351171
999.25890846 1585.41351171
999.854148295 1585.41351171
1000.44938813 1585.41351171
1001.04462796 1585.41351171
1001.6398678 1585.41351171
1002.23510763 1585.41351171
1002.83034747 1585.41351171
1003.4255873 1585.41351171
1004.02082714 1585.41351171
1004.61606697 1585.41351171
1005.21130681 1585.41351171
1005.80654664 1585.41351171
1006.40178647 1585.41351171
1006.99702631 1585.41351171
1007.59226614 1585.41351171
1008.18750598 1585.41351171
1008.78274581 1585.41351171
1009.37798565 1585.41351171
1009.97322548 1585.41351171
1010.56846532 1585.41351171
1011.16370515 1585.41351171
1011.75894498 1585.41351171
1012.35418482 1585.41351171
1012.94942465 1585.41351171
1013.54466449 1585.41351171
1014.13990432 1585.41351171
1014.73514416 1585.41351171
1015.33038399 1585.41351171
1015.92562383 1585.41351171
1016.52086366 1585.41351171
1017.11610349 1585.41351171
1017.71134333 1585.41351171
1018.30658316 1585.41351171
1018.901823 1585.41351171
1019.49706283 1585.41351171
1020.09230267 1585.41351171
1020.6875425 1585.41351171
1021.28278234 1585.41351171
1021.87802217 1585.41351171
1022.473262 1585.41351171
1023.06850184 1585.41351171
1023.66374167 1585.41351171
1024.25898151 1585.41351171
1024.85422134 1585.41351171
1025.44946118 1585.41351171
1026.04470101 1585.41351171
1026.63994085 1585.41351171
1027.23518068 1585.41351171
1027.83042052 1585.41351171
1028.42566035 1585.41351171
1029.02090018 1585.41351171
1029.61614002 1585.41351171
1030.21137985 1585.41351171
1030.80661969 1585.41351171
1031.40185952 1585.41351171
1031.99709936 1585.41351171
1032.59233919 1585.41351171
1033.18757903 1585.41351171
1033.78281886 1585.41351171
1034.37805869 1585.41351171
1034.97329853 1585.41351171
1035.56853836 1585.41351171
1036.1637782 1585.41351171
1036.75901803 1585.41351171
1037.35425787 1585.41351171
1037.9494977 1585.41351171
1038.54473754 1585.41351171
1039.13997737 1585.41351171
1039.7352172 1585.41351171
1040.33045704 1585.41351171
1040.92569687 1585.41351171
1041.52093671 1585.41351171
1042.11617654 1585.41351171
1042.71141638 1585.41351171
1043.30665621 1585.41351171
1043.90189605 1585.41351171
1044.49713588 1585.41351171
1045.09237571 1585.41351171
1045.68761555 1585.41351171
1046.28285538 1585.41351171
1046.87809522 1585.41351171
1047.47333505 1585.41351171
1048.06857489 1585.41351171
1048.66381472 1585.41351171
1049.25905456 1585.41351171
1049.85429439 1585.41351171
1050.44953423 1585.41351171
1051.04477406 1585.41351171
1051.64001389 1585.41351171
1052.23525373 1585.41351171
1052.83049356 1585.41351171
1053.4257334 1585.41351171
1054.02097323 1585.41351171
1054.61621307 1585.41351171
1055.2114529 1585.41351171
1055.80669274 1585.41351171
1056.40193257 1585.41351171
1056.9971724 1585.41351171
1057.59241224 1585.41351171
1058.18765207 1585.41351171
1058.78289191 1585.41351171
1059.37813174 1585.41351171
1059.97337158 1585.41351171
1060.56861141 1585.41351171
1061.16385125 1585.41351171
1061.75909108 1585.41351171
1062.35433091 1585.41351171
1062.94957075 1585.41351171
1063.54481058 1585.41351171
1064.14005042 1585.41351171
1064.73529025 1585.41351171
1065.33053009 1585.41351171
1065.92576992 1585.41351171
1066.52100976 1585.41351171
1067.11624959 1585.41351171
1067.71148942 1585.41351171
1068.30672926 1585.41351171
1068.90196909 1585.41351171
1069.49720893 1585.41351171
1070.09244876 1585.41351171
1070.6876886 1585.41351171
1071.28292843 1585.41351171
1071.87816827 1585.41351171
1072.4734081 1585.41351171
1073.06864794 1585.41351171
1073.66388777 1585.41351171
1074.2591276 1585.41351171
1074.85436744 1585.41351171
1075.44960727 1585.41351171
1076.04484711 1585.41351171
1076.64008694 1585.41351171
1077.23532678 1585.41351171
1077.83056661 1585.41351171
1078.42580645 1585.41351171
1079.02104628 1585.41351171
1079.61628611 1585.41351171
1080.21152595 1585.41351171
1080.80676578 1585.41351171
1081.40200562 1585.41351171
1081.99724545 1585.41351171
1082.59248529 1585.41351171
1083.18772512 1585.41351171
1083.78296496 1585.41351171
1084.37820479 1585.41351171
1084.97344462 1585.41351171
1085.56868446 1585.41351171
1086.16392429 1585.41351171
1086.75916413 1585.41351171
1087.35440396 1585.41351171
1087.9496438 1585.41351171
1088.54488363 1585.41351171
1089.14012347 1585.41351171
1089.7353633 1585.41351171
1090.33060313 1585.41351171
1090.92584297 1585.41351171
1091.5210828 1585.41351171
1092.11632264 1585.41351171
1092.71156247 1585.41351171
1093.30680231 1585.41351171
1093.90204214 1585.41351171
1094.49728198 1585.41351171
1095.09252181 1585.41351171
1095.68776164 1585.41351171
1096.28300148 1585.41351171
1096.87824131 1585.41351171
1097.47348115 1585.41351171
1098.06872098 1585.41351171
1098.66396082 1585.41351171
1099.25920065 1585.41351171
1099.85444049 1585.41351171
1100.44968032 1585.41351171
1101.04492016 1585.41351171
1101.64015999 1585.41351171
1102.23539982 1585.41351171
1102.83063966 1585.41351171
1103.42587949 1585.41351171
1104.02111933 1585.41351171
1104.61635916 1585.41351171
1105.211599 1585.41351171
1105.80683883 1585.41351171
1106.40207867 1585.41351171
1106.9973185 1585.41351171
1107.59255833 1585.41351171
1108.18779817 1585.41351171
1108.783038 1585.41351171
1109.37827784 1585.41351171
1109.97351767 1585.41351171
1110.56875751 1585.41351171
1111.16399734 1585.41351171
1111.75923718 1585.41351171
1112.35447701 1585.41351171
1112.94971684 1585.41351171
1113.54495668 1585.41351171
1114.14019651 1585.41351171
1114.73543635 1585.41351171
1115.33067618 1585.41351171
1115.92591602 1585.41351171
1116.52115585 1585.41351171
1117.11639569 1585.41351171
1117.71163552 1585.41351171
1118.30687535 1585.41351171
1118.90211519 1585.41351171
1119.49735502 1585.41351171
1120.09259486 1585.41351171
1120.68783469 1585.41351171
1121.28307453 1585.41351171
1121.87831436 1585.41351171
1122.4735542 1585.41351171
1123.06879403 1585.41351171
1123.66403387 1585.41351171
1124.2592737 1585.41351171
1124.85451353 1585.41351171
1125.44975337 1585.41351171
1126.0449932 1585.41351171
1126.64023304 1585.41351171
1127.23547287 1585.41351171
1127.83071271 1585.41351171
1128.42595254 1585.41351171
1129.02119238 1585.41351171
1129.61643221 1585.41351171
1130.21167204 1585.41351171
1130.80691188 1585.41351171
1131.40215171 1585.41351171
1131.99739155 1585.41351171
1132.59263138 1585.41351171
1133.18787122 1585.41351171
1133.78311105 1585.41351171
1134.37835089 1585.41351171
1134.97359072 1585.41351171
1135.56883055 1585.41351171
1136.16407039 1585.41351171
1136.75931022 1585.41351171
1137.35455006 1585.41351171
1137.94978989 1585.41351171
1138.54502973 1585.41351171
1139.14026956 1585.41351171
1139.7355094 1585.41351171
1140.33074923 1585.41351171
1140.92598906 1585.41351171
1141.5212289 1585.41351171
1142.11646873 1585.41351171
1142.71170857 1585.41351171
1143.3069484 1585.41351171
1143.90218824 1585.41351171
1144.49742807 1585.41351171
1145.09266791 1585.41351171
1145.68790774 1585.41351171
1146.28314758 1585.41351171
1146.87838741 1585.41351171
1147.47362724 1585.41351171
1148.06886708 1585.41351171
1148.66410691 1585.41351171
1149.25934675 1585.41351171
1149.85458658 1585.41351171
1150.44982642 1585.41351171
1151.04506625 1585.41351171
1151.64030609 1585.41351171
1152.23554592 1585.41351171
1152.83078575 1585.41351171
1153.42602559 1585.41351171
1154.02126542 1585.41351171
1154.61650526 1585.41351171
1155.21174509 1585.41351171
1155.80698493 1585.41351171
1156.40222476 1585.41351171
1156.9974646 1585.41351171
1157.59270443 1585.41351171
1158.18794426 1585.41351171
1158.7831841 1585.41351171
1159.37842393 1585.41351171
1159.97366377 1585.41351171
1160.5689036 1585.41351171
1161.16414344 1585.41351171
1161.75938327 1585.41351171
1162.35462311 1585.41351171
1162.94986294 1585.41351171
1163.54510277 1585.41351171
1164.14034261 1585.41351171
1164.73558244 1585.41351171
1165.33082228 1585.41351171
1165.92606211 1585.41351171
1166.52130195 1585.41351171
1167.11654178 1585.41351171
1167.71178162 1585.41351171
1168.30702145 1585.41351171
1168.90226129 1585.41351171
1169.49750112 1585.41351171
1170.09274095 1585.41351171
1170.68798079 1585.41351171
1171.28322062 1585.41351171
1171.87846046 1585.41351171
1172.47370029 1585.41351171
1173.06894013 1585.41351171
1173.66417996 1585.41351171
1174.2594198 1585.41351171
1174.85465963 1585.41351171
1175.44989946 1585.41351171
1176.0451393 1585.41351171
1176.64037913 1585.41351171
1177.23561897 1585.41351171
1177.8308588 1585.41351171
1178.42609864 1585.41351171
1179.02133847 1585.41351171
1179.61657831 1585.41351171
1180.21181814 1585.41351171
1180.80705797 1585.41351171
1181.40229781 1585.41351171
1181.99753764 1585.41351171
1182.59277748 1585.41351171
1183.18801731 1585.41351171
1183.78325715 1585.41351171
1184.37849698 1585.41351171
1184.97373682 1585.41351171
1185.56897665 1585.41351171
1186.16421648 1585.41351171
1186.75945632 1585.41351171
1187.35469615 1585.41351171
1187.94993599 1585.41351171
1188.54517582 1585.41351171
1189.14041566 1585.41351171
1189.73565549 1585.41351171
1190.33089533 1585.41351171
1190.92613516 1585.41351171
1191.521375 1585.41351171
1192.11661483 1585.41351171
1192.71185466 1585.41351171
1193.3070945 1585.41351171
1193.90233433 1585.41351171
1194.49757417 1585.41351171
1195.092814 1585.41351171
1195.68805384 1585.41351171
1196.28329367 1585.41351171
1196.87853351 1585.41351171
1197.47377334 1585.41351171
1198.06901317 1585.41351171
1198.66425301 1585.41351171
1199.25949284 1585.41351171
1199.85473268 1585.41351171
1200.44997251 1585.41351171
1201.04521235 1585.41351171
1201.64045218 1585.41351171
1202.23569202 1585.41351171
1202.83093185 1585.41351171
1203.42617168 1585.41351171
1204.02141152 1585.41351171
1204.61665135 1585.41351171
1205.21189119 1585.41351171
1205.80713102 1585.41351171
1206.40237086 1585.41351171
1206.99761069 1585.41351171
1207.59285053 1585.41351171
1208.18809036 1585.41351171
1208.78333019 1585.41351171
1209.37857003 1585.41351171
1209.97380986 1585.41351171
1210.5690497 1585.41351171
1211.16428953 1585.41351171
1211.75952937 1585.41351171
1212.3547692 1585.41351171
1212.95000904 1585.41351171
1213.54524887 1585.41351171
1214.14048871 1585.41351171
1214.73572854 1585.41351171
1215.33096837 1585.41351171
1215.92620821 1585.41351171
1216.52144804 1585.41351171
1217.11668788 1585.41351171
1217.71192771 1585.41351171
1218.30716755 1585.41351171
1218.90240738 1585.41351171
