0.446466215283 2557.05533954
1.04170604976 2557.05533954
1.63694588423 2557.05533954
2.2321857187 2557.05533954
2.82742555317 2557.05533954
3.42266538765 2557.05533954
4.01790522212 2557.05533954
4.61314505659 2557.05533954
5.20838489106 2557.05533954
5.80362472554 2557.05533954
6.39886456001 2557.05533954
6.99410439448 2557.05533954
7.58934422895 2557.05533954
8.18458406343 2557.05533954
8.7798238979 2557.05533954
9.37506373237 2557.05533954
9.97030356685 2557.05533954
10.5655434013 2557.05533954
11.1607832358 2557.05533954
11.7560230703 2557.05533954
12.3512629047 2557.05533954
12.9465027392 2557.05533954
13.5417425737 2557.05533954
14.1369824082 2557.05533954
14.7322222426 2557.05533954
15.3274620771 2557.05533954
15.9227019116 2557.05533954
16.517941746 2557.05533954
17.1131815805 2557.05533954
17.708421415 2557.05533954
18.3036612495 2557.05533954
18.8989010839 2557.05533954
19.4941409184 2557.05533954
20.0893807529 2557.05533954
20.6846205874 2557.05533954
21.2798604218 2557.05533954
21.8751002563 2557.05533954
22.4703400908 2557.05533954
23.0655799252 2557.05533954
23.6608197597 2557.05533954
24.2560595942 2557.05533954
24.8512994287 2557.05533954
25.4465392631 2557.05533954
26.0417790976 2557.05533954
26.6370189321 2557.05533954
27.2322587666 2557.05533954
27.827498601 2557.05533954
28.4227384355 2557.05533954
29.01797827 2557.05533954
29.6132181044 2557.05533954
30.2084579389 2557.05533954
30.8036977734 2557.05533954
31.3989376079 2557.05533954
31.9941774423 2557.05533954
32.5894172768 2557.05533954
33.1846571113 2557.05533954
33.7798969458 2557.05533954
34.3751367802 2557.05533954
34.9703766147 2557.05533954
35.5656164492 2557.05533954
36.1608562836 2557.05533954
36.7560961181 2557.05533954
37.3513359526 2557.05533954
37.9465757871 2557.05533954
38.5418156215 2557.05533954
39.137055456 2557.05533954
39.7322952905 2557.05533954
40.327535125 2557.05533954
40.9227749594 2557.05533954
41.5180147939 2557.05533954
42.1132546284 2557.05533954
42.7084944628 2557.05533954
43.3037342973 2557.05533954
43.8989741318 2557.05533954
44.4942139663 2557.05533954
45.0894538007 2557.05533954
45.6846936352 2557.05533954
46.2799334697 2557.05533954
46.8751733041 2557.05533954
47.4704131386 2557.05533954
48.0656529731 2557.05533954
48.6608928076 2557.05533954
49.256132642 2557.05533954
49.8513724765 2557.05533954
50.446612311 2557.05533954
51.0418521455 2557.05533954
51.6370919799 2557.05533954
52.2323318144 2557.05533954
52.8275716489 2557.05533954
53.4228114833 2557.05533954
54.0180513178 2557.05533954
54.6132911523 2557.05533954
55.2085309868 2557.05533954
55.8037708212 2557.05533954
56.3990106557 2557.05533954
56.9942504902 2557.05533954
57.5894903247 2557.05533954
58.1847301591 2557.05533954
58.7799699936 2557.05533954
59.3752098281 2557.05533954
59.9704496625 2557.05533954
60.565689497 2557.05533954
61.1609293315 2557.05533954
61.756169166 2557.05533954
62.3514090004 2557.05533954
62.9466488349 2557.05533954
63.5418886694 2557.05533954
64.1371285039 2557.05533954
64.7323683383 2557.05533954
65.3276081728 2557.05533954
65.9228480073 2557.05533954
66.5180878417 2557.05533954
67.1133276762 2557.05533954
67.7085675107 2557.05533954
68.3038073452 2557.05533954
68.8990471796 2557.05533954
69.4942870141 2557.05533954
70.0895268486 2557.05533954
70.6847666831 2557.05533954
71.2800065175 2557.05533954
71.875246352 2557.05533954
72.4704861865 2557.05533954
73.0657260209 2557.05533954
73.6609658554 2557.05533954
74.2562056899 2557.05533954
74.8514455244 2557.05533954
75.4466853588 2557.05533954
76.0419251933 2557.05533954
76.6371650278 2557.05533954
77.2324048623 2557.05533954
77.8276446967 2557.05533954
78.4228845312 2557.05533954
79.0181243657 2557.05533954
79.6133642001 2557.05533954
80.2086040346 2557.05533954
80.8038438691 2557.05533954
81.3990837036 2557.05533954
81.994323538 2557.05533954
82.5895633725 2557.05533954
83.184803207 2557.05533954
83.7800430415 2557.05533954
84.3752828759 2557.05533954
84.9705227104 2557.05533954
85.5657625449 2557.05533954
86.1610023793 2557.05533954
86.7562422138 2557.05533954
87.3514820483 2557.05533954
87.9467218828 2557.05533954
88.5419617172 2557.05533954
89.1372015517 2557.05533954
89.7324413862 2557.05533954
90.3276812207 2557.05533954
90.9229210551 2557.05533954
91.5181608896 2557.05533954
92.1134007241 2557.05533954
92.7086405585 2557.05533954
93.303880393 2557.05533954
93.8991202275 2557.05533954
94.494360062 2557.05533954
95.0895998964 2557.05533954
95.6848397309 2557.05533954
96.2800795654 2557.05533954
96.8753193999 2557.05533954
97.4705592343 2557.05533954
98.0657990688 2557.05533954
98.6610389033 2557.05533954
99.2562787377 2557.05533954
99.8515185722 2557.05533954
100.446758407 2557.05533954
101.041998241 2557.05533954
101.637238076 2557.05533954
102.23247791 2557.05533954
102.827717745 2557.05533954
103.422957579 2557.05533954
104.018197414 2557.05533954
104.613437248 2557.05533954
105.208677082 2557.05533954
105.803916917 2557.05533954
106.399156751 2557.05533954
106.994396586 2557.05533954
107.58963642 2557.05533954
108.184876255 2557.05533954
108.780116089 2557.05533954
109.375355924 2557.05533954
109.970595758 2557.05533954
110.565835593 2557.05533954
111.161075427 2557.05533954
111.756315262 2557.05533954
112.351555096 2557.05533954
112.946794931 2557.05533954
113.542034765 2557.05533954
114.1372746 2557.05533954
114.732514434 2557.05533954
115.327754269 2557.05533954
115.922994103 2557.05533954
116.518233937 2557.05533954
117.113473772 2557.05533954
117.708713606 2557.05533954
118.303953441 2557.05533954
118.899193275 2557.05533954
119.49443311 2557.05533954
120.089672944 2557.05533954
120.684912779 2557.05533954
121.280152613 2557.05533954
121.875392448 2557.05533954
122.470632282 2557.05533954
123.065872117 2557.05533954
123.661111951 2557.05533954
124.256351786 2557.05533954
124.85159162 2557.05533954
125.446831455 2557.05533954
126.042071289 2557.05533954
126.637311123 2557.05533954
127.232550958 2557.05533954
127.827790792 2557.05533954
128.423030627 2557.05533954
129.018270461 2557.05533954
129.613510296 2557.05533954
130.20875013 2557.05533954
130.803989965 2557.05533954
131.399229799 2557.05533954
131.994469634 2557.05533954
132.589709468 2557.05533954
133.184949303 2557.05533954
133.780189137 2557.05533954
134.375428972 2557.05533954
134.970668806 2557.05533954
135.565908641 2557.05533954
136.161148475 2557.05533954
136.75638831 2557.05533954
137.351628144 2557.05533954
137.946867978 2557.05533954
138.542107813 2557.05533954
139.137347647 2557.05533954
139.732587482 2557.05533954
140.327827316 2557.05533954
140.923067151 2557.05533954
141.518306985 2557.05533954
142.11354682 2557.05533954
142.708786654 2557.05533954
143.304026489 2557.05533954
143.899266323 2557.05533954
144.494506158 2557.05533954
145.089745992 2557.05533954
145.684985827 2557.05533954
146.280225661 2557.05533954
146.875465496 2557.05533954
147.47070533 2557.05533954
148.065945165 2557.05533954
148.661184999 2557.05533954
149.256424833 2557.05533954
149.851664668 2557.05533954
150.446904502 2557.05533954
151.042144337 2557.05533954
151.637384171 2557.05533954
152.232624006 2557.05533954
152.82786384 2557.05533954
153.423103675 2557.05533954
154.018343509 2557.05533954
154.613583344 2557.05533954
155.208823178 2557.05533954
155.804063013 2557.05533954
156.399302847 2557.05533954
156.994542682 2557.05533954
157.589782516 2557.05533954
158.185022351 2557.05533954
158.780262185 2557.05533954
159.375502019 2557.05533954
159.970741854 2557.05533954
160.565981688 2557.05533954
161.161221523 2557.05533954
161.756461357 2557.05533954
162.351701192 2557.05533954
162.946941026 2557.05533954
163.542180861 2557.05533954
164.137420695 2557.05533954
164.73266053 2557.05533954
165.327900364 2557.05533954
165.923140199 2557.05533954
166.518380033 2557.05533954
167.113619868 2557.05533954
167.708859702 2557.05533954
168.304099537 2557.05533954
168.899339371 2557.05533954
169.494579206 2557.05533954
170.08981904 2557.05533954
170.685058874 2557.05533954
171.280298709 2557.05533954
171.875538543 2557.05533954
172.470778378 2557.05533954
173.066018212 2557.05533954
173.661258047 2557.05533954
174.256497881 2557.05533954
174.851737716 2557.05533954
175.44697755 2557.05533954
176.042217385 2557.05533954
176.637457219 2557.05533954
177.232697054 2557.05533954
177.827936888 2557.05533954
178.423176723 2557.05533954
179.018416557 2557.05533954
179.613656392 2557.05533954
180.208896226 2557.05533954
180.80413606 2557.05533954
181.399375895 2557.05533954
181.994615729 2557.05533954
182.589855564 2557.05533954
183.185095398 2557.05533954
183.780335233 2557.05533954
184.375575067 2557.05533954
184.970814902 2557.05533954
185.566054736 2557.05533954
186.161294571 2557.05533954
186.756534405 2557.05533954
187.35177424 2557.05533954
187.947014074 2557.05533954
188.542253909 2557.05533954
189.137493743 2557.05533954
189.732733578 2557.05533954
190.327973412 2557.05533954
190.923213247 2557.05533954
191.518453081 2557.05533954
192.113692915 2557.05533954
192.70893275 2557.05533954
193.304172584 2557.05533954
193.899412419 2557.05533954
194.494652253 2557.05533954
195.089892088 2557.05533954
195.685131922 2557.05533954
196.280371757 2557.05533954
196.875611591 2557.05533954
197.470851426 2557.05533954
198.06609126 2557.05533954
198.661331095 2557.05533954
199.256570929 2557.05533954
199.851810764 2557.05533954
200.447050598 2557.05533954
201.042290433 2557.05533954
201.637530267 2557.05533954
202.232770102 2557.05533954
202.828009936 2557.05533954
203.42324977 2557.05533954
204.018489605 2557.05533954
204.613729439 2557.05533954
205.208969274 2557.05533954
205.804209108 2557.05533954
206.399448943 2557.05533954
206.994688777 2557.05533954
207.589928612 2557.05533954
208.185168446 2557.05533954
208.780408281 2557.05533954
209.375648115 2557.05533954
209.97088795 2557.05533954
210.566127784 2557.05533954
211.161367619 2557.05533954
211.756607453 2557.05533954
212.351847288 2557.05533954
212.947087122 2557.05533954
213.542326956 2557.05533954
214.137566791 2557.05533954
214.732806625 2557.05533954
215.32804646 2557.05533954
215.923286294 2557.05533954
216.518526129 2557.05533954
217.113765963 2557.05533954
217.709005798 2557.05533954
218.304245632 2557.05533954
218.899485467 2557.05533954
219.494725301 2557.05533954
220.089965136 2557.05533954
220.68520497 2557.05533954
221.280444805 2557.05533954
221.875684639 2557.05533954
222.470924474 2557.05533954
223.066164308 2557.05533954
223.661404143 2557.05533954
224.256643977 2557.05533954
224.851883811 2557.05533954
225.447123646 2557.05533954
226.04236348 2557.05533954
226.637603315 2557.05533954
227.232843149 2557.05533954
227.828082984 2557.05533954
228.423322818 2557.05533954
229.018562653 2557.05533954
229.613802487 2557.05533954
230.209042322 2557.05533954
230.804282156 2557.05533954
231.399521991 2557.05533954
231.994761825 2557.05533954
232.59000166 2557.05533954
233.185241494 2557.05533954
233.780481329 2557.05533954
234.375721163 2557.05533954
234.970960998 2557.05533954
235.566200832 2557.05533954
236.161440666 2557.05533954
236.756680501 2557.05533954
237.351920335 2557.05533954
237.94716017 2557.05533954
238.542400004 2557.05533954
239.137639839 2557.05533954
239.732879673 2557.05533954
240.328119508 2557.05533954
240.923359342 2557.05533954
241.518599177 2557.05533954
242.113839011 2557.05533954
242.709078846 2557.05533954
243.30431868 2557.05533954
243.899558515 2557.05533954
244.494798349 2557.05533954
245.090038184 2557.05533954
245.685278018 2557.05533954
246.280517852 2557.05533954
246.875757687 2557.05533954
247.470997521 2557.05533954
248.066237356 2557.05533954
248.66147719 2557.05533954
249.256717025 2557.05533954
249.851956859 2557.05533954
250.447196694 2557.05533954
251.042436528 2557.05533954
251.637676363 2557.05533954
252.232916197 2557.05533954
252.828156032 2557.05533954
253.423395866 2557.05533954
254.018635701 2557.05533954
254.613875535 2557.05533954
255.20911537 2557.05533954
255.804355204 2557.05533954
256.399595039 2557.05533954
256.994834873 2557.05533954
257.590074707 2557.05533954
258.185314542 2557.05533954
258.780554376 2557.05533954
259.375794211 2557.05533954
259.971034045 2557.05533954
260.56627388 2557.05533954
261.161513714 2557.05533954
261.756753549 2557.05533954
262.351993383 2557.05533954
262.947233218 2557.05533954
263.542473052 2557.05533954
264.137712887 2557.05533954
264.732952721 2557.05533954
265.328192556 2557.05533954
265.92343239 2557.05533954
266.518672225 2557.05533954
267.113912059 2557.05533954
267.709151894 2557.05533954
268.304391728 2557.05533954
268.899631562 2557.05533954
269.494871397 2557.05533954
270.090111231 2557.05533954
270.685351066 2557.05533954
271.2805909 2557.05533954
271.875830735 2557.05533954
272.471070569 2557.05533954
273.066310404 2557.05533954
273.661550238 2557.05533954
274.256790073 2557.05533954
274.852029907 2557.05533954
275.447269742 2557.05533954
276.042509576 2557.05533954
276.637749411 2557.05533954
277.232989245 2557.05533954
277.82822908 2557.05533954
278.423468914 2557.05533954
279.018708748 2557.05533954
279.613948583 2557.05533954
280.209188417 2557.05533954
280.804428252 2557.05533954
281.399668086 2557.05533954
281.994907921 2557.05533954
282.590147755 2557.05533954
283.18538759 2557.05533954
283.780627424 2557.05533954
284.375867259 2557.05533954
284.971107093 2557.05533954
285.566346928 2557.05533954
286.161586762 2557.05533954
286.756826597 2557.05533954
287.352066431 2557.05533954
287.947306266 2557.05533954
288.5425461 2557.05533954
289.137785935 2557.05533954
289.733025769 2557.05533954
290.328265603 2557.05533954
290.923505438 2557.05533954
291.518745272 2557.05533954
292.113985107 2557.05533954
292.709224941 2557.05533954
293.304464776 2557.05533954
293.89970461 2557.05533954
294.494944445 2557.05533954
295.090184279 2557.05533954
295.685424114 2557.05533954
296.280663948 2557.05533954
296.875903783 2557.05533954
297.471143617 2557.05533954
298.066383452 2557.05533954
298.661623286 2557.05533954
299.256863121 2557.05533954
299.852102955 2557.05533954
300.44734279 2557.05533954
301.042582624 2557.05533954
301.637822458 2557.05533954
302.233062293 2557.05533954
302.828302127 2557.05533954
303.423541962 2557.05533954
304.018781796 2557.05533954
304.614021631 2557.05533954
305.209261465 1759.46516815
305.8045013 1759.46516815
306.399741134 1759.46516815
306.994980969 1759.46516815
307.590220803 1759.46516815
308.185460638 1759.46516815
308.780700472 1759.46516815
309.375940307 1759.46516815
309.971180141 1759.46516815
310.566419976 1759.46516815
311.16165981 1759.46516815
311.756899644 1759.46516815
312.352139479 1759.46516815
312.947379313 1759.46516815
313.542619148 1759.46516815
314.137858982 1759.46516815
314.733098817 1759.46516815
315.328338651 1759.46516815
315.923578486 1759.46516815
316.51881832 1759.46516815
317.114058155 1759.46516815
317.709297989 1759.46516815
318.304537824 1759.46516815
318.899777658 1759.46516815
319.495017493 1759.46516815
320.090257327 1759.46516815
320.685497162 1759.46516815
321.280736996 1759.46516815
321.875976831 1759.46516815
322.471216665 1759.46516815
323.066456499 1759.46516815
323.661696334 1759.46516815
324.256936168 1759.46516815
324.852176003 1759.46516815
325.447415837 1759.46516815
326.042655672 1759.46516815
326.637895506 1759.46516815
327.233135341 1759.46516815
327.828375175 1759.46516815
328.42361501 1759.46516815
329.018854844 1759.46516815
329.614094679 1759.46516815
330.209334513 1759.46516815
330.804574348 1759.46516815
331.399814182 1759.46516815
331.995054017 1759.46516815
332.590293851 1759.46516815
333.185533685 1759.46516815
333.78077352 1759.46516815
334.376013354 1759.46516815
334.971253189 1759.46516815
335.566493023 1759.46516815
336.161732858 1759.46516815
336.756972692 1759.46516815
337.352212527 1759.46516815
337.947452361 1759.46516815
338.542692196 1759.46516815
339.13793203 1759.46516815
339.733171865 1759.46516815
340.328411699 1759.46516815
340.923651534 1759.46516815
341.518891368 1759.46516815
342.114131203 1759.46516815
342.709371037 1759.46516815
343.304610872 1759.46516815
343.899850706 1759.46516815
344.49509054 1759.46516815
345.090330375 1759.46516815
345.685570209 1759.46516815
346.280810044 1759.46516815
346.876049878 1759.46516815
347.471289713 1759.46516815
348.066529547 1759.46516815
348.661769382 1759.46516815
349.257009216 1759.46516815
349.852249051 1759.46516815
350.447488885 1759.46516815
351.04272872 1759.46516815
351.637968554 1759.46516815
352.233208389 1759.46516815
352.828448223 1759.46516815
353.423688058 1759.46516815
354.018927892 1759.46516815
354.614167727 1759.46516815
355.209407561 1759.46516815
355.804647395 1759.46516815
356.39988723 1759.46516815
356.995127064 1759.46516815
357.590366899 1759.46516815
358.185606733 1759.46516815
358.780846568 1759.46516815
359.376086402 1759.46516815
359.971326237 1759.46516815
360.566566071 1759.46516815
361.161805906 1759.46516815
361.75704574 1759.46516815
362.352285575 1759.46516815
362.947525409 1759.46516815
363.542765244 1759.46516815
364.138005078 1759.46516815
364.733244913 1759.46516815
365.328484747 1759.46516815
365.923724581 1759.46516815
366.518964416 1759.46516815
367.11420425 1759.46516815
367.709444085 1759.46516815
368.304683919 1759.46516815
368.899923754 1759.46516815
369.495163588 1759.46516815
370.090403423 1759.46516815
370.685643257 1759.46516815
371.280883092 1759.46516815
371.876122926 1759.46516815
372.471362761 1759.46516815
373.066602595 1759.46516815
373.66184243 1759.46516815
374.257082264 1759.46516815
374.852322099 1759.46516815
375.447561933 1759.46516815
376.042801768 1759.46516815
376.638041602 1759.46516815
377.233281436 1759.46516815
377.828521271 1759.46516815
378.423761105 1759.46516815
379.01900094 1759.46516815
379.614240774 1759.46516815
380.209480609 1759.46516815
380.804720443 1759.46516815
381.399960278 1759.46516815
381.995200112 1759.46516815
382.590439947 1759.46516815
383.185679781 1759.46516815
383.780919616 1759.46516815
384.37615945 1759.46516815
384.971399285 1759.46516815
385.566639119 1759.46516815
386.161878954 1759.46516815
386.757118788 1759.46516815
387.352358623 1759.46516815
387.947598457 1759.46516815
388.542838291 1759.46516815
389.138078126 1759.46516815
389.73331796 1759.46516815
390.328557795 1759.46516815
390.923797629 1759.46516815
391.519037464 1759.46516815
392.114277298 1759.46516815
392.709517133 1759.46516815
393.304756967 1759.46516815
393.899996802 1759.46516815
394.495236636 1759.46516815
395.090476471 1759.46516815
395.685716305 1759.46516815
396.28095614 1759.46516815
396.876195974 1759.46516815
397.471435809 1759.46516815
398.066675643 1759.46516815
398.661915477 1759.46516815
399.257155312 1759.46516815
399.852395146 1759.46516815
400.447634981 1759.46516815
401.042874815 1759.46516815
401.63811465 1759.46516815
402.233354484 1759.46516815
402.828594319 1759.46516815
403.423834153 1759.46516815
404.019073988 1759.46516815
404.614313822 1759.46516815
405.209553657 1759.46516815
405.804793491 1759.46516815
406.400033326 1759.46516815
406.99527316 1759.46516815
407.590512995 1759.46516815
408.185752829 1759.46516815
408.780992664 1759.46516815
409.376232498 1759.46516815
409.971472332 1759.46516815
410.566712167 1759.46516815
411.161952001 1759.46516815
411.757191836 1759.46516815
412.35243167 1759.46516815
412.947671505 1759.46516815
413.542911339 1759.46516815
414.138151174 1759.46516815
414.733391008 1759.46516815
415.328630843 1759.46516815
415.923870677 1759.46516815
416.519110512 1759.46516815
417.114350346 1759.46516815
417.709590181 1759.46516815
418.304830015 1759.46516815
418.90006985 1759.46516815
419.495309684 1759.46516815
420.090549519 1759.46516815
420.685789353 1759.46516815
421.281029187 1759.46516815
421.876269022 1759.46516815
422.471508856 1759.46516815
423.066748691 1759.46516815
423.661988525 1759.46516815
424.25722836 1759.46516815
424.852468194 1759.46516815
425.447708029 1759.46516815
426.042947863 1759.46516815
426.638187698 1759.46516815
427.233427532 1759.46516815
427.828667367 1759.46516815
428.423907201 1759.46516815
429.019147036 1759.46516815
429.61438687 1759.46516815
430.209626705 1759.46516815
430.804866539 1759.46516815
431.400106373 1759.46516815
431.995346208 1759.46516815
432.590586042 1759.46516815
433.185825877 1759.46516815
433.781065711 1759.46516815
434.376305546 1759.46516815
434.97154538 1759.46516815
435.566785215 1759.46516815
436.162025049 1759.46516815
436.757264884 1759.46516815
437.352504718 1759.46516815
437.947744553 1759.46516815
438.542984387 1759.46516815
439.138224222 1759.46516815
439.733464056 1759.46516815
440.328703891 1759.46516815
440.923943725 1759.46516815
441.51918356 1759.46516815
442.114423394 1759.46516815
442.709663228 1759.46516815
443.304903063 1759.46516815
443.900142897 1759.46516815
444.495382732 1759.46516815
445.090622566 1759.46516815
445.685862401 1759.46516815
446.281102235 1759.46516815
446.87634207 1759.46516815
447.471581904 1759.46516815
448.066821739 1759.46516815
448.662061573 1759.46516815
449.257301408 1759.46516815
449.852541242 1759.46516815
450.447781077 1759.46516815
451.043020911 1759.46516815
451.638260746 1759.46516815
452.23350058 1759.46516815
452.828740415 1759.46516815
453.423980249 1759.46516815
454.019220083 1759.46516815
454.614459918 1759.46516815
455.209699752 1759.46516815
455.804939587 1759.46516815
456.400179421 1759.46516815
456.995419256 1759.46516815
457.59065909 1576.44454615
458.185898925 1576.44454615
458.781138759 1576.44454615
459.376378594 1576.44454615
459.971618428 1576.44454615
460.566858263 1576.44454615
461.162098097 1576.44454615
461.757337932 1576.44454615
462.352577766 1576.44454615
462.947817601 1576.44454615
463.543057435 1576.44454615
464.138297269 1576.44454615
464.733537104 1576.44454615
465.328776938 1576.44454615
465.924016773 1576.44454615
466.519256607 1576.44454615
467.114496442 1576.44454615
467.709736276 1576.44454615
468.304976111 1576.44454615
468.900215945 1576.44454615
469.49545578 1576.44454615
470.090695614 1576.44454615
470.685935449 1576.44454615
471.281175283 1576.44454615
471.876415118 1576.44454615
472.471654952 1576.44454615
473.066894787 1576.44454615
473.662134621 1576.44454615
474.257374456 1576.44454615
474.85261429 1576.44454615
475.447854124 1576.44454615
476.043093959 1576.44454615
476.638333793 1576.44454615
477.233573628 1576.44454615
477.828813462 1576.44454615
478.424053297 1576.44454615
479.019293131 1576.44454615
479.614532966 1576.44454615
480.2097728 1576.44454615
480.805012635 1576.44454615
481.400252469 1576.44454615
481.995492304 1576.44454615
482.590732138 1576.44454615
483.185971973 1576.44454615
483.781211807 1576.44454615
484.376451642 1576.44454615
484.971691476 1576.44454615
485.56693131 1576.44454615
486.162171145 1576.44454615
486.757410979 1576.44454615
487.352650814 1576.44454615
487.947890648 1576.44454615
488.543130483 1576.44454615
489.138370317 1576.44454615
489.733610152 1576.44454615
490.328849986 1576.44454615
490.924089821 1576.44454615
491.519329655 1576.44454615
492.11456949 1576.44454615
492.709809324 1576.44454615
493.305049159 1576.44454615
493.900288993 1576.44454615
494.495528828 1576.44454615
495.090768662 1576.44454615
495.686008497 1576.44454615
496.281248331 1576.44454615
496.876488165 1576.44454615
497.471728 1576.44454615
498.066967834 1576.44454615
498.662207669 1576.44454615
499.257447503 1576.44454615
499.852687338 1576.44454615
500.447927172 1576.44454615
501.043167007 1576.44454615
501.638406841 1576.44454615
502.233646676 1576.44454615
502.82888651 1576.44454615
503.424126345 1576.44454615
504.019366179 1576.44454615
504.614606014 1576.44454615
505.209845848 1576.44454615
505.805085683 1576.44454615
506.400325517 1576.44454615
506.995565352 1576.44454615
507.590805186 1576.44454615
508.18604502 1576.44454615
508.781284855 1576.44454615
509.376524689 1576.44454615
509.971764524 1576.44454615
510.567004358 1576.44454615
511.162244193 1576.44454615
511.757484027 1576.44454615
512.352723862 1576.44454615
512.947963696 1576.44454615
513.543203531 1576.44454615
514.138443365 1576.44454615
514.7336832 1576.44454615
515.328923034 1576.44454615
515.924162869 1576.44454615
516.519402703 1576.44454615
517.114642538 1576.44454615
517.709882372 1576.44454615
518.305122206 1576.44454615
518.900362041 1576.44454615
519.495601875 1576.44454615
520.09084171 1576.44454615
520.686081544 1576.44454615
521.281321379 1576.44454615
521.876561213 1576.44454615
522.471801048 1576.44454615
523.067040882 1576.44454615
523.662280717 1576.44454615
524.257520551 1576.44454615
524.852760386 1576.44454615
525.44800022 1576.44454615
526.043240055 1576.44454615
526.638479889 1576.44454615
527.233719724 1576.44454615
527.828959558 1576.44454615
528.424199393 1576.44454615
529.019439227 1576.44454615
529.614679061 1576.44454615
530.209918896 1576.44454615
530.80515873 1576.44454615
531.400398565 1576.44454615
531.995638399 1576.44454615
532.590878234 1576.44454615
533.186118068 1576.44454615
533.781357903 1942.48579015
534.376597737 1942.48579015
534.971837572 1942.48579015
535.567077406 1942.48579015
536.162317241 1942.48579015
536.757557075 1942.48579015
537.35279691 1942.48579015
537.948036744 1942.48579015
538.543276579 1942.48579015
539.138516413 1942.48579015
539.733756248 1942.48579015
540.328996082 1942.48579015
540.924235916 1942.48579015
541.519475751 1942.48579015
542.114715585 1942.48579015
542.70995542 1942.48579015
543.305195254 1942.48579015
543.900435089 1942.48579015
544.495674923 1942.48579015
545.090914758 1942.48579015
545.686154592 1942.48579015
546.281394427 1942.48579015
546.876634261 1942.48579015
547.471874096 1942.48579015
548.06711393 1942.48579015
548.662353765 1942.48579015
549.257593599 1942.48579015
549.852833434 1942.48579015
550.448073268 1942.48579015
551.043313102 1942.48579015
551.638552937 1942.48579015
552.233792771 1942.48579015
552.829032606 1942.48579015
553.42427244 1942.48579015
554.019512275 1942.48579015
554.614752109 1942.48579015
555.209991944 1942.48579015
555.805231778 1942.48579015
556.400471613 1942.48579015
556.995711447 1942.48579015
557.590951282 1942.48579015
558.186191116 1942.48579015
558.781430951 1942.48579015
559.376670785 1942.48579015
559.97191062 1942.48579015
560.567150454 1942.48579015
561.162390289 1942.48579015
561.757630123 1942.48579015
562.352869957 1942.48579015
562.948109792 1942.48579015
563.543349626 1942.48579015
564.138589461 1942.48579015
564.733829295 1942.48579015
565.32906913 1942.48579015
565.924308964 1942.48579015
566.519548799 1942.48579015
567.114788633 1942.48579015
567.710028468 1942.48579015
568.305268302 1942.48579015
568.900508137 1942.48579015
569.495747971 1942.48579015
570.090987806 1942.48579015
570.68622764 1942.48579015
571.281467475 1942.48579015
571.876707309 1942.48579015
572.471947144 1942.48579015
573.067186978 1942.48579015
573.662426812 1942.48579015
574.257666647 1942.48579015
574.852906481 1942.48579015
575.448146316 1942.48579015
576.04338615 1942.48579015
576.638625985 1942.48579015
577.233865819 1942.48579015
577.829105654 1942.48579015
578.424345488 1942.48579015
579.019585323 1942.48579015
579.614825157 1942.48579015
580.210064992 1942.48579015
580.805304826 1942.48579015
581.400544661 1942.48579015
581.995784495 1942.48579015
582.59102433 1942.48579015
583.186264164 1942.48579015
583.781503998 1942.48579015
584.376743833 1942.48579015
584.971983667 1942.48579015
585.567223502 1942.48579015
586.162463336 1942.48579015
586.757703171 1942.48579015
587.352943005 1942.48579015
587.94818284 1942.48579015
588.543422674 1942.48579015
589.138662509 1942.48579015
589.733902343 1942.48579015
590.329142178 1942.48579015
590.924382012 1942.48579015
591.519621847 1942.48579015
592.114861681 1942.48579015
592.710101516 1942.48579015
593.30534135 1942.48579015
593.900581185 1942.48579015
594.495821019 1942.48579015
595.091060853 1942.48579015
595.686300688 1942.48579015
596.281540522 1942.48579015
596.876780357 1942.48579015
597.472020191 1942.48579015
598.067260026 1942.48579015
598.66249986 1942.48579015
599.257739695 1942.48579015
599.852979529 1942.48579015
600.448219364 1942.48579015
601.043459198 1942.48579015
601.638699033 1942.48579015
602.233938867 1942.48579015
602.829178702 1942.48579015
603.424418536 1942.48579015
604.019658371 1942.48579015
604.614898205 1942.48579015
605.21013804 1942.48579015
605.805377874 1942.48579015
606.400617708 1942.48579015
606.995857543 1942.48579015
607.591097377 1942.48579015
608.186337212 1942.48579015
608.781577046 1942.48579015
609.376816881 1942.48579015
609.972056715 3236.16199638
610.56729655 3236.16199638
611.162536384 3236.16199638
611.757776219 3236.16199638
612.353016053 3236.16199638
612.948255888 3236.16199638
613.543495722 3236.16199638
614.138735557 3236.16199638
614.733975391 3236.16199638
615.329215226 3236.16199638
615.92445506 3236.16199638
616.519694894 3236.16199638
617.114934729 3236.16199638
617.710174563 3236.16199638
618.305414398 3236.16199638
618.900654232 3236.16199638
619.495894067 3236.16199638
620.091133901 3236.16199638
620.686373736 3236.16199638
621.28161357 3236.16199638
621.876853405 3236.16199638
622.472093239 3236.16199638
623.067333074 3236.16199638
623.662572908 3236.16199638
624.257812743 3236.16199638
624.853052577 3236.16199638
625.448292412 3236.16199638
626.043532246 3236.16199638
626.638772081 3236.16199638
627.234011915 3236.16199638
627.829251749 3236.16199638
628.424491584 3236.16199638
629.019731418 3236.16199638
629.614971253 3236.16199638
630.210211087 3236.16199638
630.805450922 3236.16199638
631.400690756 3236.16199638
631.995930591 3236.16199638
632.591170425 3236.16199638
633.18641026 3236.16199638
633.781650094 3236.16199638
634.376889929 3236.16199638
634.972129763 3236.16199638
635.567369598 3236.16199638
636.162609432 3236.16199638
636.757849267 3236.16199638
637.353089101 3236.16199638
637.948328935 3236.16199638
638.54356877 2698.80157878
639.138808604 2698.80157878
639.734048439 2698.80157878
640.329288273 2698.80157878
640.924528108 2698.80157878
641.519767942 2698.80157878
642.115007777 2698.80157878
642.710247611 2698.80157878
643.305487446 3773.52241399
643.90072728 3773.52241399
644.495967115 3773.52241399
645.091206949 3773.52241399
645.686446784 3773.52241399
646.281686618 3773.52241399
646.876926453 3773.52241399
647.472166287 3773.52241399
648.067406122 3236.16199638
648.662645956 3236.16199638
649.25788579 3236.16199638
649.853125625 3236.16199638
650.448365459 3236.16199638
651.043605294 3236.16199638
651.638845128 3236.16199638
652.234084963 3236.16199638
652.829324797 3236.16199638
653.424564632 3236.16199638
654.019804466 3236.16199638
654.615044301 3236.16199638
655.210284135 3236.16199638
655.80552397 3236.16199638
656.400763804 3236.16199638
656.996003639 3236.16199638
657.591243473 3236.16199638
658.186483308 3236.16199638
658.781723142 3236.16199638
659.376962977 3236.16199638
659.972202811 3236.16199638
660.567442645 3236.16199638
661.16268248 3236.16199638
661.757922314 3236.16199638
662.353162149 3236.16199638
662.948401983 3236.16199638
663.543641818 3236.16199638
664.138881652 3236.16199638
664.734121487 3236.16199638
665.329361321 3236.16199638
665.924601156 3236.16199638
666.51984099 3236.16199638
667.115080825 3236.16199638
667.710320659 3236.16199638
668.305560494 3236.16199638
668.900800328 3236.16199638
669.496040163 3236.16199638
670.091279997 3236.16199638
670.686519831 3236.16199638
671.281759666 3236.16199638
671.8769995 3236.16199638
672.472239335 3236.16199638
673.067479169 3236.16199638
673.662719004 3236.16199638
674.257958838 3236.16199638
674.853198673 3236.16199638
675.448438507 3236.16199638
676.043678342 3236.16199638
676.638918176 3236.16199638
677.234158011 3236.16199638
677.829397845 3236.16199638
678.42463768 3236.16199638
679.019877514 3236.16199638
679.615117349 3236.16199638
680.210357183 3236.16199638
680.805597018 3236.16199638
681.400836852 3236.16199638
681.996076686 3236.16199638
682.591316521 3236.16199638
683.186556355 3236.16199638
683.78179619 3236.16199638
684.377036024 3236.16199638
684.972275859 3236.16199638
685.567515693 3236.16199638
686.162755528 3824.15108904
686.757995362 3824.15108904
687.353235197 3824.15108904
687.948475031 3824.15108904
688.543714866 3824.15108904
689.1389547 3824.15108904
689.734194535 3824.15108904
690.329434369 3824.15108904
690.924674204 3824.15108904
691.519914038 3824.15108904
692.115153873 3824.15108904
692.710393707 3824.15108904
693.305633541 3824.15108904
693.900873376 3824.15108904
694.49611321 3824.15108904
695.091353045 3824.15108904
695.686592879 3824.15108904
696.281832714 3824.15108904
696.877072548 3824.15108904
697.472312383 3824.15108904
698.067552217 3824.15108904
698.662792052 3824.15108904
699.258031886 3824.15108904
699.853271721 3824.15108904
700.448511555 3824.15108904
701.04375139 3824.15108904
701.638991224 3824.15108904
702.234231059 3824.15108904
702.829470893 3824.15108904
703.424710727 3824.15108904
704.019950562 3824.15108904
704.615190396 3824.15108904
705.210430231 3120.905391
705.805670065 3120.905391
706.4009099 3120.905391
706.996149734 3120.905391
707.591389569 3120.905391
708.186629403 3120.905391
708.781869238 3120.905391
709.377109072 3120.905391
709.972348907 3120.905391
710.567588741 3120.905391
711.162828576 3120.905391
711.75806841 3120.905391
712.353308245 3120.905391
712.948548079 3120.905391
713.543787914 3120.905391
714.139027748 3120.905391
714.734267582 3120.905391
715.329507417 3120.905391
715.924747251 3120.905391
716.519987086 3120.905391
717.11522692 3120.905391
717.710466755 3120.905391
718.305706589 3120.905391
718.900946424 3120.905391
719.496186258 3120.905391
720.091426093 3120.905391
720.686665927 3120.905391
721.281905762 3120.905391
721.877145596 3120.905391
722.472385431 3120.905391
723.067625265 3120.905391
723.6628651 3120.905391
724.258104934 2999.79575275
724.853344769 2999.79575275
725.448584603 2999.79575275
726.043824437 2999.79575275
726.639064272 2999.79575275
727.234304106 2999.79575275
727.829543941 2999.79575275
728.424783775 2999.79575275
729.02002361 2999.79575275
729.615263444 2999.79575275
730.210503279 2999.79575275
730.805743113 2999.79575275
731.400982948 2999.79575275
731.996222782 2999.79575275
732.591462617 2999.79575275
733.186702451 2999.79575275
733.781942286 2999.79575275
734.37718212 2999.79575275
734.972421955 2999.79575275
735.567661789 2999.79575275
736.162901623 2999.79575275
736.758141458 2999.79575275
737.353381292 2999.79575275
737.948621127 2999.79575275
738.543860961 2999.79575275
739.139100796 2999.79575275
739.73434063 2999.79575275
740.329580465 2999.79575275
740.924820299 2999.79575275
741.520060134 2999.79575275
742.115299968 2999.79575275
742.710539803 2999.79575275
743.305779637 2999.79575275
743.901019472 2999.79575275
744.496259306 2999.79575275
745.091499141 2999.79575275
745.686738975 2999.79575275
746.28197881 2999.79575275
746.877218644 2999.79575275
747.472458478 2999.79575275
748.067698313 2999.79575275
748.662938147 2999.79575275
749.258177982 2999.79575275
749.853417816 2999.79575275
750.448657651 2999.79575275
751.043897485 2999.79575275
751.63913732 2999.79575275
752.234377154 2999.79575275
752.829616989 2999.79575275
753.424856823 2999.79575275
754.020096658 2999.79575275
754.615336492 2999.79575275
755.210576327 2999.79575275
755.805816161 2999.79575275
756.401055996 2999.79575275
756.99629583 2999.79575275
757.591535665 2999.79575275
758.186775499 2999.79575275
758.782015333 2999.79575275
759.377255168 2999.79575275
759.972495002 2999.79575275
760.567734837 2999.79575275
761.162974671 2999.79575275
761.758214506 2999.79575275
762.35345434 3112.49631064
762.948694175 3112.49631064
763.543934009 3112.49631064
764.139173844 3112.49631064
764.734413678 3112.49631064
765.329653513 3112.49631064
765.924893347 3112.49631064
766.520133182 3112.49631064
767.115373016 3112.49631064
767.710612851 3112.49631064
768.305852685 3112.49631064
768.901092519 3112.49631064
769.496332354 3112.49631064
770.091572188 3112.49631064
770.686812023 3112.49631064
771.282051857 3112.49631064
771.877291692 3112.49631064
772.472531526 3112.49631064
773.067771361 3112.49631064
773.663011195 3112.49631064
774.25825103 3112.49631064
774.853490864 3112.49631064
775.448730699 3112.49631064
776.043970533 3112.49631064
776.639210368 3112.49631064
777.234450202 3112.49631064
777.829690037 3112.49631064
778.424929871 3112.49631064
779.020169706 3112.49631064
779.61540954 3112.49631064
780.210649374 3112.49631064
780.805889209 3112.49631064
781.401129043 3112.49631064
781.996368878 3112.49631064
782.591608712 3112.49631064
783.186848547 3112.49631064
783.782088381 3112.49631064
784.377328216 3112.49631064
784.97256805 3112.49631064
785.567807885 3112.49631064
786.163047719 3112.49631064
786.758287554 3112.49631064
787.353527388 3112.49631064
787.948767223 3112.49631064
788.544007057 3112.49631064
789.139246892 3112.49631064
789.734486726 3112.49631064
790.32972656 3112.49631064
790.924966395 3112.49631064
791.520206229 3112.49631064
792.115446064 3112.49631064
792.710685898 3112.49631064
793.305925733 3112.49631064
793.901165567 3112.49631064
794.496405402 3112.49631064
795.091645236 3112.49631064
795.686885071 3112.49631064
796.282124905 3112.49631064
796.87736474 3112.49631064
797.472604574 3112.49631064
798.067844409 3112.49631064
798.663084243 3112.49631064
799.258324078 3112.49631064
799.853563912 3112.49631064
800.448803747 3753.99508217
801.044043581 3753.99508217
801.639283415 3753.99508217
802.23452325 3753.99508217
802.829763084 3753.99508217
803.425002919 3753.99508217
804.020242753 3753.99508217
804.615482588 3753.99508217
805.210722422 3753.99508217
805.805962257 3753.99508217
806.401202091 3753.99508217
806.996441926 3753.99508217
807.59168176 3753.99508217
808.186921595 3753.99508217
808.782161429 3753.99508217
809.377401264 3753.99508217
809.972641098 3753.99508217
810.567880933 3753.99508217
811.163120767 3753.99508217
811.758360602 3753.99508217
812.353600436 3753.99508217
812.94884027 3753.99508217
813.544080105 3753.99508217
814.139319939 3753.99508217
814.734559774 3753.99508217
815.329799608 3753.99508217
815.925039443 3753.99508217
816.520279277 3753.99508217
817.115519112 3753.99508217
817.710758946 3753.99508217
818.305998781 3753.99508217
818.901238615 3753.99508217
819.49647845 3753.99508217
820.091718284 3753.99508217
820.686958119 3753.99508217
821.282197953 3753.99508217
821.877437788 3753.99508217
822.472677622 3753.99508217
823.067917456 3753.99508217
823.663157291 3753.99508217
824.258397125 3753.99508217
824.85363696 3753.99508217
825.448876794 3753.99508217
826.044116629 3753.99508217
826.639356463 3753.99508217
827.234596298 3753.99508217
827.829836132 3753.99508217
828.425075967 3753.99508217
829.020315801 3753.99508217
829.615555636 3753.99508217
830.21079547 3753.99508217
830.806035305 3753.99508217
831.401275139 3753.99508217
831.996514974 3753.99508217
832.591754808 3753.99508217
833.186994643 3753.99508217
833.782234477 3753.99508217
834.377474311 3753.99508217
834.972714146 3753.99508217
835.56795398 3753.99508217
836.163193815 3753.99508217
836.758433649 3753.99508217
837.353673484 3753.99508217
837.948913318 3753.99508217
838.544153153 3039.07829636
839.139392987 3039.07829636
839.734632822 3039.07829636
840.329872656 3039.07829636
840.925112491 3039.07829636
841.520352325 3039.07829636
842.11559216 3039.07829636
842.710831994 3039.07829636
843.306071829 3039.07829636
843.901311663 3039.07829636
844.496551498 3039.07829636
845.091791332 3039.07829636
845.687031166 3039.07829636
846.282271001 3039.07829636
846.877510835 3039.07829636
847.47275067 3039.07829636
848.067990504 3039.07829636
848.663230339 3039.07829636
849.258470173 3039.07829636
849.853710008 3039.07829636
850.448949842 3039.07829636
851.044189677 3039.07829636
851.639429511 3039.07829636
852.234669346 3039.07829636
852.82990918 3039.07829636
853.425149015 3039.07829636
854.020388849 3039.07829636
854.615628684 3039.07829636
855.210868518 3039.07829636
855.806108352 3039.07829636
856.401348187 3039.07829636
856.996588021 3039.07829636
857.591827856 3039.07829636
858.18706769 3039.07829636
858.782307525 3039.07829636
859.377547359 3039.07829636
859.972787194 3039.07829636
860.568027028 3039.07829636
861.163266863 3039.07829636
861.758506697 3039.07829636
862.353746532 3039.07829636
862.948986366 3039.07829636
863.544226201 3039.07829636
864.139466035 3039.07829636
864.73470587 3039.07829636
865.329945704 3039.07829636
865.925185539 3039.07829636
866.520425373 3039.07829636
867.115665207 3039.07829636
867.710905042 3039.07829636
868.306144876 3039.07829636
868.901384711 3039.07829636
869.496624545 3039.07829636
870.09186438 3039.07829636
870.687104214 3039.07829636
871.282344049 3039.07829636
871.877583883 3039.07829636
872.472823718 3039.07829636
873.068063552 3039.07829636
873.663303387 3039.07829636
874.258543221 3039.07829636
874.853783056 3039.07829636
875.44902289 3039.07829636
876.044262725 3039.07829636
876.639502559 3039.07829636
877.234742394 3039.07829636
877.829982228 3039.07829636
878.425222062 3039.07829636
879.020461897 3039.07829636
879.615701731 3039.07829636
880.210941566 3039.07829636
880.8061814 3039.07829636
881.401421235 3039.07829636
881.996661069 3039.07829636
882.591900904 3039.07829636
883.187140738 3039.07829636
883.782380573 3039.07829636
884.377620407 3039.07829636
884.972860242 3039.07829636
885.568100076 3039.07829636
886.163339911 3039.07829636
886.758579745 3039.07829636
887.35381958 3039.07829636
887.949059414 3039.07829636
888.544299248 3039.07829636
889.139539083 3039.07829636
889.734778917 3039.07829636
890.330018752 3039.07829636
890.925258586 3039.07829636
891.520498421 3039.07829636
892.115738255 3039.07829636
892.71097809 3039.07829636
893.306217924 3039.07829636
893.901457759 3039.07829636
894.496697593 3039.07829636
895.091937428 3039.07829636
895.687177262 3039.07829636
896.282417097 3039.07829636
896.877656931 3039.07829636
897.472896766 3039.07829636
898.0681366 3039.07829636
898.663376435 3039.07829636
899.258616269 3039.07829636
899.853856103 3039.07829636
900.449095938 3039.07829636
901.044335772 3039.07829636
901.639575607 3039.07829636
902.234815441 3039.07829636
902.830055276 3039.07829636
903.42529511 3039.07829636
904.020534945 3039.07829636
904.615774779 3039.07829636
905.211014614 3039.07829636
905.806254448 3039.07829636
906.401494283 3039.07829636
906.996734117 3039.07829636
907.591973952 3039.07829636
908.187213786 3039.07829636
908.782453621 3039.07829636
909.377693455 3039.07829636
909.97293329 3039.07829636
910.568173124 3039.07829636
911.163412958 3039.07829636
911.758652793 3039.07829636
912.353892627 3039.07829636
912.949132462 3039.07829636
913.544372296 3039.07829636
914.139612131 3039.07829636
914.734851965 2438.19097911
915.3300918 2438.19097911
915.925331634 2438.19097911
916.520571469 2438.19097911
917.115811303 2438.19097911
917.711051138 2438.19097911
918.306290972 2438.19097911
918.901530807 2438.19097911
919.496770641 2438.19097911
920.092010476 2438.19097911
920.68725031 2438.19097911
921.282490144 2438.19097911
921.877729979 2438.19097911
922.472969813 2438.19097911
923.068209648 2438.19097911
923.663449482 2438.19097911
924.258689317 2438.19097911
924.853929151 2438.19097911
925.449168986 2438.19097911
926.04440882 2438.19097911
926.639648655 2438.19097911
927.234888489 2438.19097911
927.830128324 2438.19097911
928.425368158 2438.19097911
929.020607993 2438.19097911
929.615847827 2438.19097911
930.211087662 2438.19097911
930.806327496 2438.19097911
931.401567331 2438.19097911
931.996807165 2438.19097911
932.592046999 2438.19097911
933.187286834 2438.19097911
933.782526668 2438.19097911
934.377766503 2438.19097911
934.973006337 2438.19097911
935.568246172 2438.19097911
936.163486006 2438.19097911
936.758725841 2438.19097911
937.353965675 2438.19097911
937.94920551 2438.19097911
938.544445344 2438.19097911
939.139685179 2438.19097911
939.734925013 2438.19097911
940.330164848 2438.19097911
940.925404682 2438.19097911
941.520644517 2438.19097911
942.115884351 2438.19097911
942.711124185 2438.19097911
943.30636402 2438.19097911
943.901603854 2438.19097911
944.496843689 2438.19097911
945.092083523 2438.19097911
945.687323358 2438.19097911
946.282563192 2438.19097911
946.877803027 2438.19097911
947.473042861 2438.19097911
948.068282696 2438.19097911
948.66352253 2438.19097911
949.258762365 2438.19097911
949.854002199 2438.19097911
950.449242034 2438.19097911
951.044481868 2438.19097911
951.639721703 2438.19097911
952.234961537 2438.19097911
952.830201372 2438.19097911
953.425441206 2438.19097911
954.02068104 2438.19097911
954.615920875 2438.19097911
955.211160709 2438.19097911
955.806400544 2438.19097911
956.401640378 2438.19097911
956.996880213 2438.19097911
957.592120047 2438.19097911
958.187359882 2438.19097911
958.782599716 2438.19097911
959.377839551 2438.19097911
959.973079385 2438.19097911
960.56831922 2438.19097911
961.163559054 2438.19097911
961.758798889 2438.19097911
962.354038723 2438.19097911
962.949278558 2438.19097911
963.544518392 2438.19097911
964.139758227 2438.19097911
964.734998061 2438.19097911
965.330237895 2438.19097911
965.92547773 2438.19097911
966.520717564 2438.19097911
967.115957399 2438.19097911
967.711197233 2438.19097911
968.306437068 2438.19097911
968.901676902 2438.19097911
969.496916737 2438.19097911
970.092156571 2438.19097911
970.687396406 2438.19097911
971.28263624 2438.19097911
971.877876075 2438.19097911
972.473115909 2438.19097911
973.068355744 2438.19097911
973.663595578 2438.19097911
974.258835413 2438.19097911
974.854075247 2438.19097911
975.449315081 2438.19097911
976.044554916 2438.19097911
976.63979475 2438.19097911
977.235034585 2438.19097911
977.830274419 2438.19097911
978.425514254 2438.19097911
979.020754088 2438.19097911
979.615993923 2438.19097911
980.211233757 2438.19097911
980.806473592 2438.19097911
981.401713426 2438.19097911
981.996953261 2438.19097911
982.592193095 2438.19097911
983.18743293 2438.19097911
983.782672764 2438.19097911
984.377912599 2438.19097911
984.973152433 2438.19097911
985.568392268 2438.19097911
986.163632102 2438.19097911
986.758871936 2438.19097911
987.354111771 2438.19097911
987.949351605 2438.19097911
988.54459144 2438.19097911
989.139831274 2438.19097911
989.735071109 2438.19097911
990.330310943 2438.19097911
990.925550778 2438.19097911
991.520790612 2438.19097911
992.116030447 2438.19097911
992.711270281 2438.19097911
993.306510116 2438.19097911
993.90174995 2438.19097911
994.496989785 2438.19097911
995.092229619 2438.19097911
995.687469454 2438.19097911
996.282709288 2438.19097911
996.877949123 2438.19097911
997.473188957 2438.19097911
998.068428791 2438.19097911
998.663668626 2438.19097911
999.25890846 2438.19097911
999.854148295 2438.19097911
1000.44938813 2438.19097911
1001.04462796 2438.19097911
1001.6398678 2438.19097911
1002.23510763 2438.19097911
1002.83034747 2438.19097911
1003.4255873 2438.19097911
1004.02082714 2438.19097911
1004.61606697 2438.19097911
1005.21130681 2438.19097911
1005.80654664 2438.19097911
1006.40178647 2438.19097911
1006.99702631 2438.19097911
1007.59226614 2438.19097911
1008.18750598 2438.19097911
1008.78274581 2438.19097911
1009.37798565 2438.19097911
1009.97322548 2438.19097911
1010.56846532 2438.19097911
1011.16370515 2438.19097911
1011.75894498 2438.19097911
1012.35418482 2438.19097911
1012.94942465 2438.19097911
1013.54466449 2438.19097911
1014.13990432 2438.19097911
1014.73514416 2438.19097911
1015.33038399 2438.19097911
1015.92562383 2438.19097911
1016.52086366 2438.19097911
1017.11610349 2438.19097911
1017.71134333 2438.19097911
1018.30658316 2438.19097911
1018.901823 2438.19097911
1019.49706283 2438.19097911
1020.09230267 2438.19097911
1020.6875425 2438.19097911
1021.28278234 2438.19097911
1021.87802217 2438.19097911
1022.473262 2438.19097911
1023.06850184 2438.19097911
1023.66374167 2438.19097911
1024.25898151 2438.19097911
1024.85422134 2438.19097911
1025.44946118 2438.19097911
1026.04470101 2438.19097911
1026.63994085 2438.19097911
1027.23518068 2438.19097911
1027.83042052 2438.19097911
1028.42566035 2438.19097911
1029.02090018 2438.19097911
1029.61614002 2438.19097911
1030.21137985 2438.19097911
1030.80661969 2438.19097911
1031.40185952 2438.19097911
1031.99709936 2438.19097911
1032.59233919 2438.19097911
1033.18757903 2438.19097911
1033.78281886 2438.19097911
1034.37805869 2438.19097911
1034.97329853 2438.19097911
1035.56853836 2438.19097911
1036.1637782 2438.19097911
1036.75901803 2438.19097911
1037.35425787 2438.19097911
1037.9494977 2438.19097911
1038.54473754 2438.19097911
1039.13997737 2438.19097911
1039.7352172 2438.19097911
1040.33045704 2438.19097911
1040.92569687 2438.19097911
1041.52093671 2438.19097911
1042.11617654 2438.19097911
1042.71141638 2438.19097911
1043.30665621 2438.19097911
1043.90189605 2438.19097911
1044.49713588 2438.19097911
1045.09237571 2438.19097911
1045.68761555 2438.19097911
1046.28285538 2438.19097911
1046.87809522 2438.19097911
1047.47333505 2438.19097911
1048.06857489 2438.19097911
1048.66381472 2438.19097911
1049.25905456 2438.19097911
1049.85429439 2438.19097911
1050.44953423 2438.19097911
1051.04477406 2438.19097911
1051.64001389 2438.19097911
1052.23525373 2438.19097911
1052.83049356 2438.19097911
1053.4257334 2438.19097911
1054.02097323 2438.19097911
1054.61621307 2438.19097911
1055.2114529 2438.19097911
1055.80669274 2438.19097911
1056.40193257 2438.19097911
1056.9971724 2438.19097911
1057.59241224 2438.19097911
1058.18765207 2438.19097911
1058.78289191 2438.19097911
1059.37813174 2438.19097911
1059.97337158 2438.19097911
1060.56861141 2438.19097911
1061.16385125 2438.19097911
1061.75909108 2438.19097911
1062.35433091 2438.19097911
1062.94957075 2438.19097911
1063.54481058 2438.19097911
1064.14005042 2438.19097911
1064.73529025 2438.19097911
1065.33053009 2438.19097911
1065.92576992 2438.19097911
1066.52100976 2438.19097911
1067.11624959 2438.19097911
1067.71148942 2438.19097911
1068.30672926 2438.19097911
1068.90196909 2438.19097911
1069.49720893 2438.19097911
1070.09244876 2438.19097911
1070.6876886 2438.19097911
1071.28292843 2438.19097911
1071.87816827 2438.19097911
1072.4734081 2438.19097911
1073.06864794 2438.19097911
1073.66388777 2438.19097911
1074.2591276 2438.19097911
1074.85436744 2438.19097911
1075.44960727 2438.19097911
1076.04484711 2438.19097911
1076.64008694 2438.19097911
1077.23532678 2438.19097911
1077.83056661 2438.19097911
1078.42580645 2438.19097911
1079.02104628 2438.19097911
1079.61628611 2438.19097911
1080.21152595 2438.19097911
1080.80676578 2438.19097911
1081.40200562 2438.19097911
1081.99724545 2438.19097911
1082.59248529 2438.19097911
1083.18772512 2438.19097911
1083.78296496 2438.19097911
1084.37820479 2438.19097911
1084.97344462 2438.19097911
1085.56868446 2438.19097911
1086.16392429 2438.19097911
1086.75916413 2438.19097911
1087.35440396 2438.19097911
1087.9496438 2438.19097911
1088.54488363 2438.19097911
1089.14012347 2438.19097911
1089.7353633 2438.19097911
1090.33060313 2438.19097911
1090.92584297 2438.19097911
1091.5210828 2438.19097911
1092.11632264 2438.19097911
1092.71156247 2438.19097911
1093.30680231 2438.19097911
1093.90204214 2438.19097911
1094.49728198 2438.19097911
1095.09252181 2438.19097911
1095.68776164 2438.19097911
1096.28300148 2438.19097911
1096.87824131 2438.19097911
1097.47348115 2438.19097911
1098.06872098 2438.19097911
1098.66396082 2438.19097911
1099.25920065 2438.19097911
1099.85444049 2438.19097911
1100.44968032 2438.19097911
1101.04492016 2438.19097911
1101.64015999 2438.19097911
1102.23539982 2438.19097911
1102.83063966 2438.19097911
1103.42587949 2438.19097911
1104.02111933 2438.19097911
1104.61635916 2438.19097911
1105.211599 2438.19097911
1105.80683883 2438.19097911
1106.40207867 2438.19097911
1106.9973185 2438.19097911
1107.59255833 2438.19097911
1108.18779817 2438.19097911
1108.783038 2438.19097911
1109.37827784 2438.19097911
1109.97351767 2438.19097911
1110.56875751 2438.19097911
1111.16399734 2438.19097911
1111.75923718 2438.19097911
1112.35447701 2438.19097911
1112.94971684 2438.19097911
1113.54495668 2438.19097911
1114.14019651 2438.19097911
1114.73543635 2438.19097911
1115.33067618 2438.19097911
1115.92591602 2438.19097911
1116.52115585 2438.19097911
1117.11639569 2438.19097911
1117.71163552 2438.19097911
1118.30687535 2438.19097911
1118.90211519 2438.19097911
1119.49735502 2438.19097911
1120.09259486 2438.19097911
1120.68783469 2438.19097911
1121.28307453 2438.19097911
1121.87831436 2438.19097911
1122.4735542 2438.19097911
1123.06879403 2438.19097911
1123.66403387 2438.19097911
1124.2592737 2438.19097911
1124.85451353 2438.19097911
1125.44975337 2438.19097911
1126.0449932 2438.19097911
1126.64023304 2438.19097911
1127.23547287 2438.19097911
1127.83071271 2438.19097911
1128.42595254 2438.19097911
1129.02119238 2438.19097911
1129.61643221 2438.19097911
1130.21167204 2438.19097911
1130.80691188 2438.19097911
1131.40215171 2438.19097911
1131.99739155 2438.19097911
1132.59263138 2438.19097911
1133.18787122 2438.19097911
1133.78311105 2438.19097911
1134.37835089 2438.19097911
1134.97359072 2438.19097911
1135.56883055 2438.19097911
1136.16407039 2438.19097911
1136.75931022 2438.19097911
1137.35455006 2438.19097911
1137.94978989 2438.19097911
1138.54502973 2438.19097911
1139.14026956 2438.19097911
1139.7355094 2438.19097911
1140.33074923 2438.19097911
1140.92598906 2438.19097911
1141.5212289 2438.19097911
1142.11646873 2438.19097911
1142.71170857 2438.19097911
1143.3069484 2438.19097911
1143.90218824 2438.19097911
1144.49742807 2438.19097911
1145.09266791 2438.19097911
1145.68790774 2438.19097911
1146.28314758 2438.19097911
1146.87838741 2438.19097911
1147.47362724 2438.19097911
1148.06886708 2438.19097911
1148.66410691 2438.19097911
1149.25934675 2438.19097911
1149.85458658 2438.19097911
1150.44982642 2438.19097911
1151.04506625 2438.19097911
1151.64030609 2438.19097911
1152.23554592 2438.19097911
1152.83078575 2438.19097911
1153.42602559 2438.19097911
1154.02126542 2438.19097911
1154.61650526 2438.19097911
1155.21174509 2438.19097911
1155.80698493 2438.19097911
1156.40222476 2438.19097911
1156.9974646 2438.19097911
1157.59270443 2438.19097911
1158.18794426 2438.19097911
1158.7831841 2438.19097911
1159.37842393 2438.19097911
1159.97366377 2438.19097911
1160.5689036 2438.19097911
1161.16414344 2438.19097911
1161.75938327 2438.19097911
1162.35462311 2438.19097911
1162.94986294 2438.19097911
1163.54510277 2438.19097911
1164.14034261 2438.19097911
1164.73558244 2438.19097911
1165.33082228 2438.19097911
1165.92606211 2438.19097911
1166.52130195 2438.19097911
1167.11654178 2438.19097911
1167.71178162 2438.19097911
1168.30702145 2438.19097911
1168.90226129 2438.19097911
1169.49750112 2438.19097911
1170.09274095 2438.19097911
1170.68798079 2438.19097911
1171.28322062 2438.19097911
1171.87846046 2438.19097911
1172.47370029 2438.19097911
1173.06894013 2438.19097911
1173.66417996 2438.19097911
1174.2594198 2438.19097911
1174.85465963 2438.19097911
1175.44989946 2438.19097911
1176.0451393 2438.19097911
1176.64037913 2438.19097911
1177.23561897 2438.19097911
1177.8308588 2438.19097911
1178.42609864 2438.19097911
1179.02133847 2438.19097911
1179.61657831 2438.19097911
1180.21181814 2438.19097911
1180.80705797 2438.19097911
1181.40229781 2438.19097911
1181.99753764 2438.19097911
1182.59277748 2438.19097911
1183.18801731 2438.19097911
1183.78325715 2438.19097911
1184.37849698 2438.19097911
1184.97373682 2438.19097911
1185.56897665 2438.19097911
1186.16421648 2438.19097911
1186.75945632 2438.19097911
1187.35469615 2438.19097911
1187.94993599 2438.19097911
1188.54517582 2438.19097911
1189.14041566 2438.19097911
1189.73565549 2438.19097911
1190.33089533 2438.19097911
1190.92613516 2438.19097911
1191.521375 2438.19097911
1192.11661483 2438.19097911
1192.71185466 2438.19097911
1193.3070945 2438.19097911
1193.90233433 2438.19097911
1194.49757417 2438.19097911
1195.092814 2438.19097911
1195.68805384 2438.19097911
1196.28329367 2438.19097911
1196.87853351 2438.19097911
1197.47377334 2438.19097911
1198.06901317 2438.19097911
1198.66425301 2438.19097911
1199.25949284 2438.19097911
1199.85473268 2438.19097911
1200.44997251 2438.19097911
1201.04521235 2438.19097911
1201.64045218 2438.19097911
1202.23569202 2438.19097911
1202.83093185 2438.19097911
1203.42617168 2438.19097911
1204.02141152 2438.19097911
1204.61665135 2438.19097911
1205.21189119 2438.19097911
1205.80713102 2438.19097911
1206.40237086 2438.19097911
1206.99761069 2438.19097911
1207.59285053 2438.19097911
1208.18809036 2438.19097911
1208.78333019 2438.19097911
1209.37857003 2438.19097911
1209.97380986 2438.19097911
1210.5690497 2438.19097911
1211.16428953 2438.19097911
1211.75952937 2438.19097911
1212.3547692 2438.19097911
1212.95000904 2438.19097911
1213.54524887 2438.19097911
1214.14048871 2438.19097911
1214.73572854 2438.19097911
1215.33096837 2438.19097911
1215.92620821 2438.19097911
1216.52144804 2438.19097911
1217.11668788 2438.19097911
1217.71192771 2438.19097911
1218.30716755 2438.19097911
1218.90240738 2438.19097911
