0.446466215283 3435.44495953
1.04170604976 3435.44495953
1.63694588423 3435.44495953
2.2321857187 3435.44495953
2.82742555317 3435.44495953
3.42266538765 3435.44495953
4.01790522212 3435.44495953
4.61314505659 3435.44495953
5.20838489106 3435.44495953
5.80362472554 3435.44495953
6.39886456001 3435.44495953
6.99410439448 3435.44495953
7.58934422895 3435.44495953
8.18458406343 3435.44495953
8.7798238979 3435.44495953
9.37506373237 3435.44495953
9.97030356685 3435.44495953
10.5655434013 3435.44495953
11.1607832358 3435.44495953
11.7560230703 3435.44495953
12.3512629047 3435.44495953
12.9465027392 3435.44495953
13.5417425737 3435.44495953
14.1369824082 3435.44495953
14.7322222426 3435.44495953
15.3274620771 3435.44495953
15.9227019116 3435.44495953
16.517941746 3435.44495953
17.1131815805 3435.44495953
17.708421415 3435.44495953
18.3036612495 3435.44495953
18.8989010839 3435.44495953
19.4941409184 3435.44495953
20.0893807529 3435.44495953
20.6846205874 3435.44495953
21.2798604218 3435.44495953
21.8751002563 3435.44495953
22.4703400908 3435.44495953
23.0655799252 3435.44495953
23.6608197597 3435.44495953
24.2560595942 3435.44495953
24.8512994287 3435.44495953
25.4465392631 3435.44495953
26.0417790976 3435.44495953
26.6370189321 3435.44495953
27.2322587666 3435.44495953
27.827498601 3435.44495953
28.4227384355 3435.44495953
29.01797827 3435.44495953
29.6132181044 3435.44495953
30.2084579389 3435.44495953
30.8036977734 3435.44495953
31.3989376079 3435.44495953
31.9941774423 3435.44495953
32.5894172768 3435.44495953
33.1846571113 3435.44495953
33.7798969458 3435.44495953
34.3751367802 3435.44495953
34.9703766147 3435.44495953
35.5656164492 3435.44495953
36.1608562836 3435.44495953
36.7560961181 3435.44495953
37.3513359526 3435.44495953
37.9465757871 3435.44495953
38.5418156215 3435.44495953
39.137055456 3435.44495953
39.7322952905 3435.44495953
40.327535125 3435.44495953
40.9227749594 3435.44495953
41.5180147939 3435.44495953
42.1132546284 3435.44495953
42.7084944628 3435.44495953
43.3037342973 3435.44495953
43.8989741318 3435.44495953
44.4942139663 3435.44495953
45.0894538007 3435.44495953
45.6846936352 3435.44495953
46.2799334697 3435.44495953
46.8751733041 3435.44495953
47.4704131386 3435.44495953
48.0656529731 3435.44495953
48.6608928076 3435.44495953
49.256132642 3435.44495953
49.8513724765 3435.44495953
50.446612311 3435.44495953
51.0418521455 3435.44495953
51.6370919799 3435.44495953
52.2323318144 3435.44495953
52.8275716489 3435.44495953
53.4228114833 3435.44495953
54.0180513178 3435.44495953
54.6132911523 3435.44495953
55.2085309868 3435.44495953
55.8037708212 3435.44495953
56.3990106557 3435.44495953
56.9942504902 3435.44495953
57.5894903247 3435.44495953
58.1847301591 3435.44495953
58.7799699936 3435.44495953
59.3752098281 3435.44495953
59.9704496625 3435.44495953
60.565689497 3435.44495953
61.1609293315 3435.44495953
61.756169166 3435.44495953
62.3514090004 3435.44495953
62.9466488349 3435.44495953
63.5418886694 3435.44495953
64.1371285039 3435.44495953
64.7323683383 3435.44495953
65.3276081728 3435.44495953
65.9228480073 3435.44495953
66.5180878417 3435.44495953
67.1133276762 3435.44495953
67.7085675107 3435.44495953
68.3038073452 3435.44495953
68.8990471796 3435.44495953
69.4942870141 3435.44495953
70.0895268486 3435.44495953
70.6847666831 3435.44495953
71.2800065175 3435.44495953
71.875246352 3435.44495953
72.4704861865 3435.44495953
73.0657260209 3435.44495953
73.6609658554 3435.44495953
74.2562056899 3435.44495953
74.8514455244 3435.44495953
75.4466853588 3435.44495953
76.0419251933 3435.44495953
76.6371650278 3435.44495953
77.2324048623 3435.44495953
77.8276446967 3435.44495953
78.4228845312 3435.44495953
79.0181243657 3435.44495953
79.6133642001 3435.44495953
80.2086040346 3435.44495953
80.8038438691 3435.44495953
81.3990837036 3435.44495953
81.994323538 3435.44495953
82.5895633725 3435.44495953
83.184803207 3435.44495953
83.7800430415 3435.44495953
84.3752828759 3435.44495953
84.9705227104 3435.44495953
85.5657625449 3435.44495953
86.1610023793 3435.44495953
86.7562422138 3435.44495953
87.3514820483 3435.44495953
87.9467218828 3435.44495953
88.5419617172 3435.44495953
89.1372015517 3435.44495953
89.7324413862 3435.44495953
90.3276812207 3435.44495953
90.9229210551 3435.44495953
91.5181608896 3435.44495953
92.1134007241 3435.44495953
92.7086405585 3435.44495953
93.303880393 3435.44495953
93.8991202275 3435.44495953
94.494360062 3435.44495953
95.0895998964 3435.44495953
95.6848397309 3435.44495953
96.2800795654 3435.44495953
96.8753193999 3435.44495953
97.4705592343 3435.44495953
98.0657990688 3435.44495953
98.6610389033 3435.44495953
99.2562787377 3435.44495953
99.8515185722 3435.44495953
100.446758407 3435.44495953
101.041998241 3435.44495953
101.637238076 3435.44495953
102.23247791 3435.44495953
102.827717745 3435.44495953
103.422957579 3435.44495953
104.018197414 3435.44495953
104.613437248 3435.44495953
105.208677082 3435.44495953
105.803916917 3435.44495953
106.399156751 3435.44495953
106.994396586 3435.44495953
107.58963642 3435.44495953
108.184876255 3435.44495953
108.780116089 3435.44495953
109.375355924 3435.44495953
109.970595758 3435.44495953
110.565835593 3435.44495953
111.161075427 3435.44495953
111.756315262 3435.44495953
112.351555096 3435.44495953
112.946794931 3435.44495953
113.542034765 3435.44495953
114.1372746 3435.44495953
114.732514434 3435.44495953
115.327754269 3435.44495953
115.922994103 3435.44495953
116.518233937 3435.44495953
117.113473772 3435.44495953
117.708713606 3435.44495953
118.303953441 3435.44495953
118.899193275 3435.44495953
119.49443311 3435.44495953
120.089672944 3435.44495953
120.684912779 3435.44495953
121.280152613 3435.44495953
121.875392448 3435.44495953
122.470632282 3435.44495953
123.065872117 3435.44495953
123.661111951 3435.44495953
124.256351786 3435.44495953
124.85159162 3435.44495953
125.446831455 3435.44495953
126.042071289 3435.44495953
126.637311123 3435.44495953
127.232550958 3435.44495953
127.827790792 3435.44495953
128.423030627 3435.44495953
129.018270461 3435.44495953
129.613510296 3435.44495953
130.20875013 3435.44495953
130.803989965 3435.44495953
131.399229799 3435.44495953
131.994469634 3435.44495953
132.589709468 3435.44495953
133.184949303 3435.44495953
133.780189137 3435.44495953
134.375428972 3435.44495953
134.970668806 3435.44495953
135.565908641 3435.44495953
136.161148475 3435.44495953
136.75638831 3435.44495953
137.351628144 3435.44495953
137.946867978 3435.44495953
138.542107813 3435.44495953
139.137347647 3435.44495953
139.732587482 3435.44495953
140.327827316 3435.44495953
140.923067151 3435.44495953
141.518306985 3435.44495953
142.11354682 3435.44495953
142.708786654 3435.44495953
143.304026489 3435.44495953
143.899266323 3435.44495953
144.494506158 3435.44495953
145.089745992 3435.44495953
145.684985827 3435.44495953
146.280225661 3435.44495953
146.875465496 3435.44495953
147.47070533 3435.44495953
148.065945165 3435.44495953
148.661184999 3435.44495953
149.256424833 3435.44495953
149.851664668 3435.44495953
150.446904502 3435.44495953
151.042144337 3435.44495953
151.637384171 3435.44495953
152.232624006 3435.44495953
152.82786384 3435.44495953
153.423103675 3435.44495953
154.018343509 3435.44495953
154.613583344 3435.44495953
155.208823178 3435.44495953
155.804063013 3435.44495953
156.399302847 3435.44495953
156.994542682 3435.44495953
157.589782516 3435.44495953
158.185022351 3435.44495953
158.780262185 3435.44495953
159.375502019 3435.44495953
159.970741854 3435.44495953
160.565981688 3435.44495953
161.161221523 3435.44495953
161.756461357 3435.44495953
162.351701192 3435.44495953
162.946941026 3435.44495953
163.542180861 3435.44495953
164.137420695 3435.44495953
164.73266053 3435.44495953
165.327900364 3435.44495953
165.923140199 3435.44495953
166.518380033 3435.44495953
167.113619868 3435.44495953
167.708859702 3435.44495953
168.304099537 3435.44495953
168.899339371 3435.44495953
169.494579206 3435.44495953
170.08981904 3435.44495953
170.685058874 3435.44495953
171.280298709 3435.44495953
171.875538543 3435.44495953
172.470778378 3435.44495953
173.066018212 3435.44495953
173.661258047 3435.44495953
174.256497881 3435.44495953
174.851737716 3435.44495953
175.44697755 3435.44495953
176.042217385 3435.44495953
176.637457219 3435.44495953
177.232697054 3435.44495953
177.827936888 3435.44495953
178.423176723 3435.44495953
179.018416557 3435.44495953
179.613656392 3435.44495953
180.208896226 3435.44495953
180.80413606 3435.44495953
181.399375895 3435.44495953
181.994615729 3435.44495953
182.589855564 3435.44495953
183.185095398 3435.44495953
183.780335233 3435.44495953
184.375575067 3435.44495953
184.970814902 3435.44495953
185.566054736 3435.44495953
186.161294571 3435.44495953
186.756534405 3435.44495953
187.35177424 3435.44495953
187.947014074 3435.44495953
188.542253909 3435.44495953
189.137493743 3435.44495953
189.732733578 3435.44495953
190.327973412 3435.44495953
190.923213247 3435.44495953
191.518453081 3435.44495953
192.113692915 3435.44495953
192.70893275 3435.44495953
193.304172584 3435.44495953
193.899412419 3435.44495953
194.494652253 3435.44495953
195.089892088 3435.44495953
195.685131922 3435.44495953
196.280371757 3435.44495953
196.875611591 3435.44495953
197.470851426 3435.44495953
198.06609126 3435.44495953
198.661331095 3435.44495953
199.256570929 3435.44495953
199.851810764 3435.44495953
200.447050598 3435.44495953
201.042290433 3435.44495953
201.637530267 3435.44495953
202.232770102 3435.44495953
202.828009936 3435.44495953
203.42324977 3435.44495953
204.018489605 3435.44495953
204.613729439 3435.44495953
205.208969274 3435.44495953
205.804209108 3435.44495953
206.399448943 3435.44495953
206.994688777 3435.44495953
207.589928612 3435.44495953
208.185168446 3435.44495953
208.780408281 3435.44495953
209.375648115 3435.44495953
209.97088795 3435.44495953
210.566127784 3435.44495953
211.161367619 3435.44495953
211.756607453 3435.44495953
212.351847288 3435.44495953
212.947087122 3435.44495953
213.542326956 3435.44495953
214.137566791 3435.44495953
214.732806625 3435.44495953
215.32804646 3435.44495953
215.923286294 3435.44495953
216.518526129 3435.44495953
217.113765963 3435.44495953
217.709005798 3435.44495953
218.304245632 3435.44495953
218.899485467 3435.44495953
219.494725301 3435.44495953
220.089965136 3435.44495953
220.68520497 3435.44495953
221.280444805 3435.44495953
221.875684639 3435.44495953
222.470924474 3435.44495953
223.066164308 3435.44495953
223.661404143 3435.44495953
224.256643977 3435.44495953
224.851883811 3435.44495953
225.447123646 3435.44495953
226.04236348 3435.44495953
226.637603315 3435.44495953
227.232843149 3435.44495953
227.828082984 3435.44495953
228.423322818 3435.44495953
229.018562653 3435.44495953
229.613802487 3435.44495953
230.209042322 3435.44495953
230.804282156 3435.44495953
231.399521991 3435.44495953
231.994761825 3435.44495953
232.59000166 3435.44495953
233.185241494 3435.44495953
233.780481329 3435.44495953
234.375721163 3435.44495953
234.970960998 3435.44495953
235.566200832 3435.44495953
236.161440666 3435.44495953
236.756680501 3435.44495953
237.351920335 3435.44495953
237.94716017 3435.44495953
238.542400004 3435.44495953
239.137639839 3435.44495953
239.732879673 3435.44495953
240.328119508 3435.44495953
240.923359342 3435.44495953
241.518599177 3435.44495953
242.113839011 3435.44495953
242.709078846 3435.44495953
243.30431868 3435.44495953
243.899558515 3435.44495953
244.494798349 3435.44495953
245.090038184 3435.44495953
245.685278018 3435.44495953
246.280517852 3435.44495953
246.875757687 3435.44495953
247.470997521 3435.44495953
248.066237356 3435.44495953
248.66147719 3435.44495953
249.256717025 3435.44495953
249.851956859 3435.44495953
250.447196694 3435.44495953
251.042436528 3435.44495953
251.637676363 3435.44495953
252.232916197 3435.44495953
252.828156032 3435.44495953
253.423395866 3435.44495953
254.018635701 3435.44495953
254.613875535 3435.44495953
255.20911537 3435.44495953
255.804355204 3435.44495953
256.399595039 3435.44495953
256.994834873 3435.44495953
257.590074707 3435.44495953
258.185314542 3435.44495953
258.780554376 3435.44495953
259.375794211 3435.44495953
259.971034045 3435.44495953
260.56627388 3435.44495953
261.161513714 3435.44495953
261.756753549 3435.44495953
262.351993383 3435.44495953
262.947233218 3435.44495953
263.542473052 3435.44495953
264.137712887 3435.44495953
264.732952721 3435.44495953
265.328192556 3435.44495953
265.92343239 3435.44495953
266.518672225 3435.44495953
267.113912059 3435.44495953
267.709151894 3435.44495953
268.304391728 3435.44495953
268.899631562 3435.44495953
269.494871397 3435.44495953
270.090111231 3435.44495953
270.685351066 3435.44495953
271.2805909 3435.44495953
271.875830735 3435.44495953
272.471070569 3435.44495953
273.066310404 3435.44495953
273.661550238 3435.44495953
274.256790073 3435.44495953
274.852029907 3435.44495953
275.447269742 3435.44495953
276.042509576 3435.44495953
276.637749411 3435.44495953
277.232989245 3435.44495953
277.82822908 3435.44495953
278.423468914 3435.44495953
279.018708748 3435.44495953
279.613948583 3435.44495953
280.209188417 3435.44495953
280.804428252 3435.44495953
281.399668086 3435.44495953
281.994907921 3435.44495953
282.590147755 3435.44495953
283.18538759 3435.44495953
283.780627424 3435.44495953
284.375867259 3435.44495953
284.971107093 3435.44495953
285.566346928 3435.44495953
286.161586762 3435.44495953
286.756826597 3435.44495953
287.352066431 3435.44495953
287.947306266 3435.44495953
288.5425461 3435.44495953
289.137785935 3435.44495953
289.733025769 3435.44495953
290.328265603 3435.44495953
290.923505438 3435.44495953
291.518745272 3435.44495953
292.113985107 3435.44495953
292.709224941 3435.44495953
293.304464776 3435.44495953
293.89970461 3435.44495953
294.494944445 3435.44495953
295.090184279 3435.44495953
295.685424114 3435.44495953
296.280663948 3435.44495953
296.875903783 3435.44495953
297.471143617 3435.44495953
298.066383452 3435.44495953
298.661623286 3435.44495953
299.256863121 3435.44495953
299.852102955 3435.44495953
300.44734279 3435.44495953
301.042582624 3435.44495953
301.637822458 3435.44495953
302.233062293 3435.44495953
302.828302127 3435.44495953
303.423541962 3435.44495953
304.018781796 3435.44495953
304.614021631 3435.44495953
305.209261465 2838.95256219
305.8045013 2838.95256219
306.399741134 2838.95256219
306.994980969 2838.95256219
307.590220803 2838.95256219
308.185460638 2838.95256219
308.780700472 2838.95256219
309.375940307 2838.95256219
309.971180141 2838.95256219
310.566419976 2838.95256219
311.16165981 2838.95256219
311.756899644 2838.95256219
312.352139479 2838.95256219
312.947379313 2838.95256219
313.542619148 2838.95256219
314.137858982 2838.95256219
314.733098817 2838.95256219
315.328338651 2838.95256219
315.923578486 2838.95256219
316.51881832 2838.95256219
317.114058155 2838.95256219
317.709297989 2838.95256219
318.304537824 2838.95256219
318.899777658 2838.95256219
319.495017493 2838.95256219
320.090257327 2838.95256219
320.685497162 2838.95256219
321.280736996 2838.95256219
321.875976831 2838.95256219
322.471216665 2838.95256219
323.066456499 2838.95256219
323.661696334 2838.95256219
324.256936168 2838.95256219
324.852176003 2838.95256219
325.447415837 2838.95256219
326.042655672 2838.95256219
326.637895506 2838.95256219
327.233135341 2838.95256219
327.828375175 2838.95256219
328.42361501 2838.95256219
329.018854844 2838.95256219
329.614094679 2838.95256219
330.209334513 2838.95256219
330.804574348 2838.95256219
331.399814182 2838.95256219
331.995054017 2838.95256219
332.590293851 2838.95256219
333.185533685 2838.95256219
333.78077352 2838.95256219
334.376013354 2838.95256219
334.971253189 2838.95256219
335.566493023 2838.95256219
336.161732858 2838.95256219
336.756972692 2838.95256219
337.352212527 2838.95256219
337.947452361 2838.95256219
338.542692196 2838.95256219
339.13793203 2838.95256219
339.733171865 2838.95256219
340.328411699 2838.95256219
340.923651534 2838.95256219
341.518891368 2838.95256219
342.114131203 2838.95256219
342.709371037 2838.95256219
343.304610872 2838.95256219
343.899850706 2838.95256219
344.49509054 2838.95256219
345.090330375 2838.95256219
345.685570209 2838.95256219
346.280810044 2838.95256219
346.876049878 2838.95256219
347.471289713 2838.95256219
348.066529547 2838.95256219
348.661769382 2838.95256219
349.257009216 2838.95256219
349.852249051 2838.95256219
350.447488885 2838.95256219
351.04272872 2838.95256219
351.637968554 2838.95256219
352.233208389 2838.95256219
352.828448223 2838.95256219
353.423688058 2838.95256219
354.018927892 2838.95256219
354.614167727 2838.95256219
355.209407561 2838.95256219
355.804647395 2838.95256219
356.39988723 2838.95256219
356.995127064 2838.95256219
357.590366899 2838.95256219
358.185606733 2838.95256219
358.780846568 2838.95256219
359.376086402 2838.95256219
359.971326237 2838.95256219
360.566566071 2838.95256219
361.161805906 2838.95256219
361.75704574 2838.95256219
362.352285575 2838.95256219
362.947525409 2838.95256219
363.542765244 2838.95256219
364.138005078 2838.95256219
364.733244913 2838.95256219
365.328484747 2838.95256219
365.923724581 2838.95256219
366.518964416 2838.95256219
367.11420425 2838.95256219
367.709444085 2838.95256219
368.304683919 2838.95256219
368.899923754 2838.95256219
369.495163588 2838.95256219
370.090403423 2838.95256219
370.685643257 2838.95256219
371.280883092 2838.95256219
371.876122926 2838.95256219
372.471362761 2838.95256219
373.066602595 2838.95256219
373.66184243 2838.95256219
374.257082264 2838.95256219
374.852322099 2838.95256219
375.447561933 2838.95256219
376.042801768 2838.95256219
376.638041602 2838.95256219
377.233281436 2838.95256219
377.828521271 2838.95256219
378.423761105 2838.95256219
379.01900094 2838.95256219
379.614240774 2838.95256219
380.209480609 2838.95256219
380.804720443 2838.95256219
381.399960278 2838.95256219
381.995200112 2838.95256219
382.590439947 2838.95256219
383.185679781 2838.95256219
383.780919616 2838.95256219
384.37615945 2838.95256219
384.971399285 2838.95256219
385.566639119 2838.95256219
386.161878954 2838.95256219
386.757118788 2838.95256219
387.352358623 2838.95256219
387.947598457 2838.95256219
388.542838291 2838.95256219
389.138078126 2838.95256219
389.73331796 2838.95256219
390.328557795 2838.95256219
390.923797629 2838.95256219
391.519037464 2838.95256219
392.114277298 2838.95256219
392.709517133 2838.95256219
393.304756967 2838.95256219
393.899996802 2838.95256219
394.495236636 2838.95256219
395.090476471 2838.95256219
395.685716305 2838.95256219
396.28095614 2838.95256219
396.876195974 2838.95256219
397.471435809 2838.95256219
398.066675643 2838.95256219
398.661915477 2838.95256219
399.257155312 2838.95256219
399.852395146 2838.95256219
400.447634981 2838.95256219
401.042874815 2838.95256219
401.63811465 2838.95256219
402.233354484 2838.95256219
402.828594319 2838.95256219
403.423834153 2838.95256219
404.019073988 2838.95256219
404.614313822 2838.95256219
405.209553657 2838.95256219
405.804793491 2838.95256219
406.400033326 2838.95256219
406.99527316 2838.95256219
407.590512995 2838.95256219
408.185752829 2838.95256219
408.780992664 2838.95256219
409.376232498 2838.95256219
409.971472332 2838.95256219
410.566712167 2838.95256219
411.161952001 2838.95256219
411.757191836 2838.95256219
412.35243167 2838.95256219
412.947671505 2838.95256219
413.542911339 2838.95256219
414.138151174 2838.95256219
414.733391008 2838.95256219
415.328630843 2838.95256219
415.923870677 2838.95256219
416.519110512 2838.95256219
417.114350346 2838.95256219
417.709590181 2838.95256219
418.304830015 2838.95256219
418.90006985 2838.95256219
419.495309684 2838.95256219
420.090549519 2838.95256219
420.685789353 2838.95256219
421.281029187 2838.95256219
421.876269022 2838.95256219
422.471508856 2838.95256219
423.066748691 2838.95256219
423.661988525 2838.95256219
424.25722836 2838.95256219
424.852468194 2838.95256219
425.447708029 2838.95256219
426.042947863 2838.95256219
426.638187698 2838.95256219
427.233427532 2838.95256219
427.828667367 2838.95256219
428.423907201 2838.95256219
429.019147036 2838.95256219
429.61438687 2838.95256219
430.209626705 2838.95256219
430.804866539 2838.95256219
431.400106373 2838.95256219
431.995346208 2838.95256219
432.590586042 2838.95256219
433.185825877 2838.95256219
433.781065711 2838.95256219
434.376305546 2838.95256219
434.97154538 2838.95256219
435.566785215 2838.95256219
436.162025049 2838.95256219
436.757264884 2838.95256219
437.352504718 2838.95256219
437.947744553 2838.95256219
438.542984387 2838.95256219
439.138224222 2838.95256219
439.733464056 2838.95256219
440.328703891 2838.95256219
440.923943725 2838.95256219
441.51918356 2838.95256219
442.114423394 2838.95256219
442.709663228 2838.95256219
443.304903063 2838.95256219
443.900142897 2838.95256219
444.495382732 2838.95256219
445.090622566 2838.95256219
445.685862401 2838.95256219
446.281102235 2838.95256219
446.87634207 2838.95256219
447.471581904 2838.95256219
448.066821739 2838.95256219
448.662061573 2838.95256219
449.257301408 2838.95256219
449.852541242 2838.95256219
450.447781077 2838.95256219
451.043020911 2838.95256219
451.638260746 2838.95256219
452.23350058 2838.95256219
452.828740415 2838.95256219
453.423980249 2838.95256219
454.019220083 2838.95256219
454.614459918 2838.95256219
455.209699752 2838.95256219
455.804939587 2838.95256219
456.400179421 2838.95256219
456.995419256 2838.95256219
457.59065909 2524.90335942
458.185898925 2524.90335942
458.781138759 2524.90335942
459.376378594 2524.90335942
459.971618428 2524.90335942
460.566858263 2524.90335942
461.162098097 2524.90335942
461.757337932 2524.90335942
462.352577766 2524.90335942
462.947817601 2524.90335942
463.543057435 2524.90335942
464.138297269 2524.90335942
464.733537104 2524.90335942
465.328776938 2524.90335942
465.924016773 2524.90335942
466.519256607 2524.90335942
467.114496442 2524.90335942
467.709736276 2524.90335942
468.304976111 2524.90335942
468.900215945 2524.90335942
469.49545578 2524.90335942
470.090695614 2524.90335942
470.685935449 2524.90335942
471.281175283 2524.90335942
471.876415118 2524.90335942
472.471654952 2524.90335942
473.066894787 2524.90335942
473.662134621 2524.90335942
474.257374456 2524.90335942
474.85261429 2524.90335942
475.447854124 2524.90335942
476.043093959 2524.90335942
476.638333793 2524.90335942
477.233573628 2524.90335942
477.828813462 2524.90335942
478.424053297 2524.90335942
479.019293131 2524.90335942
479.614532966 2524.90335942
480.2097728 2524.90335942
480.805012635 2524.90335942
481.400252469 2524.90335942
481.995492304 2524.90335942
482.590732138 2524.90335942
483.185971973 2524.90335942
483.781211807 2524.90335942
484.376451642 2524.90335942
484.971691476 2524.90335942
485.56693131 2524.90335942
486.162171145 2524.90335942
486.757410979 2524.90335942
487.352650814 2524.90335942
487.947890648 2524.90335942
488.543130483 2524.90335942
489.138370317 2524.90335942
489.733610152 2524.90335942
490.328849986 2524.90335942
490.924089821 2524.90335942
491.519329655 2524.90335942
492.11456949 2524.90335942
492.709809324 2524.90335942
493.305049159 2524.90335942
493.900288993 2524.90335942
494.495528828 2524.90335942
495.090768662 2524.90335942
495.686008497 2524.90335942
496.281248331 2524.90335942
496.876488165 2524.90335942
497.471728 2524.90335942
498.066967834 2524.90335942
498.662207669 2524.90335942
499.257447503 2524.90335942
499.852687338 2524.90335942
500.447927172 2524.90335942
501.043167007 2524.90335942
501.638406841 2524.90335942
502.233646676 2524.90335942
502.82888651 2524.90335942
503.424126345 2524.90335942
504.019366179 2524.90335942
504.614606014 2524.90335942
505.209845848 2524.90335942
505.805085683 2524.90335942
506.400325517 2524.90335942
506.995565352 2524.90335942
507.590805186 2524.90335942
508.18604502 2524.90335942
508.781284855 2524.90335942
509.376524689 2524.90335942
509.971764524 2524.90335942
510.567004358 2524.90335942
511.162244193 2524.90335942
511.757484027 2524.90335942
512.352723862 2524.90335942
512.947963696 2524.90335942
513.543203531 2524.90335942
514.138443365 2524.90335942
514.7336832 2524.90335942
515.328923034 2524.90335942
515.924162869 2524.90335942
516.519402703 2524.90335942
517.114642538 2524.90335942
517.709882372 2524.90335942
518.305122206 2524.90335942
518.900362041 2524.90335942
519.495601875 2524.90335942
520.09084171 2524.90335942
520.686081544 2524.90335942
521.281321379 2524.90335942
521.876561213 2524.90335942
522.471801048 2524.90335942
523.067040882 2524.90335942
523.662280717 2524.90335942
524.257520551 2524.90335942
524.852760386 2524.90335942
525.44800022 2524.90335942
526.043240055 2524.90335942
526.638479889 2524.90335942
527.233719724 2524.90335942
527.828959558 2524.90335942
528.424199393 2524.90335942
529.019439227 2524.90335942
529.614679061 2524.90335942
530.209918896 2524.90335942
530.80515873 2524.90335942
531.400398565 2524.90335942
531.995638399 2524.90335942
532.590878234 2524.90335942
533.186118068 2524.90335942
533.781357903 3153.00176496
534.376597737 3153.00176496
534.971837572 3153.00176496
535.567077406 3153.00176496
536.162317241 3153.00176496
536.757557075 3153.00176496
537.35279691 3153.00176496
537.948036744 3153.00176496
538.543276579 3153.00176496
539.138516413 3153.00176496
539.733756248 3153.00176496
540.328996082 3153.00176496
540.924235916 3153.00176496
541.519475751 3153.00176496
542.114715585 3153.00176496
542.70995542 3153.00176496
543.305195254 3153.00176496
543.900435089 3153.00176496
544.495674923 3153.00176496
545.090914758 3153.00176496
545.686154592 3153.00176496
546.281394427 3153.00176496
546.876634261 3153.00176496
547.471874096 3153.00176496
548.06711393 3153.00176496
548.662353765 3153.00176496
549.257593599 3153.00176496
549.852833434 3153.00176496
550.448073268 3153.00176496
551.043313102 3153.00176496
551.638552937 3153.00176496
552.233792771 3153.00176496
552.829032606 3153.00176496
553.42427244 3153.00176496
554.019512275 3153.00176496
554.614752109 3153.00176496
555.209991944 3153.00176496
555.805231778 3153.00176496
556.400471613 3153.00176496
556.995711447 3153.00176496
557.590951282 3153.00176496
558.186191116 3153.00176496
558.781430951 3153.00176496
559.376670785 3153.00176496
559.97191062 3153.00176496
560.567150454 3153.00176496
561.162390289 3153.00176496
561.757630123 3153.00176496
562.352869957 3153.00176496
562.948109792 3153.00176496
563.543349626 3153.00176496
564.138589461 3153.00176496
564.733829295 3153.00176496
565.32906913 3153.00176496
565.924308964 3153.00176496
566.519548799 3153.00176496
567.114788633 3153.00176496
567.710028468 3153.00176496
568.305268302 3153.00176496
568.900508137 3153.00176496
569.495747971 3153.00176496
570.090987806 3153.00176496
570.68622764 3153.00176496
571.281467475 3153.00176496
571.876707309 3153.00176496
572.471947144 3153.00176496
573.067186978 3153.00176496
573.662426812 3153.00176496
574.257666647 3153.00176496
574.852906481 3153.00176496
575.448146316 3153.00176496
576.04338615 3153.00176496
576.638625985 3153.00176496
577.233865819 3153.00176496
577.829105654 3153.00176496
578.424345488 3153.00176496
579.019585323 3153.00176496
579.614825157 3153.00176496
580.210064992 3153.00176496
580.805304826 3153.00176496
581.400544661 3153.00176496
581.995784495 3153.00176496
582.59102433 3153.00176496
583.186264164 3153.00176496
583.781503998 3153.00176496
584.376743833 3153.00176496
584.971983667 3153.00176496
585.567223502 3153.00176496
586.162463336 3153.00176496
586.757703171 3153.00176496
587.352943005 3153.00176496
587.94818284 3153.00176496
588.543422674 3153.00176496
589.138662509 3153.00176496
589.733902343 3153.00176496
590.329142178 3153.00176496
590.924382012 3153.00176496
591.519621847 3153.00176496
592.114861681 3153.00176496
592.710101516 3153.00176496
593.30534135 3153.00176496
593.900581185 3153.00176496
594.495821019 3153.00176496
595.091060853 3153.00176496
595.686300688 3153.00176496
596.281540522 3153.00176496
596.876780357 3153.00176496
597.472020191 3153.00176496
598.067260026 3153.00176496
598.66249986 3153.00176496
599.257739695 3153.00176496
599.852979529 3153.00176496
600.448219364 3153.00176496
601.043459198 3153.00176496
601.638699033 3153.00176496
602.233938867 3153.00176496
602.829178702 3153.00176496
603.424418536 3153.00176496
604.019658371 3153.00176496
604.614898205 3153.00176496
605.21013804 3153.00176496
605.805377874 3153.00176496
606.400617708 3153.00176496
606.995857543 3153.00176496
607.591097377 3153.00176496
608.186337212 3153.00176496
608.781577046 3153.00176496
609.376816881 3153.00176496
609.972056715 3326.77993504
610.56729655 3326.77993504
611.162536384 3326.77993504
611.757776219 3326.77993504
612.353016053 3326.77993504
612.948255888 3326.77993504
613.543495722 3326.77993504
614.138735557 3326.77993504
614.733975391 3326.77993504
615.329215226 3326.77993504
615.92445506 3326.77993504
616.519694894 3326.77993504
617.114934729 3326.77993504
617.710174563 3326.77993504
618.305414398 3326.77993504
618.900654232 3326.77993504
619.495894067 3326.77993504
620.091133901 3326.77993504
620.686373736 3326.77993504
621.28161357 3326.77993504
621.876853405 3326.77993504
622.472093239 3326.77993504
623.067333074 3326.77993504
623.662572908 3326.77993504
624.257812743 3326.77993504
624.853052577 3326.77993504
625.448292412 3326.77993504
626.043532246 3326.77993504
626.638772081 3326.77993504
627.234011915 3326.77993504
627.829251749 3326.77993504
628.424491584 3326.77993504
629.019731418 3326.77993504
629.614971253 3326.77993504
630.210211087 3326.77993504
630.805450922 3326.77993504
631.400690756 3326.77993504
631.995930591 3326.77993504
632.591170425 3326.77993504
633.18641026 3326.77993504
633.781650094 3326.77993504
634.376889929 3326.77993504
634.972129763 3326.77993504
635.567369598 3326.77993504
636.162609432 3326.77993504
636.757849267 3326.77993504
637.353089101 3326.77993504
637.948328935 3326.77993504
638.54356877 4344.54053245
639.138808604 4344.54053245
639.734048439 4344.54053245
640.329288273 4344.54053245
640.924528108 4344.54053245
641.519767942 4344.54053245
642.115007777 4344.54053245
642.710247611 4344.54053245
643.305487446 2309.01933764
643.90072728 2309.01933764
644.495967115 2309.01933764
645.091206949 2309.01933764
645.686446784 2309.01933764
646.281686618 2309.01933764
646.876926453 2309.01933764
647.472166287 2309.01933764
648.067406122 3326.77993504
648.662645956 3326.77993504
649.25788579 3326.77993504
649.853125625 3326.77993504
650.448365459 3326.77993504
651.043605294 3326.77993504
651.638845128 3326.77993504
652.234084963 3326.77993504
652.829324797 3326.77993504
653.424564632 3326.77993504
654.019804466 3326.77993504
654.615044301 3326.77993504
655.210284135 3326.77993504
655.80552397 3326.77993504
656.400763804 3326.77993504
656.996003639 3326.77993504
657.591243473 3326.77993504
658.186483308 3326.77993504
658.781723142 3326.77993504
659.376962977 3326.77993504
659.972202811 3326.77993504
660.567442645 3326.77993504
661.16268248 3326.77993504
661.757922314 3326.77993504
662.353162149 3326.77993504
662.948401983 3326.77993504
663.543641818 3326.77993504
664.138881652 3326.77993504
664.734121487 3326.77993504
665.329361321 3326.77993504
665.924601156 3326.77993504
666.51984099 3326.77993504
667.115080825 3326.77993504
667.710320659 3326.77993504
668.305560494 3326.77993504
668.900800328 3326.77993504
669.496040163 3326.77993504
670.091279997 3326.77993504
670.686519831 3326.77993504
671.281759666 3326.77993504
671.8769995 3326.77993504
672.472239335 3326.77993504
673.067479169 3326.77993504
673.662719004 3326.77993504
674.257958838 3326.77993504
674.853198673 3326.77993504
675.448438507 3326.77993504
676.043678342 3326.77993504
676.638918176 3326.77993504
677.234158011 3326.77993504
677.829397845 3326.77993504
678.42463768 3326.77993504
679.019877514 3326.77993504
679.615117349 3326.77993504
680.210357183 3326.77993504
680.805597018 3326.77993504
681.400836852 3326.77993504
681.996076686 3326.77993504
682.591316521 3326.77993504
683.186556355 3326.77993504
683.78179619 3326.77993504
684.377036024 3326.77993504
684.972275859 3326.77993504
685.567515693 3326.77993504
686.162755528 2097.29915504
686.757995362 2097.29915504
687.353235197 2097.29915504
687.948475031 2097.29915504
688.543714866 2097.29915504
689.1389547 2097.29915504
689.734194535 2097.29915504
690.329434369 2097.29915504
690.924674204 2097.29915504
691.519914038 2097.29915504
692.115153873 2097.29915504
692.710393707 2097.29915504
693.305633541 2097.29915504
693.900873376 2097.29915504
694.49611321 2097.29915504
695.091353045 2097.29915504
695.686592879 2097.29915504
696.281832714 2097.29915504
696.877072548 2097.29915504
697.472312383 2097.29915504
698.067552217 2097.29915504
698.662792052 2097.29915504
699.258031886 2097.29915504
699.853271721 2097.29915504
700.448511555 2097.29915504
701.04375139 2097.29915504
701.638991224 2097.29915504
702.234231059 2097.29915504
702.829470893 2097.29915504
703.424710727 2097.29915504
704.019950562 2097.29915504
704.615190396 2097.29915504
705.210430231 3737.08950228
705.805670065 3737.08950228
706.4009099 3737.08950228
706.996149734 3737.08950228
707.591389569 3737.08950228
708.186629403 3737.08950228
708.781869238 3737.08950228
709.377109072 3737.08950228
709.972348907 3737.08950228
710.567588741 3737.08950228
711.162828576 3737.08950228
711.75806841 3737.08950228
712.353308245 3737.08950228
712.948548079 3737.08950228
713.543787914 3737.08950228
714.139027748 3737.08950228
714.734267582 3737.08950228
715.329507417 3737.08950228
715.924747251 3737.08950228
716.519987086 3737.08950228
717.11522692 3737.08950228
717.710466755 3737.08950228
718.305706589 3737.08950228
718.900946424 3737.08950228
719.496186258 3737.08950228
720.091426093 3737.08950228
720.686665927 3737.08950228
721.281905762 3737.08950228
721.877145596 3737.08950228
722.472385431 3737.08950228
723.067625265 3737.08950228
723.6628651 3737.08950228
724.258104934 3736.36554142
724.853344769 3736.36554142
725.448584603 3736.36554142
726.043824437 3736.36554142
726.639064272 3736.36554142
727.234304106 3736.36554142
727.829543941 3736.36554142
728.424783775 3736.36554142
729.02002361 3736.36554142
729.615263444 3736.36554142
730.210503279 3736.36554142
730.805743113 3736.36554142
731.400982948 3736.36554142
731.996222782 3736.36554142
732.591462617 3736.36554142
733.186702451 3736.36554142
733.781942286 3736.36554142
734.37718212 3736.36554142
734.972421955 3736.36554142
735.567661789 3736.36554142
736.162901623 3736.36554142
736.758141458 3736.36554142
737.353381292 3736.36554142
737.948621127 3736.36554142
738.543860961 3736.36554142
739.139100796 3736.36554142
739.73434063 3736.36554142
740.329580465 3736.36554142
740.924820299 3736.36554142
741.520060134 3736.36554142
742.115299968 3736.36554142
742.710539803 3736.36554142
743.305779637 3736.36554142
743.901019472 3736.36554142
744.496259306 3736.36554142
745.091499141 3736.36554142
745.686738975 3736.36554142
746.28197881 3736.36554142
746.877218644 3736.36554142
747.472458478 3736.36554142
748.067698313 3736.36554142
748.662938147 3736.36554142
749.258177982 3736.36554142
749.853417816 3736.36554142
750.448657651 3736.36554142
751.043897485 3736.36554142
751.63913732 3736.36554142
752.234377154 3736.36554142
752.829616989 3736.36554142
753.424856823 3736.36554142
754.020096658 3736.36554142
754.615336492 3736.36554142
755.210576327 3736.36554142
755.805816161 3736.36554142
756.401055996 3736.36554142
756.99629583 3736.36554142
757.591535665 3736.36554142
758.186775499 3736.36554142
758.782015333 3736.36554142
759.377255168 3736.36554142
759.972495002 3736.36554142
760.567734837 3736.36554142
761.162974671 3736.36554142
761.758214506 3736.36554142
762.35345434 3201.49336565
762.948694175 3201.49336565
763.543934009 3201.49336565
764.139173844 3201.49336565
764.734413678 3201.49336565
765.329653513 3201.49336565
765.924893347 3201.49336565
766.520133182 3201.49336565
767.115373016 3201.49336565
767.710612851 3201.49336565
768.305852685 3201.49336565
768.901092519 3201.49336565
769.496332354 3201.49336565
770.091572188 3201.49336565
770.686812023 3201.49336565
771.282051857 3201.49336565
771.877291692 3201.49336565
772.472531526 3201.49336565
773.067771361 3201.49336565
773.663011195 3201.49336565
774.25825103 3201.49336565
774.853490864 3201.49336565
775.448730699 3201.49336565
776.043970533 3201.49336565
776.639210368 3201.49336565
777.234450202 3201.49336565
777.829690037 3201.49336565
778.424929871 3201.49336565
779.020169706 3201.49336565
779.61540954 3201.49336565
780.210649374 3201.49336565
780.805889209 3201.49336565
781.401129043 3201.49336565
781.996368878 3201.49336565
782.591608712 3201.49336565
783.186848547 3201.49336565
783.782088381 3201.49336565
784.377328216 3201.49336565
784.97256805 3201.49336565
785.567807885 3201.49336565
786.163047719 3201.49336565
786.758287554 3201.49336565
787.353527388 3201.49336565
787.948767223 3201.49336565
788.544007057 3201.49336565
789.139246892 3201.49336565
789.734486726 3201.49336565
790.32972656 3201.49336565
790.924966395 3201.49336565
791.520206229 3201.49336565
792.115446064 3201.49336565
792.710685898 3201.49336565
793.305925733 3201.49336565
793.901165567 3201.49336565
794.496405402 3201.49336565
795.091645236 3201.49336565
795.686885071 3201.49336565
796.282124905 3201.49336565
796.87736474 3201.49336565
797.472604574 3201.49336565
798.067844409 3201.49336565
798.663084243 3201.49336565
799.258324078 3201.49336565
799.853563912 3201.49336565
800.448803747 2668.1084748
801.044043581 2668.1084748
801.639283415 2668.1084748
802.23452325 2668.1084748
802.829763084 2668.1084748
803.425002919 2668.1084748
804.020242753 2668.1084748
804.615482588 2668.1084748
805.210722422 2668.1084748
805.805962257 2668.1084748
806.401202091 2668.1084748
806.996441926 2668.1084748
807.59168176 2668.1084748
808.186921595 2668.1084748
808.782161429 2668.1084748
809.377401264 2668.1084748
809.972641098 2668.1084748
810.567880933 2668.1084748
811.163120767 2668.1084748
811.758360602 2668.1084748
812.353600436 2668.1084748
812.94884027 2668.1084748
813.544080105 2668.1084748
814.139319939 2668.1084748
814.734559774 2668.1084748
815.329799608 2668.1084748
815.925039443 2668.1084748
816.520279277 2668.1084748
817.115519112 2668.1084748
817.710758946 2668.1084748
818.305998781 2668.1084748
818.901238615 2668.1084748
819.49647845 2668.1084748
820.091718284 2668.1084748
820.686958119 2668.1084748
821.282197953 2668.1084748
821.877437788 2668.1084748
822.472677622 2668.1084748
823.067917456 2668.1084748
823.663157291 2668.1084748
824.258397125 2668.1084748
824.85363696 2668.1084748
825.448876794 2668.1084748
826.044116629 2668.1084748
826.639356463 2668.1084748
827.234596298 2668.1084748
827.829836132 2668.1084748
828.425075967 2668.1084748
829.020315801 2668.1084748
829.615555636 2668.1084748
830.21079547 2668.1084748
830.806035305 2668.1084748
831.401275139 2668.1084748
831.996514974 2668.1084748
832.591754808 2668.1084748
833.186994643 2668.1084748
833.782234477 2668.1084748
834.377474311 2668.1084748
834.972714146 2668.1084748
835.56795398 2668.1084748
836.163193815 2668.1084748
836.758433649 2668.1084748
837.353673484 2668.1084748
837.948913318 2668.1084748
838.544153153 3718.75894986
839.139392987 3718.75894986
839.734632822 3718.75894986
840.329872656 3718.75894986
840.925112491 3718.75894986
841.520352325 3718.75894986
842.11559216 3718.75894986
842.710831994 3718.75894986
843.306071829 3718.75894986
843.901311663 3718.75894986
844.496551498 3718.75894986
845.091791332 3718.75894986
845.687031166 3718.75894986
846.282271001 3718.75894986
846.877510835 3718.75894986
847.47275067 3718.75894986
848.067990504 3718.75894986
848.663230339 3718.75894986
849.258470173 3718.75894986
849.853710008 3718.75894986
850.448949842 3718.75894986
851.044189677 3718.75894986
851.639429511 3718.75894986
852.234669346 3718.75894986
852.82990918 3718.75894986
853.425149015 3718.75894986
854.020388849 3718.75894986
854.615628684 3718.75894986
855.210868518 3718.75894986
855.806108352 3718.75894986
856.401348187 3718.75894986
856.996588021 3718.75894986
857.591827856 3718.75894986
858.18706769 3718.75894986
858.782307525 3718.75894986
859.377547359 3718.75894986
859.972787194 3718.75894986
860.568027028 3718.75894986
861.163266863 3718.75894986
861.758506697 3718.75894986
862.353746532 3718.75894986
862.948986366 3718.75894986
863.544226201 3718.75894986
864.139466035 3718.75894986
864.73470587 3718.75894986
865.329945704 3718.75894986
865.925185539 3718.75894986
866.520425373 3718.75894986
867.115665207 3718.75894986
867.710905042 3718.75894986
868.306144876 3718.75894986
868.901384711 3718.75894986
869.496624545 3718.75894986
870.09186438 3718.75894986
870.687104214 3718.75894986
871.282344049 3718.75894986
871.877583883 3718.75894986
872.472823718 3718.75894986
873.068063552 3718.75894986
873.663303387 3718.75894986
874.258543221 3718.75894986
874.853783056 3718.75894986
875.44902289 3718.75894986
876.044262725 3718.75894986
876.639502559 3718.75894986
877.234742394 3718.75894986
877.829982228 3718.75894986
878.425222062 3718.75894986
879.020461897 3718.75894986
879.615701731 3718.75894986
880.210941566 3718.75894986
880.8061814 3718.75894986
881.401421235 3718.75894986
881.996661069 3718.75894986
882.591900904 3718.75894986
883.187140738 3718.75894986
883.782380573 3718.75894986
884.377620407 3718.75894986
884.972860242 3718.75894986
885.568100076 3718.75894986
886.163339911 3718.75894986
886.758579745 3718.75894986
887.35381958 3718.75894986
887.949059414 3718.75894986
888.544299248 3718.75894986
889.139539083 3718.75894986
889.734778917 3718.75894986
890.330018752 3718.75894986
890.925258586 3718.75894986
891.520498421 3718.75894986
892.115738255 3718.75894986
892.71097809 3718.75894986
893.306217924 3718.75894986
893.901457759 3718.75894986
894.496697593 3718.75894986
895.091937428 3718.75894986
895.687177262 3718.75894986
896.282417097 3718.75894986
896.877656931 3718.75894986
897.472896766 3718.75894986
898.0681366 3718.75894986
898.663376435 3718.75894986
899.258616269 3718.75894986
899.853856103 3718.75894986
900.449095938 3718.75894986
901.044335772 3718.75894986
901.639575607 3718.75894986
902.234815441 3718.75894986
902.830055276 3718.75894986
903.42529511 3718.75894986
904.020534945 3718.75894986
904.615774779 3718.75894986
905.211014614 3718.75894986
905.806254448 3718.75894986
906.401494283 3718.75894986
906.996734117 3718.75894986
907.591973952 3718.75894986
908.187213786 3718.75894986
908.782453621 3718.75894986
909.377693455 3718.75894986
909.97293329 3718.75894986
910.568173124 3718.75894986
911.163412958 3718.75894986
911.758652793 3718.75894986
912.353892627 3718.75894986
912.949132462 3718.75894986
913.544372296 3718.75894986
914.139612131 3718.75894986
914.734851965 5093.7180633
915.3300918 5093.7180633
915.925331634 5093.7180633
916.520571469 5093.7180633
917.115811303 5093.7180633
917.711051138 5093.7180633
918.306290972 5093.7180633
918.901530807 5093.7180633
919.496770641 5093.7180633
920.092010476 5093.7180633
920.68725031 5093.7180633
921.282490144 5093.7180633
921.877729979 5093.7180633
922.472969813 5093.7180633
923.068209648 5093.7180633
923.663449482 5093.7180633
924.258689317 5093.7180633
924.853929151 5093.7180633
925.449168986 5093.7180633
926.04440882 5093.7180633
926.639648655 5093.7180633
927.234888489 5093.7180633
927.830128324 5093.7180633
928.425368158 5093.7180633
929.020607993 5093.7180633
929.615847827 5093.7180633
930.211087662 5093.7180633
930.806327496 5093.7180633
931.401567331 5093.7180633
931.996807165 5093.7180633
932.592046999 5093.7180633
933.187286834 5093.7180633
933.782526668 5093.7180633
934.377766503 5093.7180633
934.973006337 5093.7180633
935.568246172 5093.7180633
936.163486006 5093.7180633
936.758725841 5093.7180633
937.353965675 5093.7180633
937.94920551 5093.7180633
938.544445344 5093.7180633
939.139685179 5093.7180633
939.734925013 5093.7180633
940.330164848 5093.7180633
940.925404682 5093.7180633
941.520644517 5093.7180633
942.115884351 5093.7180633
942.711124185 5093.7180633
943.30636402 5093.7180633
943.901603854 5093.7180633
944.496843689 5093.7180633
945.092083523 5093.7180633
945.687323358 5093.7180633
946.282563192 5093.7180633
946.877803027 5093.7180633
947.473042861 5093.7180633
948.068282696 5093.7180633
948.66352253 5093.7180633
949.258762365 5093.7180633
949.854002199 5093.7180633
950.449242034 5093.7180633
951.044481868 5093.7180633
951.639721703 5093.7180633
952.234961537 5093.7180633
952.830201372 5093.7180633
953.425441206 5093.7180633
954.02068104 5093.7180633
954.615920875 5093.7180633
955.211160709 5093.7180633
955.806400544 5093.7180633
956.401640378 5093.7180633
956.996880213 5093.7180633
957.592120047 5093.7180633
958.187359882 5093.7180633
958.782599716 5093.7180633
959.377839551 5093.7180633
959.973079385 5093.7180633
960.56831922 5093.7180633
961.163559054 5093.7180633
961.758798889 5093.7180633
962.354038723 5093.7180633
962.949278558 5093.7180633
963.544518392 5093.7180633
964.139758227 5093.7180633
964.734998061 5093.7180633
965.330237895 5093.7180633
965.92547773 5093.7180633
966.520717564 5093.7180633
967.115957399 5093.7180633
967.711197233 5093.7180633
968.306437068 5093.7180633
968.901676902 5093.7180633
969.496916737 5093.7180633
970.092156571 5093.7180633
970.687396406 5093.7180633
971.28263624 5093.7180633
971.877876075 5093.7180633
972.473115909 5093.7180633
973.068355744 5093.7180633
973.663595578 5093.7180633
974.258835413 5093.7180633
974.854075247 5093.7180633
975.449315081 5093.7180633
976.044554916 5093.7180633
976.63979475 5093.7180633
977.235034585 5093.7180633
977.830274419 5093.7180633
978.425514254 5093.7180633
979.020754088 5093.7180633
979.615993923 5093.7180633
980.211233757 5093.7180633
980.806473592 5093.7180633
981.401713426 5093.7180633
981.996953261 5093.7180633
982.592193095 5093.7180633
983.18743293 5093.7180633
983.782672764 5093.7180633
984.377912599 5093.7180633
984.973152433 5093.7180633
985.568392268 5093.7180633
986.163632102 5093.7180633
986.758871936 5093.7180633
987.354111771 5093.7180633
987.949351605 5093.7180633
988.54459144 5093.7180633
989.139831274 5093.7180633
989.735071109 5093.7180633
990.330310943 5093.7180633
990.925550778 5093.7180633
991.520790612 5093.7180633
992.116030447 5093.7180633
992.711270281 5093.7180633
993.306510116 5093.7180633
993.90174995 5093.7180633
994.496989785 5093.7180633
995.092229619 5093.7180633
995.687469454 5093.7180633
996.282709288 5093.7180633
996.877949123 5093.7180633
997.473188957 5093.7180633
998.068428791 5093.7180633
998.663668626 5093.7180633
999.25890846 5093.7180633
999.854148295 5093.7180633
1000.44938813 5093.7180633
1001.04462796 5093.7180633
1001.6398678 5093.7180633
1002.23510763 5093.7180633
1002.83034747 5093.7180633
1003.4255873 5093.7180633
1004.02082714 5093.7180633
1004.61606697 5093.7180633
1005.21130681 5093.7180633
1005.80654664 5093.7180633
1006.40178647 5093.7180633
1006.99702631 5093.7180633
1007.59226614 5093.7180633
1008.18750598 5093.7180633
1008.78274581 5093.7180633
1009.37798565 5093.7180633
1009.97322548 5093.7180633
1010.56846532 5093.7180633
1011.16370515 5093.7180633
1011.75894498 5093.7180633
1012.35418482 5093.7180633
1012.94942465 5093.7180633
1013.54466449 5093.7180633
1014.13990432 5093.7180633
1014.73514416 5093.7180633
1015.33038399 5093.7180633
1015.92562383 5093.7180633
1016.52086366 5093.7180633
1017.11610349 5093.7180633
1017.71134333 5093.7180633
1018.30658316 5093.7180633
1018.901823 5093.7180633
1019.49706283 5093.7180633
1020.09230267 5093.7180633
1020.6875425 5093.7180633
1021.28278234 5093.7180633
1021.87802217 5093.7180633
1022.473262 5093.7180633
1023.06850184 5093.7180633
1023.66374167 5093.7180633
1024.25898151 5093.7180633
1024.85422134 5093.7180633
1025.44946118 5093.7180633
1026.04470101 5093.7180633
1026.63994085 5093.7180633
1027.23518068 5093.7180633
1027.83042052 5093.7180633
1028.42566035 5093.7180633
1029.02090018 5093.7180633
1029.61614002 5093.7180633
1030.21137985 5093.7180633
1030.80661969 5093.7180633
1031.40185952 5093.7180633
1031.99709936 5093.7180633
1032.59233919 5093.7180633
1033.18757903 5093.7180633
1033.78281886 5093.7180633
1034.37805869 5093.7180633
1034.97329853 5093.7180633
1035.56853836 5093.7180633
1036.1637782 5093.7180633
1036.75901803 5093.7180633
1037.35425787 5093.7180633
1037.9494977 5093.7180633
1038.54473754 5093.7180633
1039.13997737 5093.7180633
1039.7352172 5093.7180633
1040.33045704 5093.7180633
1040.92569687 5093.7180633
1041.52093671 5093.7180633
1042.11617654 5093.7180633
1042.71141638 5093.7180633
1043.30665621 5093.7180633
1043.90189605 5093.7180633
1044.49713588 5093.7180633
1045.09237571 5093.7180633
1045.68761555 5093.7180633
1046.28285538 5093.7180633
1046.87809522 5093.7180633
1047.47333505 5093.7180633
1048.06857489 5093.7180633
1048.66381472 5093.7180633
1049.25905456 5093.7180633
1049.85429439 5093.7180633
1050.44953423 5093.7180633
1051.04477406 5093.7180633
1051.64001389 5093.7180633
1052.23525373 5093.7180633
1052.83049356 5093.7180633
1053.4257334 5093.7180633
1054.02097323 5093.7180633
1054.61621307 5093.7180633
1055.2114529 5093.7180633
1055.80669274 5093.7180633
1056.40193257 5093.7180633
1056.9971724 5093.7180633
1057.59241224 5093.7180633
1058.18765207 5093.7180633
1058.78289191 5093.7180633
1059.37813174 5093.7180633
1059.97337158 5093.7180633
1060.56861141 5093.7180633
1061.16385125 5093.7180633
1061.75909108 5093.7180633
1062.35433091 5093.7180633
1062.94957075 5093.7180633
1063.54481058 5093.7180633
1064.14005042 5093.7180633
1064.73529025 5093.7180633
1065.33053009 5093.7180633
1065.92576992 5093.7180633
1066.52100976 5093.7180633
1067.11624959 5093.7180633
1067.71148942 5093.7180633
1068.30672926 5093.7180633
1068.90196909 5093.7180633
1069.49720893 5093.7180633
1070.09244876 5093.7180633
1070.6876886 5093.7180633
1071.28292843 5093.7180633
1071.87816827 5093.7180633
1072.4734081 5093.7180633
1073.06864794 5093.7180633
1073.66388777 5093.7180633
1074.2591276 5093.7180633
1074.85436744 5093.7180633
1075.44960727 5093.7180633
1076.04484711 5093.7180633
1076.64008694 5093.7180633
1077.23532678 5093.7180633
1077.83056661 5093.7180633
1078.42580645 5093.7180633
1079.02104628 5093.7180633
1079.61628611 5093.7180633
1080.21152595 5093.7180633
1080.80676578 5093.7180633
1081.40200562 5093.7180633
1081.99724545 5093.7180633
1082.59248529 5093.7180633
1083.18772512 5093.7180633
1083.78296496 5093.7180633
1084.37820479 5093.7180633
1084.97344462 5093.7180633
1085.56868446 5093.7180633
1086.16392429 5093.7180633
1086.75916413 5093.7180633
1087.35440396 5093.7180633
1087.9496438 5093.7180633
1088.54488363 5093.7180633
1089.14012347 5093.7180633
1089.7353633 5093.7180633
1090.33060313 5093.7180633
1090.92584297 5093.7180633
1091.5210828 5093.7180633
1092.11632264 5093.7180633
1092.71156247 5093.7180633
1093.30680231 5093.7180633
1093.90204214 5093.7180633
1094.49728198 5093.7180633
1095.09252181 5093.7180633
1095.68776164 5093.7180633
1096.28300148 5093.7180633
1096.87824131 5093.7180633
1097.47348115 5093.7180633
1098.06872098 5093.7180633
1098.66396082 5093.7180633
1099.25920065 5093.7180633
1099.85444049 5093.7180633
1100.44968032 5093.7180633
1101.04492016 5093.7180633
1101.64015999 5093.7180633
1102.23539982 5093.7180633
1102.83063966 5093.7180633
1103.42587949 5093.7180633
1104.02111933 5093.7180633
1104.61635916 5093.7180633
1105.211599 5093.7180633
1105.80683883 5093.7180633
1106.40207867 5093.7180633
1106.9973185 5093.7180633
1107.59255833 5093.7180633
1108.18779817 5093.7180633
1108.783038 5093.7180633
1109.37827784 5093.7180633
1109.97351767 5093.7180633
1110.56875751 5093.7180633
1111.16399734 5093.7180633
1111.75923718 5093.7180633
1112.35447701 5093.7180633
1112.94971684 5093.7180633
1113.54495668 5093.7180633
1114.14019651 5093.7180633
1114.73543635 5093.7180633
1115.33067618 5093.7180633
1115.92591602 5093.7180633
1116.52115585 5093.7180633
1117.11639569 5093.7180633
1117.71163552 5093.7180633
1118.30687535 5093.7180633
1118.90211519 5093.7180633
1119.49735502 5093.7180633
1120.09259486 5093.7180633
1120.68783469 5093.7180633
1121.28307453 5093.7180633
1121.87831436 5093.7180633
1122.4735542 5093.7180633
1123.06879403 5093.7180633
1123.66403387 5093.7180633
1124.2592737 5093.7180633
1124.85451353 5093.7180633
1125.44975337 5093.7180633
1126.0449932 5093.7180633
1126.64023304 5093.7180633
1127.23547287 5093.7180633
1127.83071271 5093.7180633
1128.42595254 5093.7180633
1129.02119238 5093.7180633
1129.61643221 5093.7180633
1130.21167204 5093.7180633
1130.80691188 5093.7180633
1131.40215171 5093.7180633
1131.99739155 5093.7180633
1132.59263138 5093.7180633
1133.18787122 5093.7180633
1133.78311105 5093.7180633
1134.37835089 5093.7180633
1134.97359072 5093.7180633
1135.56883055 5093.7180633
1136.16407039 5093.7180633
1136.75931022 5093.7180633
1137.35455006 5093.7180633
1137.94978989 5093.7180633
1138.54502973 5093.7180633
1139.14026956 5093.7180633
1139.7355094 5093.7180633
1140.33074923 5093.7180633
1140.92598906 5093.7180633
1141.5212289 5093.7180633
1142.11646873 5093.7180633
1142.71170857 5093.7180633
1143.3069484 5093.7180633
1143.90218824 5093.7180633
1144.49742807 5093.7180633
1145.09266791 5093.7180633
1145.68790774 5093.7180633
1146.28314758 5093.7180633
1146.87838741 5093.7180633
1147.47362724 5093.7180633
1148.06886708 5093.7180633
1148.66410691 5093.7180633
1149.25934675 5093.7180633
1149.85458658 5093.7180633
1150.44982642 5093.7180633
1151.04506625 5093.7180633
1151.64030609 5093.7180633
1152.23554592 5093.7180633
1152.83078575 5093.7180633
1153.42602559 5093.7180633
1154.02126542 5093.7180633
1154.61650526 5093.7180633
1155.21174509 5093.7180633
1155.80698493 5093.7180633
1156.40222476 5093.7180633
1156.9974646 5093.7180633
1157.59270443 5093.7180633
1158.18794426 5093.7180633
1158.7831841 5093.7180633
1159.37842393 5093.7180633
1159.97366377 5093.7180633
1160.5689036 5093.7180633
1161.16414344 5093.7180633
1161.75938327 5093.7180633
1162.35462311 5093.7180633
1162.94986294 5093.7180633
1163.54510277 5093.7180633
1164.14034261 5093.7180633
1164.73558244 5093.7180633
1165.33082228 5093.7180633
1165.92606211 5093.7180633
1166.52130195 5093.7180633
1167.11654178 5093.7180633
1167.71178162 5093.7180633
1168.30702145 5093.7180633
1168.90226129 5093.7180633
1169.49750112 5093.7180633
1170.09274095 5093.7180633
1170.68798079 5093.7180633
1171.28322062 5093.7180633
1171.87846046 5093.7180633
1172.47370029 5093.7180633
1173.06894013 5093.7180633
1173.66417996 5093.7180633
1174.2594198 5093.7180633
1174.85465963 5093.7180633
1175.44989946 5093.7180633
1176.0451393 5093.7180633
1176.64037913 5093.7180633
1177.23561897 5093.7180633
1177.8308588 5093.7180633
1178.42609864 5093.7180633
1179.02133847 5093.7180633
1179.61657831 5093.7180633
1180.21181814 5093.7180633
1180.80705797 5093.7180633
1181.40229781 5093.7180633
1181.99753764 5093.7180633
1182.59277748 5093.7180633
1183.18801731 5093.7180633
1183.78325715 5093.7180633
1184.37849698 5093.7180633
1184.97373682 5093.7180633
1185.56897665 5093.7180633
1186.16421648 5093.7180633
1186.75945632 5093.7180633
1187.35469615 5093.7180633
1187.94993599 5093.7180633
1188.54517582 5093.7180633
1189.14041566 5093.7180633
1189.73565549 5093.7180633
1190.33089533 5093.7180633
1190.92613516 5093.7180633
1191.521375 5093.7180633
1192.11661483 5093.7180633
1192.71185466 5093.7180633
1193.3070945 5093.7180633
1193.90233433 5093.7180633
1194.49757417 5093.7180633
1195.092814 5093.7180633
1195.68805384 5093.7180633
1196.28329367 5093.7180633
1196.87853351 5093.7180633
1197.47377334 5093.7180633
1198.06901317 5093.7180633
1198.66425301 5093.7180633
1199.25949284 5093.7180633
1199.85473268 5093.7180633
1200.44997251 5093.7180633
1201.04521235 5093.7180633
1201.64045218 5093.7180633
1202.23569202 5093.7180633
1202.83093185 5093.7180633
1203.42617168 5093.7180633
1204.02141152 5093.7180633
1204.61665135 5093.7180633
1205.21189119 5093.7180633
1205.80713102 5093.7180633
1206.40237086 5093.7180633
1206.99761069 5093.7180633
1207.59285053 5093.7180633
1208.18809036 5093.7180633
1208.78333019 5093.7180633
1209.37857003 5093.7180633
1209.97380986 5093.7180633
1210.5690497 5093.7180633
1211.16428953 5093.7180633
1211.75952937 5093.7180633
1212.3547692 5093.7180633
1212.95000904 5093.7180633
1213.54524887 5093.7180633
1214.14048871 5093.7180633
1214.73572854 5093.7180633
1215.33096837 5093.7180633
1215.92620821 5093.7180633
1216.52144804 5093.7180633
1217.11668788 5093.7180633
1217.71192771 5093.7180633
1218.30716755 5093.7180633
1218.90240738 5093.7180633
