0.446466215283 1916.36707221
1.04170604976 1916.36707221
1.63694588423 1916.36707221
2.2321857187 1916.36707221
2.82742555317 1916.36707221
3.42266538765 1916.36707221
4.01790522212 1916.36707221
4.61314505659 1916.36707221
5.20838489106 1916.36707221
5.80362472554 1916.36707221
6.39886456001 1916.36707221
6.99410439448 1916.36707221
7.58934422895 1916.36707221
8.18458406343 1916.36707221
8.7798238979 1916.36707221
9.37506373237 1916.36707221
9.97030356685 1916.36707221
10.5655434013 1916.36707221
11.1607832358 1916.36707221
11.7560230703 1916.36707221
12.3512629047 1916.36707221
12.9465027392 1916.36707221
13.5417425737 1916.36707221
14.1369824082 1916.36707221
14.7322222426 1916.36707221
15.3274620771 1916.36707221
15.9227019116 1916.36707221
16.517941746 1916.36707221
17.1131815805 1916.36707221
17.708421415 1916.36707221
18.3036612495 1916.36707221
18.8989010839 1916.36707221
19.4941409184 1916.36707221
20.0893807529 1916.36707221
20.6846205874 1916.36707221
21.2798604218 1916.36707221
21.8751002563 1916.36707221
22.4703400908 1916.36707221
23.0655799252 1916.36707221
23.6608197597 1916.36707221
24.2560595942 1916.36707221
24.8512994287 1916.36707221
25.4465392631 1916.36707221
26.0417790976 1916.36707221
26.6370189321 1916.36707221
27.2322587666 1916.36707221
27.827498601 1916.36707221
28.4227384355 1916.36707221
29.01797827 1916.36707221
29.6132181044 1916.36707221
30.2084579389 1916.36707221
30.8036977734 1916.36707221
31.3989376079 1916.36707221
31.9941774423 1916.36707221
32.5894172768 1916.36707221
33.1846571113 1916.36707221
33.7798969458 1916.36707221
34.3751367802 1916.36707221
34.9703766147 1916.36707221
35.5656164492 1916.36707221
36.1608562836 1916.36707221
36.7560961181 1916.36707221
37.3513359526 1916.36707221
37.9465757871 1916.36707221
38.5418156215 1916.36707221
39.137055456 1916.36707221
39.7322952905 1916.36707221
40.327535125 1916.36707221
40.9227749594 1916.36707221
41.5180147939 1916.36707221
42.1132546284 1916.36707221
42.7084944628 1916.36707221
43.3037342973 1916.36707221
43.8989741318 1916.36707221
44.4942139663 1916.36707221
45.0894538007 1916.36707221
45.6846936352 1916.36707221
46.2799334697 1916.36707221
46.8751733041 1916.36707221
47.4704131386 1916.36707221
48.0656529731 1916.36707221
48.6608928076 1916.36707221
49.256132642 1916.36707221
49.8513724765 1916.36707221
50.446612311 1916.36707221
51.0418521455 1916.36707221
51.6370919799 1916.36707221
52.2323318144 1916.36707221
52.8275716489 1916.36707221
53.4228114833 1916.36707221
54.0180513178 1916.36707221
54.6132911523 1916.36707221
55.2085309868 1916.36707221
55.8037708212 1916.36707221
56.3990106557 1916.36707221
56.9942504902 1916.36707221
57.5894903247 1916.36707221
58.1847301591 1916.36707221
58.7799699936 1916.36707221
59.3752098281 1916.36707221
59.9704496625 1916.36707221
60.565689497 1916.36707221
61.1609293315 1916.36707221
61.756169166 1916.36707221
62.3514090004 1916.36707221
62.9466488349 1916.36707221
63.5418886694 1916.36707221
64.1371285039 1916.36707221
64.7323683383 1916.36707221
65.3276081728 1916.36707221
65.9228480073 1916.36707221
66.5180878417 1916.36707221
67.1133276762 1916.36707221
67.7085675107 1916.36707221
68.3038073452 1916.36707221
68.8990471796 1916.36707221
69.4942870141 1916.36707221
70.0895268486 1916.36707221
70.6847666831 1916.36707221
71.2800065175 1916.36707221
71.875246352 1916.36707221
72.4704861865 1916.36707221
73.0657260209 1916.36707221
73.6609658554 1916.36707221
74.2562056899 1916.36707221
74.8514455244 1916.36707221
75.4466853588 1916.36707221
76.0419251933 1916.36707221
76.6371650278 1916.36707221
77.2324048623 1916.36707221
77.8276446967 1916.36707221
78.4228845312 1916.36707221
79.0181243657 1916.36707221
79.6133642001 1916.36707221
80.2086040346 1916.36707221
80.8038438691 1916.36707221
81.3990837036 1916.36707221
81.994323538 1916.36707221
82.5895633725 1916.36707221
83.184803207 1916.36707221
83.7800430415 1916.36707221
84.3752828759 1916.36707221
84.9705227104 1916.36707221
85.5657625449 1916.36707221
86.1610023793 1916.36707221
86.7562422138 1916.36707221
87.3514820483 1916.36707221
87.9467218828 1916.36707221
88.5419617172 1916.36707221
89.1372015517 1916.36707221
89.7324413862 1916.36707221
90.3276812207 1916.36707221
90.9229210551 1916.36707221
91.5181608896 1916.36707221
92.1134007241 1916.36707221
92.7086405585 1916.36707221
93.303880393 1916.36707221
93.8991202275 1916.36707221
94.494360062 1916.36707221
95.0895998964 1916.36707221
95.6848397309 1916.36707221
96.2800795654 1916.36707221
96.8753193999 1916.36707221
97.4705592343 1916.36707221
98.0657990688 1916.36707221
98.6610389033 1916.36707221
99.2562787377 1916.36707221
99.8515185722 1916.36707221
100.446758407 1916.36707221
101.041998241 1916.36707221
101.637238076 1916.36707221
102.23247791 1916.36707221
102.827717745 1916.36707221
103.422957579 1916.36707221
104.018197414 1916.36707221
104.613437248 1916.36707221
105.208677082 1916.36707221
105.803916917 1916.36707221
106.399156751 1916.36707221
106.994396586 1916.36707221
107.58963642 1916.36707221
108.184876255 1916.36707221
108.780116089 1916.36707221
109.375355924 1916.36707221
109.970595758 1916.36707221
110.565835593 1916.36707221
111.161075427 1916.36707221
111.756315262 1916.36707221
112.351555096 1916.36707221
112.946794931 1916.36707221
113.542034765 1916.36707221
114.1372746 1916.36707221
114.732514434 1916.36707221
115.327754269 1916.36707221
115.922994103 1916.36707221
116.518233937 1916.36707221
117.113473772 1916.36707221
117.708713606 1916.36707221
118.303953441 1916.36707221
118.899193275 1916.36707221
119.49443311 1916.36707221
120.089672944 1916.36707221
120.684912779 1916.36707221
121.280152613 1916.36707221
121.875392448 1916.36707221
122.470632282 1916.36707221
123.065872117 1916.36707221
123.661111951 1916.36707221
124.256351786 1916.36707221
124.85159162 1916.36707221
125.446831455 1916.36707221
126.042071289 1916.36707221
126.637311123 1916.36707221
127.232550958 1916.36707221
127.827790792 1916.36707221
128.423030627 1916.36707221
129.018270461 1916.36707221
129.613510296 1916.36707221
130.20875013 1916.36707221
130.803989965 1916.36707221
131.399229799 1916.36707221
131.994469634 1916.36707221
132.589709468 1916.36707221
133.184949303 1916.36707221
133.780189137 1916.36707221
134.375428972 1916.36707221
134.970668806 1916.36707221
135.565908641 1916.36707221
136.161148475 1916.36707221
136.75638831 1916.36707221
137.351628144 1916.36707221
137.946867978 1916.36707221
138.542107813 1916.36707221
139.137347647 1916.36707221
139.732587482 1916.36707221
140.327827316 1916.36707221
140.923067151 1916.36707221
141.518306985 1916.36707221
142.11354682 1916.36707221
142.708786654 1916.36707221
143.304026489 1916.36707221
143.899266323 1916.36707221
144.494506158 1916.36707221
145.089745992 1916.36707221
145.684985827 1916.36707221
146.280225661 1916.36707221
146.875465496 1916.36707221
147.47070533 1916.36707221
148.065945165 1916.36707221
148.661184999 1916.36707221
149.256424833 1916.36707221
149.851664668 1916.36707221
150.446904502 1916.36707221
151.042144337 1916.36707221
151.637384171 1916.36707221
152.232624006 1916.36707221
152.82786384 1916.36707221
153.423103675 1916.36707221
154.018343509 1916.36707221
154.613583344 1916.36707221
155.208823178 1916.36707221
155.804063013 1916.36707221
156.399302847 1916.36707221
156.994542682 1916.36707221
157.589782516 1916.36707221
158.185022351 1916.36707221
158.780262185 1916.36707221
159.375502019 1916.36707221
159.970741854 1916.36707221
160.565981688 1916.36707221
161.161221523 1916.36707221
161.756461357 1916.36707221
162.351701192 1916.36707221
162.946941026 1916.36707221
163.542180861 1916.36707221
164.137420695 1916.36707221
164.73266053 1916.36707221
165.327900364 1916.36707221
165.923140199 1916.36707221
166.518380033 1916.36707221
167.113619868 1916.36707221
167.708859702 1916.36707221
168.304099537 1916.36707221
168.899339371 1916.36707221
169.494579206 1916.36707221
170.08981904 1916.36707221
170.685058874 1916.36707221
171.280298709 1916.36707221
171.875538543 1916.36707221
172.470778378 1916.36707221
173.066018212 1916.36707221
173.661258047 1916.36707221
174.256497881 1916.36707221
174.851737716 1916.36707221
175.44697755 1916.36707221
176.042217385 1916.36707221
176.637457219 1916.36707221
177.232697054 1916.36707221
177.827936888 1916.36707221
178.423176723 1916.36707221
179.018416557 1916.36707221
179.613656392 1916.36707221
180.208896226 1916.36707221
180.80413606 1916.36707221
181.399375895 1916.36707221
181.994615729 1916.36707221
182.589855564 1916.36707221
183.185095398 1916.36707221
183.780335233 1916.36707221
184.375575067 1916.36707221
184.970814902 1916.36707221
185.566054736 1916.36707221
186.161294571 1916.36707221
186.756534405 1916.36707221
187.35177424 1916.36707221
187.947014074 1916.36707221
188.542253909 1916.36707221
189.137493743 1916.36707221
189.732733578 1916.36707221
190.327973412 1916.36707221
190.923213247 1916.36707221
191.518453081 1916.36707221
192.113692915 1916.36707221
192.70893275 1916.36707221
193.304172584 1916.36707221
193.899412419 1916.36707221
194.494652253 1916.36707221
195.089892088 1916.36707221
195.685131922 1916.36707221
196.280371757 1916.36707221
196.875611591 1916.36707221
197.470851426 1916.36707221
198.06609126 1916.36707221
198.661331095 1916.36707221
199.256570929 1916.36707221
199.851810764 1916.36707221
200.447050598 1916.36707221
201.042290433 1916.36707221
201.637530267 1916.36707221
202.232770102 1916.36707221
202.828009936 1916.36707221
203.42324977 1916.36707221
204.018489605 1916.36707221
204.613729439 1916.36707221
205.208969274 1916.36707221
205.804209108 1916.36707221
206.399448943 1916.36707221
206.994688777 1916.36707221
207.589928612 1916.36707221
208.185168446 1916.36707221
208.780408281 1916.36707221
209.375648115 1916.36707221
209.97088795 1916.36707221
210.566127784 1916.36707221
211.161367619 1916.36707221
211.756607453 1916.36707221
212.351847288 1916.36707221
212.947087122 1916.36707221
213.542326956 1916.36707221
214.137566791 1916.36707221
214.732806625 1916.36707221
215.32804646 1916.36707221
215.923286294 1916.36707221
216.518526129 1916.36707221
217.113765963 1916.36707221
217.709005798 1916.36707221
218.304245632 1916.36707221
218.899485467 1916.36707221
219.494725301 1916.36707221
220.089965136 1916.36707221
220.68520497 1916.36707221
221.280444805 1916.36707221
221.875684639 1916.36707221
222.470924474 1916.36707221
223.066164308 1916.36707221
223.661404143 1916.36707221
224.256643977 1916.36707221
224.851883811 1916.36707221
225.447123646 1916.36707221
226.04236348 1916.36707221
226.637603315 1916.36707221
227.232843149 1916.36707221
227.828082984 1916.36707221
228.423322818 1916.36707221
229.018562653 1916.36707221
229.613802487 1916.36707221
230.209042322 1916.36707221
230.804282156 1916.36707221
231.399521991 1916.36707221
231.994761825 1916.36707221
232.59000166 1916.36707221
233.185241494 1916.36707221
233.780481329 1916.36707221
234.375721163 1916.36707221
234.970960998 1916.36707221
235.566200832 1916.36707221
236.161440666 1916.36707221
236.756680501 1916.36707221
237.351920335 1916.36707221
237.94716017 1916.36707221
238.542400004 1916.36707221
239.137639839 1916.36707221
239.732879673 1916.36707221
240.328119508 1916.36707221
240.923359342 1916.36707221
241.518599177 1916.36707221
242.113839011 1916.36707221
242.709078846 1916.36707221
243.30431868 1916.36707221
243.899558515 1916.36707221
244.494798349 1916.36707221
245.090038184 1916.36707221
245.685278018 1916.36707221
246.280517852 1916.36707221
246.875757687 1916.36707221
247.470997521 1916.36707221
248.066237356 1916.36707221
248.66147719 1916.36707221
249.256717025 1916.36707221
249.851956859 1916.36707221
250.447196694 1916.36707221
251.042436528 1916.36707221
251.637676363 1916.36707221
252.232916197 1916.36707221
252.828156032 1916.36707221
253.423395866 1916.36707221
254.018635701 1916.36707221
254.613875535 1916.36707221
255.20911537 1916.36707221
255.804355204 1916.36707221
256.399595039 1916.36707221
256.994834873 1916.36707221
257.590074707 1916.36707221
258.185314542 1916.36707221
258.780554376 1916.36707221
259.375794211 1916.36707221
259.971034045 1916.36707221
260.56627388 1916.36707221
261.161513714 1916.36707221
261.756753549 1916.36707221
262.351993383 1916.36707221
262.947233218 1916.36707221
263.542473052 1916.36707221
264.137712887 1916.36707221
264.732952721 1916.36707221
265.328192556 1916.36707221
265.92343239 1916.36707221
266.518672225 1916.36707221
267.113912059 1916.36707221
267.709151894 1916.36707221
268.304391728 1916.36707221
268.899631562 1916.36707221
269.494871397 1916.36707221
270.090111231 1916.36707221
270.685351066 1916.36707221
271.2805909 1916.36707221
271.875830735 1916.36707221
272.471070569 1916.36707221
273.066310404 1916.36707221
273.661550238 1916.36707221
274.256790073 1916.36707221
274.852029907 1916.36707221
275.447269742 1916.36707221
276.042509576 1916.36707221
276.637749411 1916.36707221
277.232989245 1916.36707221
277.82822908 1916.36707221
278.423468914 1916.36707221
279.018708748 1916.36707221
279.613948583 1916.36707221
280.209188417 1916.36707221
280.804428252 1916.36707221
281.399668086 1916.36707221
281.994907921 1916.36707221
282.590147755 1916.36707221
283.18538759 1916.36707221
283.780627424 1916.36707221
284.375867259 1916.36707221
284.971107093 1916.36707221
285.566346928 1916.36707221
286.161586762 1916.36707221
286.756826597 1916.36707221
287.352066431 1916.36707221
287.947306266 1916.36707221
288.5425461 1916.36707221
289.137785935 1916.36707221
289.733025769 1916.36707221
290.328265603 1916.36707221
290.923505438 1916.36707221
291.518745272 1916.36707221
292.113985107 1916.36707221
292.709224941 1916.36707221
293.304464776 1916.36707221
293.89970461 1916.36707221
294.494944445 1916.36707221
295.090184279 1916.36707221
295.685424114 1916.36707221
296.280663948 1916.36707221
296.875903783 1916.36707221
297.471143617 1916.36707221
298.066383452 1916.36707221
298.661623286 1916.36707221
299.256863121 1916.36707221
299.852102955 1916.36707221
300.44734279 1916.36707221
301.042582624 1916.36707221
301.637822458 1916.36707221
302.233062293 1916.36707221
302.828302127 1916.36707221
303.423541962 1916.36707221
304.018781796 1916.36707221
304.614021631 1916.36707221
305.209261465 1977.31178172
305.8045013 1977.31178172
306.399741134 1977.31178172
306.994980969 1977.31178172
307.590220803 1977.31178172
308.185460638 1977.31178172
308.780700472 1977.31178172
309.375940307 1977.31178172
309.971180141 1977.31178172
310.566419976 1977.31178172
311.16165981 1977.31178172
311.756899644 1977.31178172
312.352139479 1977.31178172
312.947379313 1977.31178172
313.542619148 1977.31178172
314.137858982 1977.31178172
314.733098817 1977.31178172
315.328338651 1977.31178172
315.923578486 1977.31178172
316.51881832 1977.31178172
317.114058155 1977.31178172
317.709297989 1977.31178172
318.304537824 1977.31178172
318.899777658 1977.31178172
319.495017493 1977.31178172
320.090257327 1977.31178172
320.685497162 1977.31178172
321.280736996 1977.31178172
321.875976831 1977.31178172
322.471216665 1977.31178172
323.066456499 1977.31178172
323.661696334 1977.31178172
324.256936168 1977.31178172
324.852176003 1977.31178172
325.447415837 1977.31178172
326.042655672 1977.31178172
326.637895506 1977.31178172
327.233135341 1977.31178172
327.828375175 1977.31178172
328.42361501 1977.31178172
329.018854844 1977.31178172
329.614094679 1977.31178172
330.209334513 1977.31178172
330.804574348 1977.31178172
331.399814182 1977.31178172
331.995054017 1977.31178172
332.590293851 1977.31178172
333.185533685 1977.31178172
333.78077352 1977.31178172
334.376013354 1977.31178172
334.971253189 1977.31178172
335.566493023 1977.31178172
336.161732858 1977.31178172
336.756972692 1977.31178172
337.352212527 1977.31178172
337.947452361 1977.31178172
338.542692196 1977.31178172
339.13793203 1977.31178172
339.733171865 1977.31178172
340.328411699 1977.31178172
340.923651534 1977.31178172
341.518891368 1977.31178172
342.114131203 1977.31178172
342.709371037 1977.31178172
343.304610872 1977.31178172
343.899850706 1977.31178172
344.49509054 1977.31178172
345.090330375 1977.31178172
345.685570209 1977.31178172
346.280810044 1977.31178172
346.876049878 1977.31178172
347.471289713 1977.31178172
348.066529547 1977.31178172
348.661769382 1977.31178172
349.257009216 1977.31178172
349.852249051 1977.31178172
350.447488885 1977.31178172
351.04272872 1977.31178172
351.637968554 1977.31178172
352.233208389 1977.31178172
352.828448223 1977.31178172
353.423688058 1977.31178172
354.018927892 1977.31178172
354.614167727 1977.31178172
355.209407561 1977.31178172
355.804647395 1977.31178172
356.39988723 1977.31178172
356.995127064 1977.31178172
357.590366899 1977.31178172
358.185606733 1977.31178172
358.780846568 1977.31178172
359.376086402 1977.31178172
359.971326237 1977.31178172
360.566566071 1977.31178172
361.161805906 1977.31178172
361.75704574 1977.31178172
362.352285575 1977.31178172
362.947525409 1977.31178172
363.542765244 1977.31178172
364.138005078 1977.31178172
364.733244913 1977.31178172
365.328484747 1977.31178172
365.923724581 1977.31178172
366.518964416 1977.31178172
367.11420425 1977.31178172
367.709444085 1977.31178172
368.304683919 1977.31178172
368.899923754 1977.31178172
369.495163588 1977.31178172
370.090403423 1977.31178172
370.685643257 1977.31178172
371.280883092 1977.31178172
371.876122926 1977.31178172
372.471362761 1977.31178172
373.066602595 1977.31178172
373.66184243 1977.31178172
374.257082264 1977.31178172
374.852322099 1977.31178172
375.447561933 1977.31178172
376.042801768 1977.31178172
376.638041602 1977.31178172
377.233281436 1977.31178172
377.828521271 1977.31178172
378.423761105 1977.31178172
379.01900094 1977.31178172
379.614240774 1977.31178172
380.209480609 1977.31178172
380.804720443 1977.31178172
381.399960278 1977.31178172
381.995200112 1977.31178172
382.590439947 1977.31178172
383.185679781 1977.31178172
383.780919616 1977.31178172
384.37615945 1977.31178172
384.971399285 1977.31178172
385.566639119 1977.31178172
386.161878954 1977.31178172
386.757118788 1977.31178172
387.352358623 1977.31178172
387.947598457 1977.31178172
388.542838291 1977.31178172
389.138078126 1977.31178172
389.73331796 1977.31178172
390.328557795 1977.31178172
390.923797629 1977.31178172
391.519037464 1977.31178172
392.114277298 1977.31178172
392.709517133 1977.31178172
393.304756967 1977.31178172
393.899996802 1977.31178172
394.495236636 1977.31178172
395.090476471 1977.31178172
395.685716305 1977.31178172
396.28095614 1977.31178172
396.876195974 1977.31178172
397.471435809 1977.31178172
398.066675643 1977.31178172
398.661915477 1977.31178172
399.257155312 1977.31178172
399.852395146 1977.31178172
400.447634981 1977.31178172
401.042874815 1977.31178172
401.63811465 1977.31178172
402.233354484 1977.31178172
402.828594319 1977.31178172
403.423834153 1977.31178172
404.019073988 1977.31178172
404.614313822 1977.31178172
405.209553657 1977.31178172
405.804793491 1977.31178172
406.400033326 1977.31178172
406.99527316 1977.31178172
407.590512995 1977.31178172
408.185752829 1977.31178172
408.780992664 1977.31178172
409.376232498 1977.31178172
409.971472332 1977.31178172
410.566712167 1977.31178172
411.161952001 1977.31178172
411.757191836 1977.31178172
412.35243167 1977.31178172
412.947671505 1977.31178172
413.542911339 1977.31178172
414.138151174 1977.31178172
414.733391008 1977.31178172
415.328630843 1977.31178172
415.923870677 1977.31178172
416.519110512 1977.31178172
417.114350346 1977.31178172
417.709590181 1977.31178172
418.304830015 1977.31178172
418.90006985 1977.31178172
419.495309684 1977.31178172
420.090549519 1977.31178172
420.685789353 1977.31178172
421.281029187 1977.31178172
421.876269022 1977.31178172
422.471508856 1977.31178172
423.066748691 1977.31178172
423.661988525 1977.31178172
424.25722836 1977.31178172
424.852468194 1977.31178172
425.447708029 1977.31178172
426.042947863 1977.31178172
426.638187698 1977.31178172
427.233427532 1977.31178172
427.828667367 1977.31178172
428.423907201 1977.31178172
429.019147036 1977.31178172
429.61438687 1977.31178172
430.209626705 1977.31178172
430.804866539 1977.31178172
431.400106373 1977.31178172
431.995346208 1977.31178172
432.590586042 1977.31178172
433.185825877 1977.31178172
433.781065711 1977.31178172
434.376305546 1977.31178172
434.97154538 1977.31178172
435.566785215 1977.31178172
436.162025049 1977.31178172
436.757264884 1977.31178172
437.352504718 1977.31178172
437.947744553 1977.31178172
438.542984387 1977.31178172
439.138224222 1977.31178172
439.733464056 1977.31178172
440.328703891 1977.31178172
440.923943725 1977.31178172
441.51918356 1977.31178172
442.114423394 1977.31178172
442.709663228 1977.31178172
443.304903063 1977.31178172
443.900142897 1977.31178172
444.495382732 1977.31178172
445.090622566 1977.31178172
445.685862401 1977.31178172
446.281102235 1977.31178172
446.87634207 1977.31178172
447.471581904 1977.31178172
448.066821739 1977.31178172
448.662061573 1977.31178172
449.257301408 1977.31178172
449.852541242 1977.31178172
450.447781077 1977.31178172
451.043020911 1977.31178172
451.638260746 1977.31178172
452.23350058 1977.31178172
452.828740415 1977.31178172
453.423980249 1977.31178172
454.019220083 1977.31178172
454.614459918 1977.31178172
455.209699752 1977.31178172
455.804939587 1977.31178172
456.400179421 1977.31178172
456.995419256 1977.31178172
457.59065909 1778.70968695
458.185898925 1778.70968695
458.781138759 1778.70968695
459.376378594 1778.70968695
459.971618428 1778.70968695
460.566858263 1778.70968695
461.162098097 1778.70968695
461.757337932 1778.70968695
462.352577766 1778.70968695
462.947817601 1778.70968695
463.543057435 1778.70968695
464.138297269 1778.70968695
464.733537104 1778.70968695
465.328776938 1778.70968695
465.924016773 1778.70968695
466.519256607 1778.70968695
467.114496442 1778.70968695
467.709736276 1778.70968695
468.304976111 1778.70968695
468.900215945 1778.70968695
469.49545578 1778.70968695
470.090695614 1778.70968695
470.685935449 1778.70968695
471.281175283 1778.70968695
471.876415118 1778.70968695
472.471654952 1778.70968695
473.066894787 1778.70968695
473.662134621 1778.70968695
474.257374456 1778.70968695
474.85261429 1778.70968695
475.447854124 1778.70968695
476.043093959 1778.70968695
476.638333793 1778.70968695
477.233573628 1778.70968695
477.828813462 1778.70968695
478.424053297 1778.70968695
479.019293131 1778.70968695
479.614532966 1778.70968695
480.2097728 1778.70968695
480.805012635 1778.70968695
481.400252469 1778.70968695
481.995492304 1778.70968695
482.590732138 1778.70968695
483.185971973 1778.70968695
483.781211807 1778.70968695
484.376451642 1778.70968695
484.971691476 1778.70968695
485.56693131 1778.70968695
486.162171145 1778.70968695
486.757410979 1778.70968695
487.352650814 1778.70968695
487.947890648 1778.70968695
488.543130483 1778.70968695
489.138370317 1778.70968695
489.733610152 1778.70968695
490.328849986 1778.70968695
490.924089821 1778.70968695
491.519329655 1778.70968695
492.11456949 1778.70968695
492.709809324 1778.70968695
493.305049159 1778.70968695
493.900288993 1778.70968695
494.495528828 1778.70968695
495.090768662 1778.70968695
495.686008497 1778.70968695
496.281248331 1778.70968695
496.876488165 1778.70968695
497.471728 1778.70968695
498.066967834 1778.70968695
498.662207669 1778.70968695
499.257447503 1778.70968695
499.852687338 1778.70968695
500.447927172 1778.70968695
501.043167007 1778.70968695
501.638406841 1778.70968695
502.233646676 1778.70968695
502.82888651 1778.70968695
503.424126345 1778.70968695
504.019366179 1778.70968695
504.614606014 1778.70968695
505.209845848 1778.70968695
505.805085683 1778.70968695
506.400325517 1778.70968695
506.995565352 1778.70968695
507.590805186 1778.70968695
508.18604502 1778.70968695
508.781284855 1778.70968695
509.376524689 1778.70968695
509.971764524 1778.70968695
510.567004358 1778.70968695
511.162244193 1778.70968695
511.757484027 1778.70968695
512.352723862 1778.70968695
512.947963696 1778.70968695
513.543203531 1778.70968695
514.138443365 1778.70968695
514.7336832 1778.70968695
515.328923034 1778.70968695
515.924162869 1778.70968695
516.519402703 1778.70968695
517.114642538 1778.70968695
517.709882372 1778.70968695
518.305122206 1778.70968695
518.900362041 1778.70968695
519.495601875 1778.70968695
520.09084171 1778.70968695
520.686081544 1778.70968695
521.281321379 1778.70968695
521.876561213 1778.70968695
522.471801048 1778.70968695
523.067040882 1778.70968695
523.662280717 1778.70968695
524.257520551 1778.70968695
524.852760386 1778.70968695
525.44800022 1778.70968695
526.043240055 1778.70968695
526.638479889 1778.70968695
527.233719724 1778.70968695
527.828959558 1778.70968695
528.424199393 1778.70968695
529.019439227 1778.70968695
529.614679061 1778.70968695
530.209918896 1778.70968695
530.80515873 1778.70968695
531.400398565 1778.70968695
531.995638399 1778.70968695
532.590878234 1778.70968695
533.186118068 1778.70968695
533.781357903 2175.91387649
534.376597737 2175.91387649
534.971837572 2175.91387649
535.567077406 2175.91387649
536.162317241 2175.91387649
536.757557075 2175.91387649
537.35279691 2175.91387649
537.948036744 2175.91387649
538.543276579 2175.91387649
539.138516413 2175.91387649
539.733756248 2175.91387649
540.328996082 2175.91387649
540.924235916 2175.91387649
541.519475751 2175.91387649
542.114715585 2175.91387649
542.70995542 2175.91387649
543.305195254 2175.91387649
543.900435089 2175.91387649
544.495674923 2175.91387649
545.090914758 2175.91387649
545.686154592 2175.91387649
546.281394427 2175.91387649
546.876634261 2175.91387649
547.471874096 2175.91387649
548.06711393 2175.91387649
548.662353765 2175.91387649
549.257593599 2175.91387649
549.852833434 2175.91387649
550.448073268 2175.91387649
551.043313102 2175.91387649
551.638552937 2175.91387649
552.233792771 2175.91387649
552.829032606 2175.91387649
553.42427244 2175.91387649
554.019512275 2175.91387649
554.614752109 2175.91387649
555.209991944 2175.91387649
555.805231778 2175.91387649
556.400471613 2175.91387649
556.995711447 2175.91387649
557.590951282 2175.91387649
558.186191116 2175.91387649
558.781430951 2175.91387649
559.376670785 2175.91387649
559.97191062 2175.91387649
560.567150454 2175.91387649
561.162390289 2175.91387649
561.757630123 2175.91387649
562.352869957 2175.91387649
562.948109792 2175.91387649
563.543349626 2175.91387649
564.138589461 2175.91387649
564.733829295 2175.91387649
565.32906913 2175.91387649
565.924308964 2175.91387649
566.519548799 2175.91387649
567.114788633 2175.91387649
567.710028468 2175.91387649
568.305268302 2175.91387649
568.900508137 2175.91387649
569.495747971 2175.91387649
570.090987806 2175.91387649
570.68622764 2175.91387649
571.281467475 2175.91387649
571.876707309 2175.91387649
572.471947144 2175.91387649
573.067186978 2175.91387649
573.662426812 2175.91387649
574.257666647 2175.91387649
574.852906481 2175.91387649
575.448146316 2175.91387649
576.04338615 2175.91387649
576.638625985 2175.91387649
577.233865819 2175.91387649
577.829105654 2175.91387649
578.424345488 2175.91387649
579.019585323 2175.91387649
579.614825157 2175.91387649
580.210064992 2175.91387649
580.805304826 2175.91387649
581.400544661 2175.91387649
581.995784495 2175.91387649
582.59102433 2175.91387649
583.186264164 2175.91387649
583.781503998 2175.91387649
584.376743833 2175.91387649
584.971983667 2175.91387649
585.567223502 2175.91387649
586.162463336 2175.91387649
586.757703171 2175.91387649
587.352943005 2175.91387649
587.94818284 2175.91387649
588.543422674 2175.91387649
589.138662509 2175.91387649
589.733902343 2175.91387649
590.329142178 2175.91387649
590.924382012 2175.91387649
591.519621847 2175.91387649
592.114861681 2175.91387649
592.710101516 2175.91387649
593.30534135 2175.91387649
593.900581185 2175.91387649
594.495821019 2175.91387649
595.091060853 2175.91387649
595.686300688 2175.91387649
596.281540522 2175.91387649
596.876780357 2175.91387649
597.472020191 2175.91387649
598.067260026 2175.91387649
598.66249986 2175.91387649
599.257739695 2175.91387649
599.852979529 2175.91387649
600.448219364 2175.91387649
601.043459198 2175.91387649
601.638699033 2175.91387649
602.233938867 2175.91387649
602.829178702 2175.91387649
603.424418536 2175.91387649
604.019658371 2175.91387649
604.614898205 2175.91387649
605.21013804 2175.91387649
605.805377874 2175.91387649
606.400617708 2175.91387649
606.995857543 2175.91387649
607.591097377 2175.91387649
608.186337212 2175.91387649
608.781577046 2175.91387649
609.376816881 2175.91387649
609.972056715 2440.93006147
610.56729655 2440.93006147
611.162536384 2440.93006147
611.757776219 2440.93006147
612.353016053 2440.93006147
612.948255888 2440.93006147
613.543495722 2440.93006147
614.138735557 2440.93006147
614.733975391 2440.93006147
615.329215226 2440.93006147
615.92445506 2440.93006147
616.519694894 2440.93006147
617.114934729 2440.93006147
617.710174563 2440.93006147
618.305414398 2440.93006147
618.900654232 2440.93006147
619.495894067 2440.93006147
620.091133901 2440.93006147
620.686373736 2440.93006147
621.28161357 2440.93006147
621.876853405 2440.93006147
622.472093239 2440.93006147
623.067333074 2440.93006147
623.662572908 2440.93006147
624.257812743 2440.93006147
624.853052577 2440.93006147
625.448292412 2440.93006147
626.043532246 2440.93006147
626.638772081 2440.93006147
627.234011915 2440.93006147
627.829251749 2440.93006147
628.424491584 2440.93006147
629.019731418 2440.93006147
629.614971253 2440.93006147
630.210211087 2440.93006147
630.805450922 2440.93006147
631.400690756 2440.93006147
631.995930591 2440.93006147
632.591170425 2440.93006147
633.18641026 2440.93006147
633.781650094 2440.93006147
634.376889929 2440.93006147
634.972129763 2440.93006147
635.567369598 2440.93006147
636.162609432 2440.93006147
636.757849267 2440.93006147
637.353089101 2440.93006147
637.948328935 2440.93006147
638.54356877 1408.87963857
639.138808604 1408.87963857
639.734048439 1408.87963857
640.329288273 1408.87963857
640.924528108 1408.87963857
641.519767942 1408.87963857
642.115007777 1408.87963857
642.710247611 1408.87963857
643.305487446 3472.98048437
643.90072728 3472.98048437
644.495967115 3472.98048437
645.091206949 3472.98048437
645.686446784 3472.98048437
646.281686618 3472.98048437
646.876926453 3472.98048437
647.472166287 3472.98048437
648.067406122 2440.93006147
648.662645956 2440.93006147
649.25788579 2440.93006147
649.853125625 2440.93006147
650.448365459 2440.93006147
651.043605294 2440.93006147
651.638845128 2440.93006147
652.234084963 2440.93006147
652.829324797 2440.93006147
653.424564632 2440.93006147
654.019804466 2440.93006147
654.615044301 2440.93006147
655.210284135 2440.93006147
655.80552397 2440.93006147
656.400763804 2440.93006147
656.996003639 2440.93006147
657.591243473 2440.93006147
658.186483308 2440.93006147
658.781723142 2440.93006147
659.376962977 2440.93006147
659.972202811 2440.93006147
660.567442645 2440.93006147
661.16268248 2440.93006147
661.757922314 2440.93006147
662.353162149 2440.93006147
662.948401983 2440.93006147
663.543641818 2440.93006147
664.138881652 2440.93006147
664.734121487 2440.93006147
665.329361321 2440.93006147
665.924601156 2440.93006147
666.51984099 2440.93006147
667.115080825 2440.93006147
667.710320659 2440.93006147
668.305560494 2440.93006147
668.900800328 2440.93006147
669.496040163 2440.93006147
670.091279997 2440.93006147
670.686519831 2440.93006147
671.281759666 2440.93006147
671.8769995 2440.93006147
672.472239335 2440.93006147
673.067479169 2440.93006147
673.662719004 2440.93006147
674.257958838 2440.93006147
674.853198673 2440.93006147
675.448438507 2440.93006147
676.043678342 2440.93006147
676.638918176 2440.93006147
677.234158011 2440.93006147
677.829397845 2440.93006147
678.42463768 2440.93006147
679.019877514 2440.93006147
679.615117349 2440.93006147
680.210357183 2440.93006147
680.805597018 2440.93006147
681.400836852 2440.93006147
681.996076686 2440.93006147
682.591316521 2440.93006147
683.186556355 2440.93006147
683.78179619 2440.93006147
684.377036024 2440.93006147
684.972275859 2440.93006147
685.567515693 2440.93006147
686.162755528 3001.9846463
686.757995362 3001.9846463
687.353235197 3001.9846463
687.948475031 3001.9846463
688.543714866 3001.9846463
689.1389547 3001.9846463
689.734194535 3001.9846463
690.329434369 3001.9846463
690.924674204 3001.9846463
691.519914038 3001.9846463
692.115153873 3001.9846463
692.710393707 3001.9846463
693.305633541 3001.9846463
693.900873376 3001.9846463
694.49611321 3001.9846463
695.091353045 3001.9846463
695.686592879 3001.9846463
696.281832714 3001.9846463
696.877072548 3001.9846463
697.472312383 3001.9846463
698.067552217 3001.9846463
698.662792052 3001.9846463
699.258031886 3001.9846463
699.853271721 3001.9846463
700.448511555 3001.9846463
701.04375139 3001.9846463
701.638991224 3001.9846463
702.234231059 3001.9846463
702.829470893 3001.9846463
703.424710727 3001.9846463
704.019950562 3001.9846463
704.615190396 3001.9846463
705.210430231 2210.80638238
705.805670065 2210.80638238
706.4009099 2210.80638238
706.996149734 2210.80638238
707.591389569 2210.80638238
708.186629403 2210.80638238
708.781869238 2210.80638238
709.377109072 2210.80638238
709.972348907 2210.80638238
710.567588741 2210.80638238
711.162828576 2210.80638238
711.75806841 2210.80638238
712.353308245 2210.80638238
712.948548079 2210.80638238
713.543787914 2210.80638238
714.139027748 2210.80638238
714.734267582 2210.80638238
715.329507417 2210.80638238
715.924747251 2210.80638238
716.519987086 2210.80638238
717.11522692 2210.80638238
717.710466755 2210.80638238
718.305706589 2210.80638238
718.900946424 2210.80638238
719.496186258 2210.80638238
720.091426093 2210.80638238
720.686665927 2210.80638238
721.281905762 2210.80638238
721.877145596 2210.80638238
722.472385431 2210.80638238
723.067625265 2210.80638238
723.6628651 2210.80638238
724.258104934 2275.4646086
724.853344769 2275.4646086
725.448584603 2275.4646086
726.043824437 2275.4646086
726.639064272 2275.4646086
727.234304106 2275.4646086
727.829543941 2275.4646086
728.424783775 2275.4646086
729.02002361 2275.4646086
729.615263444 2275.4646086
730.210503279 2275.4646086
730.805743113 2275.4646086
731.400982948 2275.4646086
731.996222782 2275.4646086
732.591462617 2275.4646086
733.186702451 2275.4646086
733.781942286 2275.4646086
734.37718212 2275.4646086
734.972421955 2275.4646086
735.567661789 2275.4646086
736.162901623 2275.4646086
736.758141458 2275.4646086
737.353381292 2275.4646086
737.948621127 2275.4646086
738.543860961 2275.4646086
739.139100796 2275.4646086
739.73434063 2275.4646086
740.329580465 2275.4646086
740.924820299 2275.4646086
741.520060134 2275.4646086
742.115299968 2275.4646086
742.710539803 2275.4646086
743.305779637 2275.4646086
743.901019472 2275.4646086
744.496259306 2275.4646086
745.091499141 2275.4646086
745.686738975 2275.4646086
746.28197881 2275.4646086
746.877218644 2275.4646086
747.472458478 2275.4646086
748.067698313 2275.4646086
748.662938147 2275.4646086
749.258177982 2275.4646086
749.853417816 2275.4646086
750.448657651 2275.4646086
751.043897485 2275.4646086
751.63913732 2275.4646086
752.234377154 2275.4646086
752.829616989 2275.4646086
753.424856823 2275.4646086
754.020096658 2275.4646086
754.615336492 2275.4646086
755.210576327 2275.4646086
755.805816161 2275.4646086
756.401055996 2275.4646086
756.99629583 2275.4646086
757.591535665 2275.4646086
758.186775499 2275.4646086
758.782015333 2275.4646086
759.377255168 2275.4646086
759.972495002 2275.4646086
760.567734837 2275.4646086
761.162974671 2275.4646086
761.758214506 2275.4646086
762.35345434 2369.32926648
762.948694175 2369.32926648
763.543934009 2369.32926648
764.139173844 2369.32926648
764.734413678 2369.32926648
765.329653513 2369.32926648
765.924893347 2369.32926648
766.520133182 2369.32926648
767.115373016 2369.32926648
767.710612851 2369.32926648
768.305852685 2369.32926648
768.901092519 2369.32926648
769.496332354 2369.32926648
770.091572188 2369.32926648
770.686812023 2369.32926648
771.282051857 2369.32926648
771.877291692 2369.32926648
772.472531526 2369.32926648
773.067771361 2369.32926648
773.663011195 2369.32926648
774.25825103 2369.32926648
774.853490864 2369.32926648
775.448730699 2369.32926648
776.043970533 2369.32926648
776.639210368 2369.32926648
777.234450202 2369.32926648
777.829690037 2369.32926648
778.424929871 2369.32926648
779.020169706 2369.32926648
779.61540954 2369.32926648
780.210649374 2369.32926648
780.805889209 2369.32926648
781.401129043 2369.32926648
781.996368878 2369.32926648
782.591608712 2369.32926648
783.186848547 2369.32926648
783.782088381 2369.32926648
784.377328216 2369.32926648
784.97256805 2369.32926648
785.567807885 2369.32926648
786.163047719 2369.32926648
786.758287554 2369.32926648
787.353527388 2369.32926648
787.948767223 2369.32926648
788.544007057 2369.32926648
789.139246892 2369.32926648
789.734486726 2369.32926648
790.32972656 2369.32926648
790.924966395 2369.32926648
791.520206229 2369.32926648
792.115446064 2369.32926648
792.710685898 2369.32926648
793.305925733 2369.32926648
793.901165567 2369.32926648
794.496405402 2369.32926648
795.091645236 2369.32926648
795.686885071 2369.32926648
796.282124905 2369.32926648
796.87736474 2369.32926648
797.472604574 2369.32926648
798.067844409 2369.32926648
798.663084243 2369.32926648
799.258324078 2369.32926648
799.853563912 2369.32926648
800.448803747 2882.23716091
801.044043581 2882.23716091
801.639283415 2882.23716091
802.23452325 2882.23716091
802.829763084 2882.23716091
803.425002919 2882.23716091
804.020242753 2882.23716091
804.615482588 2882.23716091
805.210722422 2882.23716091
805.805962257 2882.23716091
806.401202091 2882.23716091
806.996441926 2882.23716091
807.59168176 2882.23716091
808.186921595 2882.23716091
808.782161429 2882.23716091
809.377401264 2882.23716091
809.972641098 2882.23716091
810.567880933 2882.23716091
811.163120767 2882.23716091
811.758360602 2882.23716091
812.353600436 2882.23716091
812.94884027 2882.23716091
813.544080105 2882.23716091
814.139319939 2882.23716091
814.734559774 2882.23716091
815.329799608 2882.23716091
815.925039443 2882.23716091
816.520279277 2882.23716091
817.115519112 2882.23716091
817.710758946 2882.23716091
818.305998781 2882.23716091
818.901238615 2882.23716091
819.49647845 2882.23716091
820.091718284 2882.23716091
820.686958119 2882.23716091
821.282197953 2882.23716091
821.877437788 2882.23716091
822.472677622 2882.23716091
823.067917456 2882.23716091
823.663157291 2882.23716091
824.258397125 2882.23716091
824.85363696 2882.23716091
825.448876794 2882.23716091
826.044116629 2882.23716091
826.639356463 2882.23716091
827.234596298 2882.23716091
827.829836132 2882.23716091
828.425075967 2882.23716091
829.020315801 2882.23716091
829.615555636 2882.23716091
830.21079547 2882.23716091
830.806035305 2882.23716091
831.401275139 2882.23716091
831.996514974 2882.23716091
832.591754808 2882.23716091
833.186994643 2882.23716091
833.782234477 2882.23716091
834.377474311 2882.23716091
834.972714146 2882.23716091
835.56795398 2882.23716091
836.163193815 2882.23716091
836.758433649 2882.23716091
837.353673484 2882.23716091
837.948913318 2882.23716091
838.544153153 2256.07690924
839.139392987 2256.07690924
839.734632822 2256.07690924
840.329872656 2256.07690924
840.925112491 2256.07690924
841.520352325 2256.07690924
842.11559216 2256.07690924
842.710831994 2256.07690924
843.306071829 2256.07690924
843.901311663 2256.07690924
844.496551498 2256.07690924
845.091791332 2256.07690924
845.687031166 2256.07690924
846.282271001 2256.07690924
846.877510835 2256.07690924
847.47275067 2256.07690924
848.067990504 2256.07690924
848.663230339 2256.07690924
849.258470173 2256.07690924
849.853710008 2256.07690924
850.448949842 2256.07690924
851.044189677 2256.07690924
851.639429511 2256.07690924
852.234669346 2256.07690924
852.82990918 2256.07690924
853.425149015 2256.07690924
854.020388849 2256.07690924
854.615628684 2256.07690924
855.210868518 2256.07690924
855.806108352 2256.07690924
856.401348187 2256.07690924
856.996588021 2256.07690924
857.591827856 2256.07690924
858.18706769 2256.07690924
858.782307525 2256.07690924
859.377547359 2256.07690924
859.972787194 2256.07690924
860.568027028 2256.07690924
861.163266863 2256.07690924
861.758506697 2256.07690924
862.353746532 2256.07690924
862.948986366 2256.07690924
863.544226201 2256.07690924
864.139466035 2256.07690924
864.73470587 2256.07690924
865.329945704 2256.07690924
865.925185539 2256.07690924
866.520425373 2256.07690924
867.115665207 2256.07690924
867.710905042 2256.07690924
868.306144876 2256.07690924
868.901384711 2256.07690924
869.496624545 2256.07690924
870.09186438 2256.07690924
870.687104214 2256.07690924
871.282344049 2256.07690924
871.877583883 2256.07690924
872.472823718 2256.07690924
873.068063552 2256.07690924
873.663303387 2256.07690924
874.258543221 2256.07690924
874.853783056 2256.07690924
875.44902289 2256.07690924
876.044262725 2256.07690924
876.639502559 2256.07690924
877.234742394 2256.07690924
877.829982228 2256.07690924
878.425222062 2256.07690924
879.020461897 2256.07690924
879.615701731 2256.07690924
880.210941566 2256.07690924
880.8061814 2256.07690924
881.401421235 2256.07690924
881.996661069 2256.07690924
882.591900904 2256.07690924
883.187140738 2256.07690924
883.782380573 2256.07690924
884.377620407 2256.07690924
884.972860242 2256.07690924
885.568100076 2256.07690924
886.163339911 2256.07690924
886.758579745 2256.07690924
887.35381958 2256.07690924
887.949059414 2256.07690924
888.544299248 2256.07690924
889.139539083 2256.07690924
889.734778917 2256.07690924
890.330018752 2256.07690924
890.925258586 2256.07690924
891.520498421 2256.07690924
892.115738255 2256.07690924
892.71097809 2256.07690924
893.306217924 2256.07690924
893.901457759 2256.07690924
894.496697593 2256.07690924
895.091937428 2256.07690924
895.687177262 2256.07690924
896.282417097 2256.07690924
896.877656931 2256.07690924
897.472896766 2256.07690924
898.0681366 2256.07690924
898.663376435 2256.07690924
899.258616269 2256.07690924
899.853856103 2256.07690924
900.449095938 2256.07690924
901.044335772 2256.07690924
901.639575607 2256.07690924
902.234815441 2256.07690924
902.830055276 2256.07690924
903.42529511 2256.07690924
904.020534945 2256.07690924
904.615774779 2256.07690924
905.211014614 2256.07690924
905.806254448 2256.07690924
906.401494283 2256.07690924
906.996734117 2256.07690924
907.591973952 2256.07690924
908.187213786 2256.07690924
908.782453621 2256.07690924
909.377693455 2256.07690924
909.97293329 2256.07690924
910.568173124 2256.07690924
911.163412958 2256.07690924
911.758652793 2256.07690924
912.353892627 2256.07690924
912.949132462 2256.07690924
913.544372296 2256.07690924
914.139612131 2256.07690924
914.734851965 3525.5603318
915.3300918 3525.5603318
915.925331634 3525.5603318
916.520571469 3525.5603318
917.115811303 3525.5603318
917.711051138 3525.5603318
918.306290972 3525.5603318
918.901530807 3525.5603318
919.496770641 3525.5603318
920.092010476 3525.5603318
920.68725031 3525.5603318
921.282490144 3525.5603318
921.877729979 3525.5603318
922.472969813 3525.5603318
923.068209648 3525.5603318
923.663449482 3525.5603318
924.258689317 3525.5603318
924.853929151 3525.5603318
925.449168986 3525.5603318
926.04440882 3525.5603318
926.639648655 3525.5603318
927.234888489 3525.5603318
927.830128324 3525.5603318
928.425368158 3525.5603318
929.020607993 3525.5603318
929.615847827 3525.5603318
930.211087662 3525.5603318
930.806327496 3525.5603318
931.401567331 3525.5603318
931.996807165 3525.5603318
932.592046999 3525.5603318
933.187286834 3525.5603318
933.782526668 3525.5603318
934.377766503 3525.5603318
934.973006337 3525.5603318
935.568246172 3525.5603318
936.163486006 3525.5603318
936.758725841 3525.5603318
937.353965675 3525.5603318
937.94920551 3525.5603318
938.544445344 3525.5603318
939.139685179 3525.5603318
939.734925013 3525.5603318
940.330164848 3525.5603318
940.925404682 3525.5603318
941.520644517 3525.5603318
942.115884351 3525.5603318
942.711124185 3525.5603318
943.30636402 3525.5603318
943.901603854 3525.5603318
944.496843689 3525.5603318
945.092083523 3525.5603318
945.687323358 3525.5603318
946.282563192 3525.5603318
946.877803027 3525.5603318
947.473042861 3525.5603318
948.068282696 3525.5603318
948.66352253 3525.5603318
949.258762365 3525.5603318
949.854002199 3525.5603318
950.449242034 3525.5603318
951.044481868 3525.5603318
951.639721703 3525.5603318
952.234961537 3525.5603318
952.830201372 3525.5603318
953.425441206 3525.5603318
954.02068104 3525.5603318
954.615920875 3525.5603318
955.211160709 3525.5603318
955.806400544 3525.5603318
956.401640378 3525.5603318
956.996880213 3525.5603318
957.592120047 3525.5603318
958.187359882 3525.5603318
958.782599716 3525.5603318
959.377839551 3525.5603318
959.973079385 3525.5603318
960.56831922 3525.5603318
961.163559054 3525.5603318
961.758798889 3525.5603318
962.354038723 3525.5603318
962.949278558 3525.5603318
963.544518392 3525.5603318
964.139758227 3525.5603318
964.734998061 3525.5603318
965.330237895 3525.5603318
965.92547773 3525.5603318
966.520717564 3525.5603318
967.115957399 3525.5603318
967.711197233 3525.5603318
968.306437068 3525.5603318
968.901676902 3525.5603318
969.496916737 3525.5603318
970.092156571 3525.5603318
970.687396406 3525.5603318
971.28263624 3525.5603318
971.877876075 3525.5603318
972.473115909 3525.5603318
973.068355744 3525.5603318
973.663595578 3525.5603318
974.258835413 3525.5603318
974.854075247 3525.5603318
975.449315081 3525.5603318
976.044554916 3525.5603318
976.63979475 3525.5603318
977.235034585 3525.5603318
977.830274419 3525.5603318
978.425514254 3525.5603318
979.020754088 3525.5603318
979.615993923 3525.5603318
980.211233757 3525.5603318
980.806473592 3525.5603318
981.401713426 3525.5603318
981.996953261 3525.5603318
982.592193095 3525.5603318
983.18743293 3525.5603318
983.782672764 3525.5603318
984.377912599 3525.5603318
984.973152433 3525.5603318
985.568392268 3525.5603318
986.163632102 3525.5603318
986.758871936 3525.5603318
987.354111771 3525.5603318
987.949351605 3525.5603318
988.54459144 3525.5603318
989.139831274 3525.5603318
989.735071109 3525.5603318
990.330310943 3525.5603318
990.925550778 3525.5603318
991.520790612 3525.5603318
992.116030447 3525.5603318
992.711270281 3525.5603318
993.306510116 3525.5603318
993.90174995 3525.5603318
994.496989785 3525.5603318
995.092229619 3525.5603318
995.687469454 3525.5603318
996.282709288 3525.5603318
996.877949123 3525.5603318
997.473188957 3525.5603318
998.068428791 3525.5603318
998.663668626 3525.5603318
999.25890846 3525.5603318
999.854148295 3525.5603318
1000.44938813 3525.5603318
1001.04462796 3525.5603318
1001.6398678 3525.5603318
1002.23510763 3525.5603318
1002.83034747 3525.5603318
1003.4255873 3525.5603318
1004.02082714 3525.5603318
1004.61606697 3525.5603318
1005.21130681 3525.5603318
1005.80654664 3525.5603318
1006.40178647 3525.5603318
1006.99702631 3525.5603318
1007.59226614 3525.5603318
1008.18750598 3525.5603318
1008.78274581 3525.5603318
1009.37798565 3525.5603318
1009.97322548 3525.5603318
1010.56846532 3525.5603318
1011.16370515 3525.5603318
1011.75894498 3525.5603318
1012.35418482 3525.5603318
1012.94942465 3525.5603318
1013.54466449 3525.5603318
1014.13990432 3525.5603318
1014.73514416 3525.5603318
1015.33038399 3525.5603318
1015.92562383 3525.5603318
1016.52086366 3525.5603318
1017.11610349 3525.5603318
1017.71134333 3525.5603318
1018.30658316 3525.5603318
1018.901823 3525.5603318
1019.49706283 3525.5603318
1020.09230267 3525.5603318
1020.6875425 3525.5603318
1021.28278234 3525.5603318
1021.87802217 3525.5603318
1022.473262 3525.5603318
1023.06850184 3525.5603318
1023.66374167 3525.5603318
1024.25898151 3525.5603318
1024.85422134 3525.5603318
1025.44946118 3525.5603318
1026.04470101 3525.5603318
1026.63994085 3525.5603318
1027.23518068 3525.5603318
1027.83042052 3525.5603318
1028.42566035 3525.5603318
1029.02090018 3525.5603318
1029.61614002 3525.5603318
1030.21137985 3525.5603318
1030.80661969 3525.5603318
1031.40185952 3525.5603318
1031.99709936 3525.5603318
1032.59233919 3525.5603318
1033.18757903 3525.5603318
1033.78281886 3525.5603318
1034.37805869 3525.5603318
1034.97329853 3525.5603318
1035.56853836 3525.5603318
1036.1637782 3525.5603318
1036.75901803 3525.5603318
1037.35425787 3525.5603318
1037.9494977 3525.5603318
1038.54473754 3525.5603318
1039.13997737 3525.5603318
1039.7352172 3525.5603318
1040.33045704 3525.5603318
1040.92569687 3525.5603318
1041.52093671 3525.5603318
1042.11617654 3525.5603318
1042.71141638 3525.5603318
1043.30665621 3525.5603318
1043.90189605 3525.5603318
1044.49713588 3525.5603318
1045.09237571 3525.5603318
1045.68761555 3525.5603318
1046.28285538 3525.5603318
1046.87809522 3525.5603318
1047.47333505 3525.5603318
1048.06857489 3525.5603318
1048.66381472 3525.5603318
1049.25905456 3525.5603318
1049.85429439 3525.5603318
1050.44953423 3525.5603318
1051.04477406 3525.5603318
1051.64001389 3525.5603318
1052.23525373 3525.5603318
1052.83049356 3525.5603318
1053.4257334 3525.5603318
1054.02097323 3525.5603318
1054.61621307 3525.5603318
1055.2114529 3525.5603318
1055.80669274 3525.5603318
1056.40193257 3525.5603318
1056.9971724 3525.5603318
1057.59241224 3525.5603318
1058.18765207 3525.5603318
1058.78289191 3525.5603318
1059.37813174 3525.5603318
1059.97337158 3525.5603318
1060.56861141 3525.5603318
1061.16385125 3525.5603318
1061.75909108 3525.5603318
1062.35433091 3525.5603318
1062.94957075 3525.5603318
1063.54481058 3525.5603318
1064.14005042 3525.5603318
1064.73529025 3525.5603318
1065.33053009 3525.5603318
1065.92576992 3525.5603318
1066.52100976 3525.5603318
1067.11624959 3525.5603318
1067.71148942 3525.5603318
1068.30672926 3525.5603318
1068.90196909 3525.5603318
1069.49720893 3525.5603318
1070.09244876 3525.5603318
1070.6876886 3525.5603318
1071.28292843 3525.5603318
1071.87816827 3525.5603318
1072.4734081 3525.5603318
1073.06864794 3525.5603318
1073.66388777 3525.5603318
1074.2591276 3525.5603318
1074.85436744 3525.5603318
1075.44960727 3525.5603318
1076.04484711 3525.5603318
1076.64008694 3525.5603318
1077.23532678 3525.5603318
1077.83056661 3525.5603318
1078.42580645 3525.5603318
1079.02104628 3525.5603318
1079.61628611 3525.5603318
1080.21152595 3525.5603318
1080.80676578 3525.5603318
1081.40200562 3525.5603318
1081.99724545 3525.5603318
1082.59248529 3525.5603318
1083.18772512 3525.5603318
1083.78296496 3525.5603318
1084.37820479 3525.5603318
1084.97344462 3525.5603318
1085.56868446 3525.5603318
1086.16392429 3525.5603318
1086.75916413 3525.5603318
1087.35440396 3525.5603318
1087.9496438 3525.5603318
1088.54488363 3525.5603318
1089.14012347 3525.5603318
1089.7353633 3525.5603318
1090.33060313 3525.5603318
1090.92584297 3525.5603318
1091.5210828 3525.5603318
1092.11632264 3525.5603318
1092.71156247 3525.5603318
1093.30680231 3525.5603318
1093.90204214 3525.5603318
1094.49728198 3525.5603318
1095.09252181 3525.5603318
1095.68776164 3525.5603318
1096.28300148 3525.5603318
1096.87824131 3525.5603318
1097.47348115 3525.5603318
1098.06872098 3525.5603318
1098.66396082 3525.5603318
1099.25920065 3525.5603318
1099.85444049 3525.5603318
1100.44968032 3525.5603318
1101.04492016 3525.5603318
1101.64015999 3525.5603318
1102.23539982 3525.5603318
1102.83063966 3525.5603318
1103.42587949 3525.5603318
1104.02111933 3525.5603318
1104.61635916 3525.5603318
1105.211599 3525.5603318
1105.80683883 3525.5603318
1106.40207867 3525.5603318
1106.9973185 3525.5603318
1107.59255833 3525.5603318
1108.18779817 3525.5603318
1108.783038 3525.5603318
1109.37827784 3525.5603318
1109.97351767 3525.5603318
1110.56875751 3525.5603318
1111.16399734 3525.5603318
1111.75923718 3525.5603318
1112.35447701 3525.5603318
1112.94971684 3525.5603318
1113.54495668 3525.5603318
1114.14019651 3525.5603318
1114.73543635 3525.5603318
1115.33067618 3525.5603318
1115.92591602 3525.5603318
1116.52115585 3525.5603318
1117.11639569 3525.5603318
1117.71163552 3525.5603318
1118.30687535 3525.5603318
1118.90211519 3525.5603318
1119.49735502 3525.5603318
1120.09259486 3525.5603318
1120.68783469 3525.5603318
1121.28307453 3525.5603318
1121.87831436 3525.5603318
1122.4735542 3525.5603318
1123.06879403 3525.5603318
1123.66403387 3525.5603318
1124.2592737 3525.5603318
1124.85451353 3525.5603318
1125.44975337 3525.5603318
1126.0449932 3525.5603318
1126.64023304 3525.5603318
1127.23547287 3525.5603318
1127.83071271 3525.5603318
1128.42595254 3525.5603318
1129.02119238 3525.5603318
1129.61643221 3525.5603318
1130.21167204 3525.5603318
1130.80691188 3525.5603318
1131.40215171 3525.5603318
1131.99739155 3525.5603318
1132.59263138 3525.5603318
1133.18787122 3525.5603318
1133.78311105 3525.5603318
1134.37835089 3525.5603318
1134.97359072 3525.5603318
1135.56883055 3525.5603318
1136.16407039 3525.5603318
1136.75931022 3525.5603318
1137.35455006 3525.5603318
1137.94978989 3525.5603318
1138.54502973 3525.5603318
1139.14026956 3525.5603318
1139.7355094 3525.5603318
1140.33074923 3525.5603318
1140.92598906 3525.5603318
1141.5212289 3525.5603318
1142.11646873 3525.5603318
1142.71170857 3525.5603318
1143.3069484 3525.5603318
1143.90218824 3525.5603318
1144.49742807 3525.5603318
1145.09266791 3525.5603318
1145.68790774 3525.5603318
1146.28314758 3525.5603318
1146.87838741 3525.5603318
1147.47362724 3525.5603318
1148.06886708 3525.5603318
1148.66410691 3525.5603318
1149.25934675 3525.5603318
1149.85458658 3525.5603318
1150.44982642 3525.5603318
1151.04506625 3525.5603318
1151.64030609 3525.5603318
1152.23554592 3525.5603318
1152.83078575 3525.5603318
1153.42602559 3525.5603318
1154.02126542 3525.5603318
1154.61650526 3525.5603318
1155.21174509 3525.5603318
1155.80698493 3525.5603318
1156.40222476 3525.5603318
1156.9974646 3525.5603318
1157.59270443 3525.5603318
1158.18794426 3525.5603318
1158.7831841 3525.5603318
1159.37842393 3525.5603318
1159.97366377 3525.5603318
1160.5689036 3525.5603318
1161.16414344 3525.5603318
1161.75938327 3525.5603318
1162.35462311 3525.5603318
1162.94986294 3525.5603318
1163.54510277 3525.5603318
1164.14034261 3525.5603318
1164.73558244 3525.5603318
1165.33082228 3525.5603318
1165.92606211 3525.5603318
1166.52130195 3525.5603318
1167.11654178 3525.5603318
1167.71178162 3525.5603318
1168.30702145 3525.5603318
1168.90226129 3525.5603318
1169.49750112 3525.5603318
1170.09274095 3525.5603318
1170.68798079 3525.5603318
1171.28322062 3525.5603318
1171.87846046 3525.5603318
1172.47370029 3525.5603318
1173.06894013 3525.5603318
1173.66417996 3525.5603318
1174.2594198 3525.5603318
1174.85465963 3525.5603318
1175.44989946 3525.5603318
1176.0451393 3525.5603318
1176.64037913 3525.5603318
1177.23561897 3525.5603318
1177.8308588 3525.5603318
1178.42609864 3525.5603318
1179.02133847 3525.5603318
1179.61657831 3525.5603318
1180.21181814 3525.5603318
1180.80705797 3525.5603318
1181.40229781 3525.5603318
1181.99753764 3525.5603318
1182.59277748 3525.5603318
1183.18801731 3525.5603318
1183.78325715 3525.5603318
1184.37849698 3525.5603318
1184.97373682 3525.5603318
1185.56897665 3525.5603318
1186.16421648 3525.5603318
1186.75945632 3525.5603318
1187.35469615 3525.5603318
1187.94993599 3525.5603318
1188.54517582 3525.5603318
1189.14041566 3525.5603318
1189.73565549 3525.5603318
1190.33089533 3525.5603318
1190.92613516 3525.5603318
1191.521375 3525.5603318
1192.11661483 3525.5603318
1192.71185466 3525.5603318
1193.3070945 3525.5603318
1193.90233433 3525.5603318
1194.49757417 3525.5603318
1195.092814 3525.5603318
1195.68805384 3525.5603318
1196.28329367 3525.5603318
1196.87853351 3525.5603318
1197.47377334 3525.5603318
1198.06901317 3525.5603318
1198.66425301 3525.5603318
1199.25949284 3525.5603318
1199.85473268 3525.5603318
1200.44997251 3525.5603318
1201.04521235 3525.5603318
1201.64045218 3525.5603318
1202.23569202 3525.5603318
1202.83093185 3525.5603318
1203.42617168 3525.5603318
1204.02141152 3525.5603318
1204.61665135 3525.5603318
1205.21189119 3525.5603318
1205.80713102 3525.5603318
1206.40237086 3525.5603318
1206.99761069 3525.5603318
1207.59285053 3525.5603318
1208.18809036 3525.5603318
1208.78333019 3525.5603318
1209.37857003 3525.5603318
1209.97380986 3525.5603318
1210.5690497 3525.5603318
1211.16428953 3525.5603318
1211.75952937 3525.5603318
1212.3547692 3525.5603318
1212.95000904 3525.5603318
1213.54524887 3525.5603318
1214.14048871 3525.5603318
1214.73572854 3525.5603318
1215.33096837 3525.5603318
1215.92620821 3525.5603318
1216.52144804 3525.5603318
1217.11668788 3525.5603318
1217.71192771 3525.5603318
1218.30716755 3525.5603318
1218.90240738 3525.5603318
