0.446466215283 1450.09837797
1.04170604976 1450.09837797
1.63694588423 1450.09837797
2.2321857187 1450.09837797
2.82742555317 1450.09837797
3.42266538765 1450.09837797
4.01790522212 1450.09837797
4.61314505659 1450.09837797
5.20838489106 1450.09837797
5.80362472554 1450.09837797
6.39886456001 1450.09837797
6.99410439448 1450.09837797
7.58934422895 1450.09837797
8.18458406343 1450.09837797
8.7798238979 1450.09837797
9.37506373237 1450.09837797
9.97030356685 1450.09837797
10.5655434013 1450.09837797
11.1607832358 1450.09837797
11.7560230703 1450.09837797
12.3512629047 1450.09837797
12.9465027392 1450.09837797
13.5417425737 1450.09837797
14.1369824082 1450.09837797
14.7322222426 1450.09837797
15.3274620771 1450.09837797
15.9227019116 1450.09837797
16.517941746 1450.09837797
17.1131815805 1450.09837797
17.708421415 1450.09837797
18.3036612495 1450.09837797
18.8989010839 1450.09837797
19.4941409184 1450.09837797
20.0893807529 1450.09837797
20.6846205874 1450.09837797
21.2798604218 1450.09837797
21.8751002563 1450.09837797
22.4703400908 1450.09837797
23.0655799252 1450.09837797
23.6608197597 1450.09837797
24.2560595942 1450.09837797
24.8512994287 1450.09837797
25.4465392631 1450.09837797
26.0417790976 1450.09837797
26.6370189321 1450.09837797
27.2322587666 1450.09837797
27.827498601 1450.09837797
28.4227384355 1450.09837797
29.01797827 1450.09837797
29.6132181044 1450.09837797
30.2084579389 1450.09837797
30.8036977734 1450.09837797
31.3989376079 1450.09837797
31.9941774423 1450.09837797
32.5894172768 1450.09837797
33.1846571113 1450.09837797
33.7798969458 1450.09837797
34.3751367802 1450.09837797
34.9703766147 1450.09837797
35.5656164492 1450.09837797
36.1608562836 1450.09837797
36.7560961181 1450.09837797
37.3513359526 1450.09837797
37.9465757871 1450.09837797
38.5418156215 1450.09837797
39.137055456 1450.09837797
39.7322952905 1450.09837797
40.327535125 1450.09837797
40.9227749594 1450.09837797
41.5180147939 1450.09837797
42.1132546284 1450.09837797
42.7084944628 1450.09837797
43.3037342973 1450.09837797
43.8989741318 1450.09837797
44.4942139663 1450.09837797
45.0894538007 1450.09837797
45.6846936352 1450.09837797
46.2799334697 1450.09837797
46.8751733041 1450.09837797
47.4704131386 1450.09837797
48.0656529731 1450.09837797
48.6608928076 1450.09837797
49.256132642 1450.09837797
49.8513724765 1450.09837797
50.446612311 1450.09837797
51.0418521455 1450.09837797
51.6370919799 1450.09837797
52.2323318144 1450.09837797
52.8275716489 1450.09837797
53.4228114833 1450.09837797
54.0180513178 1450.09837797
54.6132911523 1450.09837797
55.2085309868 1450.09837797
55.8037708212 1450.09837797
56.3990106557 1450.09837797
56.9942504902 1450.09837797
57.5894903247 1450.09837797
58.1847301591 1450.09837797
58.7799699936 1450.09837797
59.3752098281 1450.09837797
59.9704496625 1450.09837797
60.565689497 1450.09837797
61.1609293315 1450.09837797
61.756169166 1450.09837797
62.3514090004 1450.09837797
62.9466488349 1450.09837797
63.5418886694 1450.09837797
64.1371285039 1450.09837797
64.7323683383 1450.09837797
65.3276081728 1450.09837797
65.9228480073 1450.09837797
66.5180878417 1450.09837797
67.1133276762 1450.09837797
67.7085675107 1450.09837797
68.3038073452 1450.09837797
68.8990471796 1450.09837797
69.4942870141 1450.09837797
70.0895268486 1450.09837797
70.6847666831 1450.09837797
71.2800065175 1450.09837797
71.875246352 1450.09837797
72.4704861865 1450.09837797
73.0657260209 1450.09837797
73.6609658554 1450.09837797
74.2562056899 1450.09837797
74.8514455244 1450.09837797
75.4466853588 1450.09837797
76.0419251933 1450.09837797
76.6371650278 1450.09837797
77.2324048623 1450.09837797
77.8276446967 1450.09837797
78.4228845312 1450.09837797
79.0181243657 1450.09837797
79.6133642001 1450.09837797
80.2086040346 1450.09837797
80.8038438691 1450.09837797
81.3990837036 1450.09837797
81.994323538 1450.09837797
82.5895633725 1450.09837797
83.184803207 1450.09837797
83.7800430415 1450.09837797
84.3752828759 1450.09837797
84.9705227104 1450.09837797
85.5657625449 1450.09837797
86.1610023793 1450.09837797
86.7562422138 1450.09837797
87.3514820483 1450.09837797
87.9467218828 1450.09837797
88.5419617172 1450.09837797
89.1372015517 1450.09837797
89.7324413862 1450.09837797
90.3276812207 1450.09837797
90.9229210551 1450.09837797
91.5181608896 1450.09837797
92.1134007241 1450.09837797
92.7086405585 1450.09837797
93.303880393 1450.09837797
93.8991202275 1450.09837797
94.494360062 1450.09837797
95.0895998964 1450.09837797
95.6848397309 1450.09837797
96.2800795654 1450.09837797
96.8753193999 1450.09837797
97.4705592343 1450.09837797
98.0657990688 1450.09837797
98.6610389033 1450.09837797
99.2562787377 1450.09837797
99.8515185722 1450.09837797
100.446758407 1450.09837797
101.041998241 1450.09837797
101.637238076 1450.09837797
102.23247791 1450.09837797
102.827717745 1450.09837797
103.422957579 1450.09837797
104.018197414 1450.09837797
104.613437248 1450.09837797
105.208677082 1450.09837797
105.803916917 1450.09837797
106.399156751 1450.09837797
106.994396586 1450.09837797
107.58963642 1450.09837797
108.184876255 1450.09837797
108.780116089 1450.09837797
109.375355924 1450.09837797
109.970595758 1450.09837797
110.565835593 1450.09837797
111.161075427 1450.09837797
111.756315262 1450.09837797
112.351555096 1450.09837797
112.946794931 1450.09837797
113.542034765 1450.09837797
114.1372746 1450.09837797
114.732514434 1450.09837797
115.327754269 1450.09837797
115.922994103 1450.09837797
116.518233937 1450.09837797
117.113473772 1450.09837797
117.708713606 1450.09837797
118.303953441 1450.09837797
118.899193275 1450.09837797
119.49443311 1450.09837797
120.089672944 1450.09837797
120.684912779 1450.09837797
121.280152613 1450.09837797
121.875392448 1450.09837797
122.470632282 1450.09837797
123.065872117 1450.09837797
123.661111951 1450.09837797
124.256351786 1450.09837797
124.85159162 1450.09837797
125.446831455 1450.09837797
126.042071289 1450.09837797
126.637311123 1450.09837797
127.232550958 1450.09837797
127.827790792 1450.09837797
128.423030627 1450.09837797
129.018270461 1450.09837797
129.613510296 1450.09837797
130.20875013 1450.09837797
130.803989965 1450.09837797
131.399229799 1450.09837797
131.994469634 1450.09837797
132.589709468 1450.09837797
133.184949303 1450.09837797
133.780189137 1450.09837797
134.375428972 1450.09837797
134.970668806 1450.09837797
135.565908641 1450.09837797
136.161148475 1450.09837797
136.75638831 1450.09837797
137.351628144 1450.09837797
137.946867978 1450.09837797
138.542107813 1450.09837797
139.137347647 1450.09837797
139.732587482 1450.09837797
140.327827316 1450.09837797
140.923067151 1450.09837797
141.518306985 1450.09837797
142.11354682 1450.09837797
142.708786654 1450.09837797
143.304026489 1450.09837797
143.899266323 1450.09837797
144.494506158 1450.09837797
145.089745992 1450.09837797
145.684985827 1450.09837797
146.280225661 1450.09837797
146.875465496 1450.09837797
147.47070533 1450.09837797
148.065945165 1450.09837797
148.661184999 1450.09837797
149.256424833 1450.09837797
149.851664668 1450.09837797
150.446904502 1450.09837797
151.042144337 1450.09837797
151.637384171 1450.09837797
152.232624006 1450.09837797
152.82786384 1450.09837797
153.423103675 1450.09837797
154.018343509 1450.09837797
154.613583344 1450.09837797
155.208823178 1450.09837797
155.804063013 1450.09837797
156.399302847 1450.09837797
156.994542682 1450.09837797
157.589782516 1450.09837797
158.185022351 1450.09837797
158.780262185 1450.09837797
159.375502019 1450.09837797
159.970741854 1450.09837797
160.565981688 1450.09837797
161.161221523 1450.09837797
161.756461357 1450.09837797
162.351701192 1450.09837797
162.946941026 1450.09837797
163.542180861 1450.09837797
164.137420695 1450.09837797
164.73266053 1450.09837797
165.327900364 1450.09837797
165.923140199 1450.09837797
166.518380033 1450.09837797
167.113619868 1450.09837797
167.708859702 1450.09837797
168.304099537 1450.09837797
168.899339371 1450.09837797
169.494579206 1450.09837797
170.08981904 1450.09837797
170.685058874 1450.09837797
171.280298709 1450.09837797
171.875538543 1450.09837797
172.470778378 1450.09837797
173.066018212 1450.09837797
173.661258047 1450.09837797
174.256497881 1450.09837797
174.851737716 1450.09837797
175.44697755 1450.09837797
176.042217385 1450.09837797
176.637457219 1450.09837797
177.232697054 1450.09837797
177.827936888 1450.09837797
178.423176723 1450.09837797
179.018416557 1450.09837797
179.613656392 1450.09837797
180.208896226 1450.09837797
180.80413606 1450.09837797
181.399375895 1450.09837797
181.994615729 1450.09837797
182.589855564 1450.09837797
183.185095398 1450.09837797
183.780335233 1450.09837797
184.375575067 1450.09837797
184.970814902 1450.09837797
185.566054736 1450.09837797
186.161294571 1450.09837797
186.756534405 1450.09837797
187.35177424 1450.09837797
187.947014074 1450.09837797
188.542253909 1450.09837797
189.137493743 1450.09837797
189.732733578 1450.09837797
190.327973412 1450.09837797
190.923213247 1450.09837797
191.518453081 1450.09837797
192.113692915 1450.09837797
192.70893275 1450.09837797
193.304172584 1450.09837797
193.899412419 1450.09837797
194.494652253 1450.09837797
195.089892088 1450.09837797
195.685131922 1450.09837797
196.280371757 1450.09837797
196.875611591 1450.09837797
197.470851426 1450.09837797
198.06609126 1450.09837797
198.661331095 1450.09837797
199.256570929 1450.09837797
199.851810764 1450.09837797
200.447050598 1450.09837797
201.042290433 1450.09837797
201.637530267 1450.09837797
202.232770102 1450.09837797
202.828009936 1450.09837797
203.42324977 1450.09837797
204.018489605 1450.09837797
204.613729439 1450.09837797
205.208969274 1450.09837797
205.804209108 1450.09837797
206.399448943 1450.09837797
206.994688777 1450.09837797
207.589928612 1450.09837797
208.185168446 1450.09837797
208.780408281 1450.09837797
209.375648115 1450.09837797
209.97088795 1450.09837797
210.566127784 1450.09837797
211.161367619 1450.09837797
211.756607453 1450.09837797
212.351847288 1450.09837797
212.947087122 1450.09837797
213.542326956 1450.09837797
214.137566791 1450.09837797
214.732806625 1450.09837797
215.32804646 1450.09837797
215.923286294 1450.09837797
216.518526129 1450.09837797
217.113765963 1450.09837797
217.709005798 1450.09837797
218.304245632 1450.09837797
218.899485467 1450.09837797
219.494725301 1450.09837797
220.089965136 1450.09837797
220.68520497 1450.09837797
221.280444805 1450.09837797
221.875684639 1450.09837797
222.470924474 1450.09837797
223.066164308 1450.09837797
223.661404143 1450.09837797
224.256643977 1450.09837797
224.851883811 1450.09837797
225.447123646 1450.09837797
226.04236348 1450.09837797
226.637603315 1450.09837797
227.232843149 1450.09837797
227.828082984 1450.09837797
228.423322818 1450.09837797
229.018562653 1450.09837797
229.613802487 1450.09837797
230.209042322 1450.09837797
230.804282156 1450.09837797
231.399521991 1450.09837797
231.994761825 1450.09837797
232.59000166 1450.09837797
233.185241494 1450.09837797
233.780481329 1450.09837797
234.375721163 1450.09837797
234.970960998 1450.09837797
235.566200832 1450.09837797
236.161440666 1450.09837797
236.756680501 1450.09837797
237.351920335 1450.09837797
237.94716017 1450.09837797
238.542400004 1450.09837797
239.137639839 1450.09837797
239.732879673 1450.09837797
240.328119508 1450.09837797
240.923359342 1450.09837797
241.518599177 1450.09837797
242.113839011 1450.09837797
242.709078846 1450.09837797
243.30431868 1450.09837797
243.899558515 1450.09837797
244.494798349 1450.09837797
245.090038184 1450.09837797
245.685278018 1450.09837797
246.280517852 1450.09837797
246.875757687 1450.09837797
247.470997521 1450.09837797
248.066237356 1450.09837797
248.66147719 1450.09837797
249.256717025 1450.09837797
249.851956859 1450.09837797
250.447196694 1450.09837797
251.042436528 1450.09837797
251.637676363 1450.09837797
252.232916197 1450.09837797
252.828156032 1450.09837797
253.423395866 1450.09837797
254.018635701 1450.09837797
254.613875535 1450.09837797
255.20911537 1450.09837797
255.804355204 1450.09837797
256.399595039 1450.09837797
256.994834873 1450.09837797
257.590074707 1450.09837797
258.185314542 1450.09837797
258.780554376 1450.09837797
259.375794211 1450.09837797
259.971034045 1450.09837797
260.56627388 1450.09837797
261.161513714 1450.09837797
261.756753549 1450.09837797
262.351993383 1450.09837797
262.947233218 1450.09837797
263.542473052 1450.09837797
264.137712887 1450.09837797
264.732952721 1450.09837797
265.328192556 1450.09837797
265.92343239 1450.09837797
266.518672225 1450.09837797
267.113912059 1450.09837797
267.709151894 1450.09837797
268.304391728 1450.09837797
268.899631562 1450.09837797
269.494871397 1450.09837797
270.090111231 1450.09837797
270.685351066 1450.09837797
271.2805909 1450.09837797
271.875830735 1450.09837797
272.471070569 1450.09837797
273.066310404 1450.09837797
273.661550238 1450.09837797
274.256790073 1450.09837797
274.852029907 1450.09837797
275.447269742 1450.09837797
276.042509576 1450.09837797
276.637749411 1450.09837797
277.232989245 1450.09837797
277.82822908 1450.09837797
278.423468914 1450.09837797
279.018708748 1450.09837797
279.613948583 1450.09837797
280.209188417 1450.09837797
280.804428252 1450.09837797
281.399668086 1450.09837797
281.994907921 1450.09837797
282.590147755 1450.09837797
283.18538759 1450.09837797
283.780627424 1450.09837797
284.375867259 1450.09837797
284.971107093 1450.09837797
285.566346928 1450.09837797
286.161586762 1450.09837797
286.756826597 1450.09837797
287.352066431 1450.09837797
287.947306266 1450.09837797
288.5425461 1450.09837797
289.137785935 1450.09837797
289.733025769 1450.09837797
290.328265603 1450.09837797
290.923505438 1450.09837797
291.518745272 1450.09837797
292.113985107 1450.09837797
292.709224941 1450.09837797
293.304464776 1450.09837797
293.89970461 1450.09837797
294.494944445 1450.09837797
295.090184279 1450.09837797
295.685424114 1450.09837797
296.280663948 1450.09837797
296.875903783 1450.09837797
297.471143617 1450.09837797
298.066383452 1450.09837797
298.661623286 1450.09837797
299.256863121 1450.09837797
299.852102955 1450.09837797
300.44734279 1450.09837797
301.042582624 1450.09837797
301.637822458 1450.09837797
302.233062293 1450.09837797
302.828302127 1450.09837797
303.423541962 1450.09837797
304.018781796 1450.09837797
304.614021631 1450.09837797
305.209261465 2002.12433411
305.8045013 2002.12433411
306.399741134 2002.12433411
306.994980969 2002.12433411
307.590220803 2002.12433411
308.185460638 2002.12433411
308.780700472 2002.12433411
309.375940307 2002.12433411
309.971180141 2002.12433411
310.566419976 2002.12433411
311.16165981 2002.12433411
311.756899644 2002.12433411
312.352139479 2002.12433411
312.947379313 2002.12433411
313.542619148 2002.12433411
314.137858982 2002.12433411
314.733098817 2002.12433411
315.328338651 2002.12433411
315.923578486 2002.12433411
316.51881832 2002.12433411
317.114058155 2002.12433411
317.709297989 2002.12433411
318.304537824 2002.12433411
318.899777658 2002.12433411
319.495017493 2002.12433411
320.090257327 2002.12433411
320.685497162 2002.12433411
321.280736996 2002.12433411
321.875976831 2002.12433411
322.471216665 2002.12433411
323.066456499 2002.12433411
323.661696334 2002.12433411
324.256936168 2002.12433411
324.852176003 2002.12433411
325.447415837 2002.12433411
326.042655672 2002.12433411
326.637895506 2002.12433411
327.233135341 2002.12433411
327.828375175 2002.12433411
328.42361501 2002.12433411
329.018854844 2002.12433411
329.614094679 2002.12433411
330.209334513 2002.12433411
330.804574348 2002.12433411
331.399814182 2002.12433411
331.995054017 2002.12433411
332.590293851 2002.12433411
333.185533685 2002.12433411
333.78077352 2002.12433411
334.376013354 2002.12433411
334.971253189 2002.12433411
335.566493023 2002.12433411
336.161732858 2002.12433411
336.756972692 2002.12433411
337.352212527 2002.12433411
337.947452361 2002.12433411
338.542692196 2002.12433411
339.13793203 2002.12433411
339.733171865 2002.12433411
340.328411699 2002.12433411
340.923651534 2002.12433411
341.518891368 2002.12433411
342.114131203 2002.12433411
342.709371037 2002.12433411
343.304610872 2002.12433411
343.899850706 2002.12433411
344.49509054 2002.12433411
345.090330375 2002.12433411
345.685570209 2002.12433411
346.280810044 2002.12433411
346.876049878 2002.12433411
347.471289713 2002.12433411
348.066529547 2002.12433411
348.661769382 2002.12433411
349.257009216 2002.12433411
349.852249051 2002.12433411
350.447488885 2002.12433411
351.04272872 2002.12433411
351.637968554 2002.12433411
352.233208389 2002.12433411
352.828448223 2002.12433411
353.423688058 2002.12433411
354.018927892 2002.12433411
354.614167727 2002.12433411
355.209407561 2002.12433411
355.804647395 2002.12433411
356.39988723 2002.12433411
356.995127064 2002.12433411
357.590366899 2002.12433411
358.185606733 2002.12433411
358.780846568 2002.12433411
359.376086402 2002.12433411
359.971326237 2002.12433411
360.566566071 2002.12433411
361.161805906 2002.12433411
361.75704574 2002.12433411
362.352285575 2002.12433411
362.947525409 2002.12433411
363.542765244 2002.12433411
364.138005078 2002.12433411
364.733244913 2002.12433411
365.328484747 2002.12433411
365.923724581 2002.12433411
366.518964416 2002.12433411
367.11420425 2002.12433411
367.709444085 2002.12433411
368.304683919 2002.12433411
368.899923754 2002.12433411
369.495163588 2002.12433411
370.090403423 2002.12433411
370.685643257 2002.12433411
371.280883092 2002.12433411
371.876122926 2002.12433411
372.471362761 2002.12433411
373.066602595 2002.12433411
373.66184243 2002.12433411
374.257082264 2002.12433411
374.852322099 2002.12433411
375.447561933 2002.12433411
376.042801768 2002.12433411
376.638041602 2002.12433411
377.233281436 2002.12433411
377.828521271 2002.12433411
378.423761105 2002.12433411
379.01900094 2002.12433411
379.614240774 2002.12433411
380.209480609 2002.12433411
380.804720443 2002.12433411
381.399960278 2002.12433411
381.995200112 2002.12433411
382.590439947 2002.12433411
383.185679781 2002.12433411
383.780919616 2002.12433411
384.37615945 2002.12433411
384.971399285 2002.12433411
385.566639119 2002.12433411
386.161878954 2002.12433411
386.757118788 2002.12433411
387.352358623 2002.12433411
387.947598457 2002.12433411
388.542838291 2002.12433411
389.138078126 2002.12433411
389.73331796 2002.12433411
390.328557795 2002.12433411
390.923797629 2002.12433411
391.519037464 2002.12433411
392.114277298 2002.12433411
392.709517133 2002.12433411
393.304756967 2002.12433411
393.899996802 2002.12433411
394.495236636 2002.12433411
395.090476471 2002.12433411
395.685716305 2002.12433411
396.28095614 2002.12433411
396.876195974 2002.12433411
397.471435809 2002.12433411
398.066675643 2002.12433411
398.661915477 2002.12433411
399.257155312 2002.12433411
399.852395146 2002.12433411
400.447634981 2002.12433411
401.042874815 2002.12433411
401.63811465 2002.12433411
402.233354484 2002.12433411
402.828594319 2002.12433411
403.423834153 2002.12433411
404.019073988 2002.12433411
404.614313822 2002.12433411
405.209553657 2002.12433411
405.804793491 2002.12433411
406.400033326 2002.12433411
406.99527316 2002.12433411
407.590512995 2002.12433411
408.185752829 2002.12433411
408.780992664 2002.12433411
409.376232498 2002.12433411
409.971472332 2002.12433411
410.566712167 2002.12433411
411.161952001 2002.12433411
411.757191836 2002.12433411
412.35243167 2002.12433411
412.947671505 2002.12433411
413.542911339 2002.12433411
414.138151174 2002.12433411
414.733391008 2002.12433411
415.328630843 2002.12433411
415.923870677 2002.12433411
416.519110512 2002.12433411
417.114350346 2002.12433411
417.709590181 2002.12433411
418.304830015 2002.12433411
418.90006985 2002.12433411
419.495309684 2002.12433411
420.090549519 2002.12433411
420.685789353 2002.12433411
421.281029187 2002.12433411
421.876269022 2002.12433411
422.471508856 2002.12433411
423.066748691 2002.12433411
423.661988525 2002.12433411
424.25722836 2002.12433411
424.852468194 2002.12433411
425.447708029 2002.12433411
426.042947863 2002.12433411
426.638187698 2002.12433411
427.233427532 2002.12433411
427.828667367 2002.12433411
428.423907201 2002.12433411
429.019147036 2002.12433411
429.61438687 2002.12433411
430.209626705 2002.12433411
430.804866539 2002.12433411
431.400106373 2002.12433411
431.995346208 2002.12433411
432.590586042 2002.12433411
433.185825877 2002.12433411
433.781065711 2002.12433411
434.376305546 2002.12433411
434.97154538 2002.12433411
435.566785215 2002.12433411
436.162025049 2002.12433411
436.757264884 2002.12433411
437.352504718 2002.12433411
437.947744553 2002.12433411
438.542984387 2002.12433411
439.138224222 2002.12433411
439.733464056 2002.12433411
440.328703891 2002.12433411
440.923943725 2002.12433411
441.51918356 2002.12433411
442.114423394 2002.12433411
442.709663228 2002.12433411
443.304903063 2002.12433411
443.900142897 2002.12433411
444.495382732 2002.12433411
445.090622566 2002.12433411
445.685862401 2002.12433411
446.281102235 2002.12433411
446.87634207 2002.12433411
447.471581904 2002.12433411
448.066821739 2002.12433411
448.662061573 2002.12433411
449.257301408 2002.12433411
449.852541242 2002.12433411
450.447781077 2002.12433411
451.043020911 2002.12433411
451.638260746 2002.12433411
452.23350058 2002.12433411
452.828740415 2002.12433411
453.423980249 2002.12433411
454.019220083 2002.12433411
454.614459918 2002.12433411
455.209699752 2002.12433411
455.804939587 2002.12433411
456.400179421 2002.12433411
456.995419256 2002.12433411
457.59065909 1802.97632215
458.185898925 1802.97632215
458.781138759 1802.97632215
459.376378594 1802.97632215
459.971618428 1802.97632215
460.566858263 1802.97632215
461.162098097 1802.97632215
461.757337932 1802.97632215
462.352577766 1802.97632215
462.947817601 1802.97632215
463.543057435 1802.97632215
464.138297269 1802.97632215
464.733537104 1802.97632215
465.328776938 1802.97632215
465.924016773 1802.97632215
466.519256607 1802.97632215
467.114496442 1802.97632215
467.709736276 1802.97632215
468.304976111 1802.97632215
468.900215945 1802.97632215
469.49545578 1802.97632215
470.090695614 1802.97632215
470.685935449 1802.97632215
471.281175283 1802.97632215
471.876415118 1802.97632215
472.471654952 1802.97632215
473.066894787 1802.97632215
473.662134621 1802.97632215
474.257374456 1802.97632215
474.85261429 1802.97632215
475.447854124 1802.97632215
476.043093959 1802.97632215
476.638333793 1802.97632215
477.233573628 1802.97632215
477.828813462 1802.97632215
478.424053297 1802.97632215
479.019293131 1802.97632215
479.614532966 1802.97632215
480.2097728 1802.97632215
480.805012635 1802.97632215
481.400252469 1802.97632215
481.995492304 1802.97632215
482.590732138 1802.97632215
483.185971973 1802.97632215
483.781211807 1802.97632215
484.376451642 1802.97632215
484.971691476 1802.97632215
485.56693131 1802.97632215
486.162171145 1802.97632215
486.757410979 1802.97632215
487.352650814 1802.97632215
487.947890648 1802.97632215
488.543130483 1802.97632215
489.138370317 1802.97632215
489.733610152 1802.97632215
490.328849986 1802.97632215
490.924089821 1802.97632215
491.519329655 1802.97632215
492.11456949 1802.97632215
492.709809324 1802.97632215
493.305049159 1802.97632215
493.900288993 1802.97632215
494.495528828 1802.97632215
495.090768662 1802.97632215
495.686008497 1802.97632215
496.281248331 1802.97632215
496.876488165 1802.97632215
497.471728 1802.97632215
498.066967834 1802.97632215
498.662207669 1802.97632215
499.257447503 1802.97632215
499.852687338 1802.97632215
500.447927172 1802.97632215
501.043167007 1802.97632215
501.638406841 1802.97632215
502.233646676 1802.97632215
502.82888651 1802.97632215
503.424126345 1802.97632215
504.019366179 1802.97632215
504.614606014 1802.97632215
505.209845848 1802.97632215
505.805085683 1802.97632215
506.400325517 1802.97632215
506.995565352 1802.97632215
507.590805186 1802.97632215
508.18604502 1802.97632215
508.781284855 1802.97632215
509.376524689 1802.97632215
509.971764524 1802.97632215
510.567004358 1802.97632215
511.162244193 1802.97632215
511.757484027 1802.97632215
512.352723862 1802.97632215
512.947963696 1802.97632215
513.543203531 1802.97632215
514.138443365 1802.97632215
514.7336832 1802.97632215
515.328923034 1802.97632215
515.924162869 1802.97632215
516.519402703 1802.97632215
517.114642538 1802.97632215
517.709882372 1802.97632215
518.305122206 1802.97632215
518.900362041 1802.97632215
519.495601875 1802.97632215
520.09084171 1802.97632215
520.686081544 1802.97632215
521.281321379 1802.97632215
521.876561213 1802.97632215
522.471801048 1802.97632215
523.067040882 1802.97632215
523.662280717 1802.97632215
524.257520551 1802.97632215
524.852760386 1802.97632215
525.44800022 1802.97632215
526.043240055 1802.97632215
526.638479889 1802.97632215
527.233719724 1802.97632215
527.828959558 1802.97632215
528.424199393 1802.97632215
529.019439227 1802.97632215
529.614679061 1802.97632215
530.209918896 1802.97632215
530.80515873 1802.97632215
531.400398565 1802.97632215
531.995638399 1802.97632215
532.590878234 1802.97632215
533.186118068 1802.97632215
533.781357903 2201.27234607
534.376597737 2201.27234607
534.971837572 2201.27234607
535.567077406 2201.27234607
536.162317241 2201.27234607
536.757557075 2201.27234607
537.35279691 2201.27234607
537.948036744 2201.27234607
538.543276579 2201.27234607
539.138516413 2201.27234607
539.733756248 2201.27234607
540.328996082 2201.27234607
540.924235916 2201.27234607
541.519475751 2201.27234607
542.114715585 2201.27234607
542.70995542 2201.27234607
543.305195254 2201.27234607
543.900435089 2201.27234607
544.495674923 2201.27234607
545.090914758 2201.27234607
545.686154592 2201.27234607
546.281394427 2201.27234607
546.876634261 2201.27234607
547.471874096 2201.27234607
548.06711393 2201.27234607
548.662353765 2201.27234607
549.257593599 2201.27234607
549.852833434 2201.27234607
550.448073268 2201.27234607
551.043313102 2201.27234607
551.638552937 2201.27234607
552.233792771 2201.27234607
552.829032606 2201.27234607
553.42427244 2201.27234607
554.019512275 2201.27234607
554.614752109 2201.27234607
555.209991944 2201.27234607
555.805231778 2201.27234607
556.400471613 2201.27234607
556.995711447 2201.27234607
557.590951282 2201.27234607
558.186191116 2201.27234607
558.781430951 2201.27234607
559.376670785 2201.27234607
559.97191062 2201.27234607
560.567150454 2201.27234607
561.162390289 2201.27234607
561.757630123 2201.27234607
562.352869957 2201.27234607
562.948109792 2201.27234607
563.543349626 2201.27234607
564.138589461 2201.27234607
564.733829295 2201.27234607
565.32906913 2201.27234607
565.924308964 2201.27234607
566.519548799 2201.27234607
567.114788633 2201.27234607
567.710028468 2201.27234607
568.305268302 2201.27234607
568.900508137 2201.27234607
569.495747971 2201.27234607
570.090987806 2201.27234607
570.68622764 2201.27234607
571.281467475 2201.27234607
571.876707309 2201.27234607
572.471947144 2201.27234607
573.067186978 2201.27234607
573.662426812 2201.27234607
574.257666647 2201.27234607
574.852906481 2201.27234607
575.448146316 2201.27234607
576.04338615 2201.27234607
576.638625985 2201.27234607
577.233865819 2201.27234607
577.829105654 2201.27234607
578.424345488 2201.27234607
579.019585323 2201.27234607
579.614825157 2201.27234607
580.210064992 2201.27234607
580.805304826 2201.27234607
581.400544661 2201.27234607
581.995784495 2201.27234607
582.59102433 2201.27234607
583.186264164 2201.27234607
583.781503998 2201.27234607
584.376743833 2201.27234607
584.971983667 2201.27234607
585.567223502 2201.27234607
586.162463336 2201.27234607
586.757703171 2201.27234607
587.352943005 2201.27234607
587.94818284 2201.27234607
588.543422674 2201.27234607
589.138662509 2201.27234607
589.733902343 2201.27234607
590.329142178 2201.27234607
590.924382012 2201.27234607
591.519621847 2201.27234607
592.114861681 2201.27234607
592.710101516 2201.27234607
593.30534135 2201.27234607
593.900581185 2201.27234607
594.495821019 2201.27234607
595.091060853 2201.27234607
595.686300688 2201.27234607
596.281540522 2201.27234607
596.876780357 2201.27234607
597.472020191 2201.27234607
598.067260026 2201.27234607
598.66249986 2201.27234607
599.257739695 2201.27234607
599.852979529 2201.27234607
600.448219364 2201.27234607
601.043459198 2201.27234607
601.638699033 2201.27234607
602.233938867 2201.27234607
602.829178702 2201.27234607
603.424418536 2201.27234607
604.019658371 2201.27234607
604.614898205 2201.27234607
605.21013804 2201.27234607
605.805377874 2201.27234607
606.400617708 2201.27234607
606.995857543 2201.27234607
607.591097377 2201.27234607
608.186337212 2201.27234607
608.781577046 2201.27234607
609.376816881 2201.27234607
609.972056715 2940.19245915
610.56729655 2940.19245915
611.162536384 2940.19245915
611.757776219 2940.19245915
612.353016053 2940.19245915
612.948255888 2940.19245915
613.543495722 2940.19245915
614.138735557 2940.19245915
614.733975391 2940.19245915
615.329215226 2940.19245915
615.92445506 2940.19245915
616.519694894 2940.19245915
617.114934729 2940.19245915
617.710174563 2940.19245915
618.305414398 2940.19245915
618.900654232 2940.19245915
619.495894067 2940.19245915
620.091133901 2940.19245915
620.686373736 2940.19245915
621.28161357 2940.19245915
621.876853405 2940.19245915
622.472093239 2940.19245915
623.067333074 2940.19245915
623.662572908 2940.19245915
624.257812743 2940.19245915
624.853052577 2940.19245915
625.448292412 2940.19245915
626.043532246 2940.19245915
626.638772081 2940.19245915
627.234011915 2940.19245915
627.829251749 2940.19245915
628.424491584 2940.19245915
629.019731418 2940.19245915
629.614971253 2940.19245915
630.210211087 2940.19245915
630.805450922 2940.19245915
631.400690756 2940.19245915
631.995930591 2940.19245915
632.591170425 2940.19245915
633.18641026 2940.19245915
633.781650094 2940.19245915
634.376889929 2940.19245915
634.972129763 2940.19245915
635.567369598 2940.19245915
636.162609432 2940.19245915
636.757849267 2940.19245915
637.353089101 2940.19245915
637.948328935 2940.19245915
638.54356877 1883.48111282
639.138808604 1883.48111282
639.734048439 1883.48111282
640.329288273 1883.48111282
640.924528108 1883.48111282
641.519767942 1883.48111282
642.115007777 1883.48111282
642.710247611 1883.48111282
643.305487446 3996.90380548
643.90072728 3996.90380548
644.495967115 3996.90380548
645.091206949 3996.90380548
645.686446784 3996.90380548
646.281686618 3996.90380548
646.876926453 3996.90380548
647.472166287 3996.90380548
648.067406122 2940.19245915
648.662645956 2940.19245915
649.25788579 2940.19245915
649.853125625 2940.19245915
650.448365459 2940.19245915
651.043605294 2940.19245915
651.638845128 2940.19245915
652.234084963 2940.19245915
652.829324797 2940.19245915
653.424564632 2940.19245915
654.019804466 2940.19245915
654.615044301 2940.19245915
655.210284135 2940.19245915
655.80552397 2940.19245915
656.400763804 2940.19245915
656.996003639 2940.19245915
657.591243473 2940.19245915
658.186483308 2940.19245915
658.781723142 2940.19245915
659.376962977 2940.19245915
659.972202811 2940.19245915
660.567442645 2940.19245915
661.16268248 2940.19245915
661.757922314 2940.19245915
662.353162149 2940.19245915
662.948401983 2940.19245915
663.543641818 2940.19245915
664.138881652 2940.19245915
664.734121487 2940.19245915
665.329361321 2940.19245915
665.924601156 2940.19245915
666.51984099 2940.19245915
667.115080825 2940.19245915
667.710320659 2940.19245915
668.305560494 2940.19245915
668.900800328 2940.19245915
669.496040163 2940.19245915
670.091279997 2940.19245915
670.686519831 2940.19245915
671.281759666 2940.19245915
671.8769995 2940.19245915
672.472239335 2940.19245915
673.067479169 2940.19245915
673.662719004 2940.19245915
674.257958838 2940.19245915
674.853198673 2940.19245915
675.448438507 2940.19245915
676.043678342 2940.19245915
676.638918176 2940.19245915
677.234158011 2940.19245915
677.829397845 2940.19245915
678.42463768 2940.19245915
679.019877514 2940.19245915
679.615117349 2940.19245915
680.210357183 2940.19245915
680.805597018 2940.19245915
681.400836852 2940.19245915
681.996076686 2940.19245915
682.591316521 2940.19245915
683.186556355 2940.19245915
683.78179619 2940.19245915
684.377036024 2940.19245915
684.972275859 2940.19245915
685.567515693 2940.19245915
686.162755528 3435.01513598
686.757995362 3435.01513598
687.353235197 3435.01513598
687.948475031 3435.01513598
688.543714866 3435.01513598
689.1389547 3435.01513598
689.734194535 3435.01513598
690.329434369 3435.01513598
690.924674204 3435.01513598
691.519914038 3435.01513598
692.115153873 3435.01513598
692.710393707 3435.01513598
693.305633541 3435.01513598
693.900873376 3435.01513598
694.49611321 3435.01513598
695.091353045 3435.01513598
695.686592879 3435.01513598
696.281832714 3435.01513598
696.877072548 3435.01513598
697.472312383 3435.01513598
698.067552217 3435.01513598
698.662792052 3435.01513598
699.258031886 3435.01513598
699.853271721 3435.01513598
700.448511555 3435.01513598
701.04375139 3435.01513598
701.638991224 3435.01513598
702.234231059 3435.01513598
702.829470893 3435.01513598
703.424710727 3435.01513598
704.019950562 3435.01513598
704.615190396 3435.01513598
705.210430231 3008.42873063
705.805670065 3008.42873063
706.4009099 3008.42873063
706.996149734 3008.42873063
707.591389569 3008.42873063
708.186629403 3008.42873063
708.781869238 3008.42873063
709.377109072 3008.42873063
709.972348907 3008.42873063
710.567588741 3008.42873063
711.162828576 3008.42873063
711.75806841 3008.42873063
712.353308245 3008.42873063
712.948548079 3008.42873063
713.543787914 3008.42873063
714.139027748 3008.42873063
714.734267582 3008.42873063
715.329507417 3008.42873063
715.924747251 3008.42873063
716.519987086 3008.42873063
717.11522692 3008.42873063
717.710466755 3008.42873063
718.305706589 3008.42873063
718.900946424 3008.42873063
719.496186258 3008.42873063
720.091426093 3008.42873063
720.686665927 3008.42873063
721.281905762 3008.42873063
721.877145596 3008.42873063
722.472385431 3008.42873063
723.067625265 3008.42873063
723.6628651 3008.42873063
724.258104934 2658.66298499
724.853344769 2658.66298499
725.448584603 2658.66298499
726.043824437 2658.66298499
726.639064272 2658.66298499
727.234304106 2658.66298499
727.829543941 2658.66298499
728.424783775 2658.66298499
729.02002361 2658.66298499
729.615263444 2658.66298499
730.210503279 2658.66298499
730.805743113 2658.66298499
731.400982948 2658.66298499
731.996222782 2658.66298499
732.591462617 2658.66298499
733.186702451 2658.66298499
733.781942286 2658.66298499
734.37718212 2658.66298499
734.972421955 2658.66298499
735.567661789 2658.66298499
736.162901623 2658.66298499
736.758141458 2658.66298499
737.353381292 2658.66298499
737.948621127 2658.66298499
738.543860961 2658.66298499
739.139100796 2658.66298499
739.73434063 2658.66298499
740.329580465 2658.66298499
740.924820299 2658.66298499
741.520060134 2658.66298499
742.115299968 2658.66298499
742.710539803 2658.66298499
743.305779637 2658.66298499
743.901019472 2658.66298499
744.496259306 2658.66298499
745.091499141 2658.66298499
745.686738975 2658.66298499
746.28197881 2658.66298499
746.877218644 2658.66298499
747.472458478 2658.66298499
748.067698313 2658.66298499
748.662938147 2658.66298499
749.258177982 2658.66298499
749.853417816 2658.66298499
750.448657651 2658.66298499
751.043897485 2658.66298499
751.63913732 2658.66298499
752.234377154 2658.66298499
752.829616989 2658.66298499
753.424856823 2658.66298499
754.020096658 2658.66298499
754.615336492 2658.66298499
755.210576327 2658.66298499
755.805816161 2658.66298499
756.401055996 2658.66298499
756.99629583 2658.66298499
757.591535665 2658.66298499
758.186775499 2658.66298499
758.782015333 2658.66298499
759.377255168 2658.66298499
759.972495002 2658.66298499
760.567734837 2658.66298499
761.162974671 2658.66298499
761.758214506 2658.66298499
762.35345434 2836.90058767
762.948694175 2836.90058767
763.543934009 2836.90058767
764.139173844 2836.90058767
764.734413678 2836.90058767
765.329653513 2836.90058767
765.924893347 2836.90058767
766.520133182 2836.90058767
767.115373016 2836.90058767
767.710612851 2836.90058767
768.305852685 2836.90058767
768.901092519 2836.90058767
769.496332354 2836.90058767
770.091572188 2836.90058767
770.686812023 2836.90058767
771.282051857 2836.90058767
771.877291692 2836.90058767
772.472531526 2836.90058767
773.067771361 2836.90058767
773.663011195 2836.90058767
774.25825103 2836.90058767
774.853490864 2836.90058767
775.448730699 2836.90058767
776.043970533 2836.90058767
776.639210368 2836.90058767
777.234450202 2836.90058767
777.829690037 2836.90058767
778.424929871 2836.90058767
779.020169706 2836.90058767
779.61540954 2836.90058767
780.210649374 2836.90058767
780.805889209 2836.90058767
781.401129043 2836.90058767
781.996368878 2836.90058767
782.591608712 2836.90058767
783.186848547 2836.90058767
783.782088381 2836.90058767
784.377328216 2836.90058767
784.97256805 2836.90058767
785.567807885 2836.90058767
786.163047719 2836.90058767
786.758287554 2836.90058767
787.353527388 2836.90058767
787.948767223 2836.90058767
788.544007057 2836.90058767
789.139246892 2836.90058767
789.734486726 2836.90058767
790.32972656 2836.90058767
790.924966395 2836.90058767
791.520206229 2836.90058767
792.115446064 2836.90058767
792.710685898 2836.90058767
793.305925733 2836.90058767
793.901165567 2836.90058767
794.496405402 2836.90058767
795.091645236 2836.90058767
795.686885071 2836.90058767
796.282124905 2836.90058767
796.87736474 2836.90058767
797.472604574 2836.90058767
798.067844409 2836.90058767
798.663084243 2836.90058767
799.258324078 2836.90058767
799.853563912 2836.90058767
800.448803747 3504.49649001
801.044043581 3504.49649001
801.639283415 3504.49649001
802.23452325 3504.49649001
802.829763084 3504.49649001
803.425002919 3504.49649001
804.020242753 3504.49649001
804.615482588 3504.49649001
805.210722422 3504.49649001
805.805962257 3504.49649001
806.401202091 3504.49649001
806.996441926 3504.49649001
807.59168176 3504.49649001
808.186921595 3504.49649001
808.782161429 3504.49649001
809.377401264 3504.49649001
809.972641098 3504.49649001
810.567880933 3504.49649001
811.163120767 3504.49649001
811.758360602 3504.49649001
812.353600436 3504.49649001
812.94884027 3504.49649001
813.544080105 3504.49649001
814.139319939 3504.49649001
814.734559774 3504.49649001
815.329799608 3504.49649001
815.925039443 3504.49649001
816.520279277 3504.49649001
817.115519112 3504.49649001
817.710758946 3504.49649001
818.305998781 3504.49649001
818.901238615 3504.49649001
819.49647845 3504.49649001
820.091718284 3504.49649001
820.686958119 3504.49649001
821.282197953 3504.49649001
821.877437788 3504.49649001
822.472677622 3504.49649001
823.067917456 3504.49649001
823.663157291 3504.49649001
824.258397125 3504.49649001
824.85363696 3504.49649001
825.448876794 3504.49649001
826.044116629 3504.49649001
826.639356463 3504.49649001
827.234596298 3504.49649001
827.829836132 3504.49649001
828.425075967 3504.49649001
829.020315801 3504.49649001
829.615555636 3504.49649001
830.21079547 3504.49649001
830.806035305 3504.49649001
831.401275139 3504.49649001
831.996514974 3504.49649001
832.591754808 3504.49649001
833.186994643 3504.49649001
833.782234477 3504.49649001
834.377474311 3504.49649001
834.972714146 3504.49649001
835.56795398 3504.49649001
836.163193815 3504.49649001
836.758433649 3504.49649001
837.353673484 3504.49649001
837.948913318 3504.49649001
838.544153153 2709.68637946
839.139392987 2709.68637946
839.734632822 2709.68637946
840.329872656 2709.68637946
840.925112491 2709.68637946
841.520352325 2709.68637946
842.11559216 2709.68637946
842.710831994 2709.68637946
843.306071829 2709.68637946
843.901311663 2709.68637946
844.496551498 2709.68637946
845.091791332 2709.68637946
845.687031166 2709.68637946
846.282271001 2709.68637946
846.877510835 2709.68637946
847.47275067 2709.68637946
848.067990504 2709.68637946
848.663230339 2709.68637946
849.258470173 2709.68637946
849.853710008 2709.68637946
850.448949842 2709.68637946
851.044189677 2709.68637946
851.639429511 2709.68637946
852.234669346 2709.68637946
852.82990918 2709.68637946
853.425149015 2709.68637946
854.020388849 2709.68637946
854.615628684 2709.68637946
855.210868518 2709.68637946
855.806108352 2709.68637946
856.401348187 2709.68637946
856.996588021 2709.68637946
857.591827856 2709.68637946
858.18706769 2709.68637946
858.782307525 2709.68637946
859.377547359 2709.68637946
859.972787194 2709.68637946
860.568027028 2709.68637946
861.163266863 2709.68637946
861.758506697 2709.68637946
862.353746532 2709.68637946
862.948986366 2709.68637946
863.544226201 2709.68637946
864.139466035 2709.68637946
864.73470587 2709.68637946
865.329945704 2709.68637946
865.925185539 2709.68637946
866.520425373 2709.68637946
867.115665207 2709.68637946
867.710905042 2709.68637946
868.306144876 2709.68637946
868.901384711 2709.68637946
869.496624545 2709.68637946
870.09186438 2709.68637946
870.687104214 2709.68637946
871.282344049 2709.68637946
871.877583883 2709.68637946
872.472823718 2709.68637946
873.068063552 2709.68637946
873.663303387 2709.68637946
874.258543221 2709.68637946
874.853783056 2709.68637946
875.44902289 2709.68637946
876.044262725 2709.68637946
876.639502559 2709.68637946
877.234742394 2709.68637946
877.829982228 2709.68637946
878.425222062 2709.68637946
879.020461897 2709.68637946
879.615701731 2709.68637946
880.210941566 2709.68637946
880.8061814 2709.68637946
881.401421235 2709.68637946
881.996661069 2709.68637946
882.591900904 2709.68637946
883.187140738 2709.68637946
883.782380573 2709.68637946
884.377620407 2709.68637946
884.972860242 2709.68637946
885.568100076 2709.68637946
886.163339911 2709.68637946
886.758579745 2709.68637946
887.35381958 2709.68637946
887.949059414 2709.68637946
888.544299248 2709.68637946
889.139539083 2709.68637946
889.734778917 2709.68637946
890.330018752 2709.68637946
890.925258586 2709.68637946
891.520498421 2709.68637946
892.115738255 2709.68637946
892.71097809 2709.68637946
893.306217924 2709.68637946
893.901457759 2709.68637946
894.496697593 2709.68637946
895.091937428 2709.68637946
895.687177262 2709.68637946
896.282417097 2709.68637946
896.877656931 2709.68637946
897.472896766 2709.68637946
898.0681366 2709.68637946
898.663376435 2709.68637946
899.258616269 2709.68637946
899.853856103 2709.68637946
900.449095938 2709.68637946
901.044335772 2709.68637946
901.639575607 2709.68637946
902.234815441 2709.68637946
902.830055276 2709.68637946
903.42529511 2709.68637946
904.020534945 2709.68637946
904.615774779 2709.68637946
905.211014614 2709.68637946
905.806254448 2709.68637946
906.401494283 2709.68637946
906.996734117 2709.68637946
907.591973952 2709.68637946
908.187213786 2709.68637946
908.782453621 2709.68637946
909.377693455 2709.68637946
909.97293329 2709.68637946
910.568173124 2709.68637946
911.163412958 2709.68637946
911.758652793 2709.68637946
912.353892627 2709.68637946
912.949132462 2709.68637946
913.544372296 2709.68637946
914.139612131 2709.68637946
914.734851965 2140.48725213
915.3300918 2140.48725213
915.925331634 2140.48725213
916.520571469 2140.48725213
917.115811303 2140.48725213
917.711051138 2140.48725213
918.306290972 2140.48725213
918.901530807 2140.48725213
919.496770641 2140.48725213
920.092010476 2140.48725213
920.68725031 2140.48725213
921.282490144 2140.48725213
921.877729979 2140.48725213
922.472969813 2140.48725213
923.068209648 2140.48725213
923.663449482 2140.48725213
924.258689317 2140.48725213
924.853929151 2140.48725213
925.449168986 2140.48725213
926.04440882 2140.48725213
926.639648655 2140.48725213
927.234888489 2140.48725213
927.830128324 2140.48725213
928.425368158 2140.48725213
929.020607993 2140.48725213
929.615847827 2140.48725213
930.211087662 2140.48725213
930.806327496 2140.48725213
931.401567331 2140.48725213
931.996807165 2140.48725213
932.592046999 2140.48725213
933.187286834 2140.48725213
933.782526668 2140.48725213
934.377766503 2140.48725213
934.973006337 2140.48725213
935.568246172 2140.48725213
936.163486006 2140.48725213
936.758725841 2140.48725213
937.353965675 2140.48725213
937.94920551 2140.48725213
938.544445344 2140.48725213
939.139685179 2140.48725213
939.734925013 2140.48725213
940.330164848 2140.48725213
940.925404682 2140.48725213
941.520644517 2140.48725213
942.115884351 2140.48725213
942.711124185 2140.48725213
943.30636402 2140.48725213
943.901603854 2140.48725213
944.496843689 2140.48725213
945.092083523 2140.48725213
945.687323358 2140.48725213
946.282563192 2140.48725213
946.877803027 2140.48725213
947.473042861 2140.48725213
948.068282696 2140.48725213
948.66352253 2140.48725213
949.258762365 2140.48725213
949.854002199 2140.48725213
950.449242034 2140.48725213
951.044481868 2140.48725213
951.639721703 2140.48725213
952.234961537 2140.48725213
952.830201372 2140.48725213
953.425441206 2140.48725213
954.02068104 2140.48725213
954.615920875 2140.48725213
955.211160709 2140.48725213
955.806400544 2140.48725213
956.401640378 2140.48725213
956.996880213 2140.48725213
957.592120047 2140.48725213
958.187359882 2140.48725213
958.782599716 2140.48725213
959.377839551 2140.48725213
959.973079385 2140.48725213
960.56831922 2140.48725213
961.163559054 2140.48725213
961.758798889 2140.48725213
962.354038723 2140.48725213
962.949278558 2140.48725213
963.544518392 2140.48725213
964.139758227 2140.48725213
964.734998061 2140.48725213
965.330237895 2140.48725213
965.92547773 2140.48725213
966.520717564 2140.48725213
967.115957399 2140.48725213
967.711197233 2140.48725213
968.306437068 2140.48725213
968.901676902 2140.48725213
969.496916737 2140.48725213
970.092156571 2140.48725213
970.687396406 2140.48725213
971.28263624 2140.48725213
971.877876075 2140.48725213
972.473115909 2140.48725213
973.068355744 2140.48725213
973.663595578 2140.48725213
974.258835413 2140.48725213
974.854075247 2140.48725213
975.449315081 2140.48725213
976.044554916 2140.48725213
976.63979475 2140.48725213
977.235034585 2140.48725213
977.830274419 2140.48725213
978.425514254 2140.48725213
979.020754088 2140.48725213
979.615993923 2140.48725213
980.211233757 2140.48725213
980.806473592 2140.48725213
981.401713426 2140.48725213
981.996953261 2140.48725213
982.592193095 2140.48725213
983.18743293 2140.48725213
983.782672764 2140.48725213
984.377912599 2140.48725213
984.973152433 2140.48725213
985.568392268 2140.48725213
986.163632102 2140.48725213
986.758871936 2140.48725213
987.354111771 2140.48725213
987.949351605 2140.48725213
988.54459144 2140.48725213
989.139831274 2140.48725213
989.735071109 2140.48725213
990.330310943 2140.48725213
990.925550778 2140.48725213
991.520790612 2140.48725213
992.116030447 2140.48725213
992.711270281 2140.48725213
993.306510116 2140.48725213
993.90174995 2140.48725213
994.496989785 2140.48725213
995.092229619 2140.48725213
995.687469454 2140.48725213
996.282709288 2140.48725213
996.877949123 2140.48725213
997.473188957 2140.48725213
998.068428791 2140.48725213
998.663668626 2140.48725213
999.25890846 2140.48725213
999.854148295 2140.48725213
1000.44938813 2140.48725213
1001.04462796 2140.48725213
1001.6398678 2140.48725213
1002.23510763 2140.48725213
1002.83034747 2140.48725213
1003.4255873 2140.48725213
1004.02082714 2140.48725213
1004.61606697 2140.48725213
1005.21130681 2140.48725213
1005.80654664 2140.48725213
1006.40178647 2140.48725213
1006.99702631 2140.48725213
1007.59226614 2140.48725213
1008.18750598 2140.48725213
1008.78274581 2140.48725213
1009.37798565 2140.48725213
1009.97322548 2140.48725213
1010.56846532 2140.48725213
1011.16370515 2140.48725213
1011.75894498 2140.48725213
1012.35418482 2140.48725213
1012.94942465 2140.48725213
1013.54466449 2140.48725213
1014.13990432 2140.48725213
1014.73514416 2140.48725213
1015.33038399 2140.48725213
1015.92562383 2140.48725213
1016.52086366 2140.48725213
1017.11610349 2140.48725213
1017.71134333 2140.48725213
1018.30658316 2140.48725213
1018.901823 2140.48725213
1019.49706283 2140.48725213
1020.09230267 2140.48725213
1020.6875425 2140.48725213
1021.28278234 2140.48725213
1021.87802217 2140.48725213
1022.473262 2140.48725213
1023.06850184 2140.48725213
1023.66374167 2140.48725213
1024.25898151 2140.48725213
1024.85422134 2140.48725213
1025.44946118 2140.48725213
1026.04470101 2140.48725213
1026.63994085 2140.48725213
1027.23518068 2140.48725213
1027.83042052 2140.48725213
1028.42566035 2140.48725213
1029.02090018 2140.48725213
1029.61614002 2140.48725213
1030.21137985 2140.48725213
1030.80661969 2140.48725213
1031.40185952 2140.48725213
1031.99709936 2140.48725213
1032.59233919 2140.48725213
1033.18757903 2140.48725213
1033.78281886 2140.48725213
1034.37805869 2140.48725213
1034.97329853 2140.48725213
1035.56853836 2140.48725213
1036.1637782 2140.48725213
1036.75901803 2140.48725213
1037.35425787 2140.48725213
1037.9494977 2140.48725213
1038.54473754 2140.48725213
1039.13997737 2140.48725213
1039.7352172 2140.48725213
1040.33045704 2140.48725213
1040.92569687 2140.48725213
1041.52093671 2140.48725213
1042.11617654 2140.48725213
1042.71141638 2140.48725213
1043.30665621 2140.48725213
1043.90189605 2140.48725213
1044.49713588 2140.48725213
1045.09237571 2140.48725213
1045.68761555 2140.48725213
1046.28285538 2140.48725213
1046.87809522 2140.48725213
1047.47333505 2140.48725213
1048.06857489 2140.48725213
1048.66381472 2140.48725213
1049.25905456 2140.48725213
1049.85429439 2140.48725213
1050.44953423 2140.48725213
1051.04477406 2140.48725213
1051.64001389 2140.48725213
1052.23525373 2140.48725213
1052.83049356 2140.48725213
1053.4257334 2140.48725213
1054.02097323 2140.48725213
1054.61621307 2140.48725213
1055.2114529 2140.48725213
1055.80669274 2140.48725213
1056.40193257 2140.48725213
1056.9971724 2140.48725213
1057.59241224 2140.48725213
1058.18765207 2140.48725213
1058.78289191 2140.48725213
1059.37813174 2140.48725213
1059.97337158 2140.48725213
1060.56861141 2140.48725213
1061.16385125 2140.48725213
1061.75909108 2140.48725213
1062.35433091 2140.48725213
1062.94957075 2140.48725213
1063.54481058 2140.48725213
1064.14005042 2140.48725213
1064.73529025 2140.48725213
1065.33053009 2140.48725213
1065.92576992 2140.48725213
1066.52100976 2140.48725213
1067.11624959 2140.48725213
1067.71148942 2140.48725213
1068.30672926 2140.48725213
1068.90196909 2140.48725213
1069.49720893 2140.48725213
1070.09244876 2140.48725213
1070.6876886 2140.48725213
1071.28292843 2140.48725213
1071.87816827 2140.48725213
1072.4734081 2140.48725213
1073.06864794 2140.48725213
1073.66388777 2140.48725213
1074.2591276 2140.48725213
1074.85436744 2140.48725213
1075.44960727 2140.48725213
1076.04484711 2140.48725213
1076.64008694 2140.48725213
1077.23532678 2140.48725213
1077.83056661 2140.48725213
1078.42580645 2140.48725213
1079.02104628 2140.48725213
1079.61628611 2140.48725213
1080.21152595 2140.48725213
1080.80676578 2140.48725213
1081.40200562 2140.48725213
1081.99724545 2140.48725213
1082.59248529 2140.48725213
1083.18772512 2140.48725213
1083.78296496 2140.48725213
1084.37820479 2140.48725213
1084.97344462 2140.48725213
1085.56868446 2140.48725213
1086.16392429 2140.48725213
1086.75916413 2140.48725213
1087.35440396 2140.48725213
1087.9496438 2140.48725213
1088.54488363 2140.48725213
1089.14012347 2140.48725213
1089.7353633 2140.48725213
1090.33060313 2140.48725213
1090.92584297 2140.48725213
1091.5210828 2140.48725213
1092.11632264 2140.48725213
1092.71156247 2140.48725213
1093.30680231 2140.48725213
1093.90204214 2140.48725213
1094.49728198 2140.48725213
1095.09252181 2140.48725213
1095.68776164 2140.48725213
1096.28300148 2140.48725213
1096.87824131 2140.48725213
1097.47348115 2140.48725213
1098.06872098 2140.48725213
1098.66396082 2140.48725213
1099.25920065 2140.48725213
1099.85444049 2140.48725213
1100.44968032 2140.48725213
1101.04492016 2140.48725213
1101.64015999 2140.48725213
1102.23539982 2140.48725213
1102.83063966 2140.48725213
1103.42587949 2140.48725213
1104.02111933 2140.48725213
1104.61635916 2140.48725213
1105.211599 2140.48725213
1105.80683883 2140.48725213
1106.40207867 2140.48725213
1106.9973185 2140.48725213
1107.59255833 2140.48725213
1108.18779817 2140.48725213
1108.783038 2140.48725213
1109.37827784 2140.48725213
1109.97351767 2140.48725213
1110.56875751 2140.48725213
1111.16399734 2140.48725213
1111.75923718 2140.48725213
1112.35447701 2140.48725213
1112.94971684 2140.48725213
1113.54495668 2140.48725213
1114.14019651 2140.48725213
1114.73543635 2140.48725213
1115.33067618 2140.48725213
1115.92591602 2140.48725213
1116.52115585 2140.48725213
1117.11639569 2140.48725213
1117.71163552 2140.48725213
1118.30687535 2140.48725213
1118.90211519 2140.48725213
1119.49735502 2140.48725213
1120.09259486 2140.48725213
1120.68783469 2140.48725213
1121.28307453 2140.48725213
1121.87831436 2140.48725213
1122.4735542 2140.48725213
1123.06879403 2140.48725213
1123.66403387 2140.48725213
1124.2592737 2140.48725213
1124.85451353 2140.48725213
1125.44975337 2140.48725213
1126.0449932 2140.48725213
1126.64023304 2140.48725213
1127.23547287 2140.48725213
1127.83071271 2140.48725213
1128.42595254 2140.48725213
1129.02119238 2140.48725213
1129.61643221 2140.48725213
1130.21167204 2140.48725213
1130.80691188 2140.48725213
1131.40215171 2140.48725213
1131.99739155 2140.48725213
1132.59263138 2140.48725213
1133.18787122 2140.48725213
1133.78311105 2140.48725213
1134.37835089 2140.48725213
1134.97359072 2140.48725213
1135.56883055 2140.48725213
1136.16407039 2140.48725213
1136.75931022 2140.48725213
1137.35455006 2140.48725213
1137.94978989 2140.48725213
1138.54502973 2140.48725213
1139.14026956 2140.48725213
1139.7355094 2140.48725213
1140.33074923 2140.48725213
1140.92598906 2140.48725213
1141.5212289 2140.48725213
1142.11646873 2140.48725213
1142.71170857 2140.48725213
1143.3069484 2140.48725213
1143.90218824 2140.48725213
1144.49742807 2140.48725213
1145.09266791 2140.48725213
1145.68790774 2140.48725213
1146.28314758 2140.48725213
1146.87838741 2140.48725213
1147.47362724 2140.48725213
1148.06886708 2140.48725213
1148.66410691 2140.48725213
1149.25934675 2140.48725213
1149.85458658 2140.48725213
1150.44982642 2140.48725213
1151.04506625 2140.48725213
1151.64030609 2140.48725213
1152.23554592 2140.48725213
1152.83078575 2140.48725213
1153.42602559 2140.48725213
1154.02126542 2140.48725213
1154.61650526 2140.48725213
1155.21174509 2140.48725213
1155.80698493 2140.48725213
1156.40222476 2140.48725213
1156.9974646 2140.48725213
1157.59270443 2140.48725213
1158.18794426 2140.48725213
1158.7831841 2140.48725213
1159.37842393 2140.48725213
1159.97366377 2140.48725213
1160.5689036 2140.48725213
1161.16414344 2140.48725213
1161.75938327 2140.48725213
1162.35462311 2140.48725213
1162.94986294 2140.48725213
1163.54510277 2140.48725213
1164.14034261 2140.48725213
1164.73558244 2140.48725213
1165.33082228 2140.48725213
1165.92606211 2140.48725213
1166.52130195 2140.48725213
1167.11654178 2140.48725213
1167.71178162 2140.48725213
1168.30702145 2140.48725213
1168.90226129 2140.48725213
1169.49750112 2140.48725213
1170.09274095 2140.48725213
1170.68798079 2140.48725213
1171.28322062 2140.48725213
1171.87846046 2140.48725213
1172.47370029 2140.48725213
1173.06894013 2140.48725213
1173.66417996 2140.48725213
1174.2594198 2140.48725213
1174.85465963 2140.48725213
1175.44989946 2140.48725213
1176.0451393 2140.48725213
1176.64037913 2140.48725213
1177.23561897 2140.48725213
1177.8308588 2140.48725213
1178.42609864 2140.48725213
1179.02133847 2140.48725213
1179.61657831 2140.48725213
1180.21181814 2140.48725213
1180.80705797 2140.48725213
1181.40229781 2140.48725213
1181.99753764 2140.48725213
1182.59277748 2140.48725213
1183.18801731 2140.48725213
1183.78325715 2140.48725213
1184.37849698 2140.48725213
1184.97373682 2140.48725213
1185.56897665 2140.48725213
1186.16421648 2140.48725213
1186.75945632 2140.48725213
1187.35469615 2140.48725213
1187.94993599 2140.48725213
1188.54517582 2140.48725213
1189.14041566 2140.48725213
1189.73565549 2140.48725213
1190.33089533 2140.48725213
1190.92613516 2140.48725213
1191.521375 2140.48725213
1192.11661483 2140.48725213
1192.71185466 2140.48725213
1193.3070945 2140.48725213
1193.90233433 2140.48725213
1194.49757417 2140.48725213
1195.092814 2140.48725213
1195.68805384 2140.48725213
1196.28329367 2140.48725213
1196.87853351 2140.48725213
1197.47377334 2140.48725213
1198.06901317 2140.48725213
1198.66425301 2140.48725213
1199.25949284 2140.48725213
1199.85473268 2140.48725213
1200.44997251 2140.48725213
1201.04521235 2140.48725213
1201.64045218 2140.48725213
1202.23569202 2140.48725213
1202.83093185 2140.48725213
1203.42617168 2140.48725213
1204.02141152 2140.48725213
1204.61665135 2140.48725213
1205.21189119 2140.48725213
1205.80713102 2140.48725213
1206.40237086 2140.48725213
1206.99761069 2140.48725213
1207.59285053 2140.48725213
1208.18809036 2140.48725213
1208.78333019 2140.48725213
1209.37857003 2140.48725213
1209.97380986 2140.48725213
1210.5690497 2140.48725213
1211.16428953 2140.48725213
1211.75952937 2140.48725213
1212.3547692 2140.48725213
1212.95000904 2140.48725213
1213.54524887 2140.48725213
1214.14048871 2140.48725213
1214.73572854 2140.48725213
1215.33096837 2140.48725213
1215.92620821 2140.48725213
1216.52144804 2140.48725213
1217.11668788 2140.48725213
1217.71192771 2140.48725213
1218.30716755 2140.48725213
1218.90240738 2140.48725213
