0.446466215283 3431.86059263
1.04170604976 3431.86059263
1.63694588423 3431.86059263
2.2321857187 3431.86059263
2.82742555317 3431.86059263
3.42266538765 3431.86059263
4.01790522212 3431.86059263
4.61314505659 3431.86059263
5.20838489106 3431.86059263
5.80362472554 3431.86059263
6.39886456001 3431.86059263
6.99410439448 3431.86059263
7.58934422895 3431.86059263
8.18458406343 3431.86059263
8.7798238979 3431.86059263
9.37506373237 3431.86059263
9.97030356685 3431.86059263
10.5655434013 3431.86059263
11.1607832358 3431.86059263
11.7560230703 3431.86059263
12.3512629047 3431.86059263
12.9465027392 3431.86059263
13.5417425737 3431.86059263
14.1369824082 3431.86059263
14.7322222426 3431.86059263
15.3274620771 3431.86059263
15.9227019116 3431.86059263
16.517941746 3431.86059263
17.1131815805 3431.86059263
17.708421415 3431.86059263
18.3036612495 3431.86059263
18.8989010839 3431.86059263
19.4941409184 3431.86059263
20.0893807529 3431.86059263
20.6846205874 3431.86059263
21.2798604218 3431.86059263
21.8751002563 3431.86059263
22.4703400908 3431.86059263
23.0655799252 3431.86059263
23.6608197597 3431.86059263
24.2560595942 3431.86059263
24.8512994287 3431.86059263
25.4465392631 3431.86059263
26.0417790976 3431.86059263
26.6370189321 3431.86059263
27.2322587666 3431.86059263
27.827498601 3431.86059263
28.4227384355 3431.86059263
29.01797827 3431.86059263
29.6132181044 3431.86059263
30.2084579389 3431.86059263
30.8036977734 3431.86059263
31.3989376079 3431.86059263
31.9941774423 3431.86059263
32.5894172768 3431.86059263
33.1846571113 3431.86059263
33.7798969458 3431.86059263
34.3751367802 3431.86059263
34.9703766147 3431.86059263
35.5656164492 3431.86059263
36.1608562836 3431.86059263
36.7560961181 3431.86059263
37.3513359526 3431.86059263
37.9465757871 3431.86059263
38.5418156215 3431.86059263
39.137055456 3431.86059263
39.7322952905 3431.86059263
40.327535125 3431.86059263
40.9227749594 3431.86059263
41.5180147939 3431.86059263
42.1132546284 3431.86059263
42.7084944628 3431.86059263
43.3037342973 3431.86059263
43.8989741318 3431.86059263
44.4942139663 3431.86059263
45.0894538007 3431.86059263
45.6846936352 3431.86059263
46.2799334697 3431.86059263
46.8751733041 3431.86059263
47.4704131386 3431.86059263
48.0656529731 3431.86059263
48.6608928076 3431.86059263
49.256132642 3431.86059263
49.8513724765 3431.86059263
50.446612311 3431.86059263
51.0418521455 3431.86059263
51.6370919799 3431.86059263
52.2323318144 3431.86059263
52.8275716489 3431.86059263
53.4228114833 3431.86059263
54.0180513178 3431.86059263
54.6132911523 3431.86059263
55.2085309868 3431.86059263
55.8037708212 3431.86059263
56.3990106557 3431.86059263
56.9942504902 3431.86059263
57.5894903247 3431.86059263
58.1847301591 3431.86059263
58.7799699936 3431.86059263
59.3752098281 3431.86059263
59.9704496625 3431.86059263
60.565689497 3431.86059263
61.1609293315 3431.86059263
61.756169166 3431.86059263
62.3514090004 3431.86059263
62.9466488349 3431.86059263
63.5418886694 3431.86059263
64.1371285039 3431.86059263
64.7323683383 3431.86059263
65.3276081728 3431.86059263
65.9228480073 3431.86059263
66.5180878417 3431.86059263
67.1133276762 3431.86059263
67.7085675107 3431.86059263
68.3038073452 3431.86059263
68.8990471796 3431.86059263
69.4942870141 3431.86059263
70.0895268486 3431.86059263
70.6847666831 3431.86059263
71.2800065175 3431.86059263
71.875246352 3431.86059263
72.4704861865 3431.86059263
73.0657260209 3431.86059263
73.6609658554 3431.86059263
74.2562056899 3431.86059263
74.8514455244 3431.86059263
75.4466853588 3431.86059263
76.0419251933 3431.86059263
76.6371650278 3431.86059263
77.2324048623 3431.86059263
77.8276446967 3431.86059263
78.4228845312 3431.86059263
79.0181243657 3431.86059263
79.6133642001 3431.86059263
80.2086040346 3431.86059263
80.8038438691 3431.86059263
81.3990837036 3431.86059263
81.994323538 3431.86059263
82.5895633725 3431.86059263
83.184803207 3431.86059263
83.7800430415 3431.86059263
84.3752828759 3431.86059263
84.9705227104 3431.86059263
85.5657625449 3431.86059263
86.1610023793 3431.86059263
86.7562422138 3431.86059263
87.3514820483 3431.86059263
87.9467218828 3431.86059263
88.5419617172 3431.86059263
89.1372015517 3431.86059263
89.7324413862 3431.86059263
90.3276812207 3431.86059263
90.9229210551 3431.86059263
91.5181608896 3431.86059263
92.1134007241 3431.86059263
92.7086405585 3431.86059263
93.303880393 3431.86059263
93.8991202275 3431.86059263
94.494360062 3431.86059263
95.0895998964 3431.86059263
95.6848397309 3431.86059263
96.2800795654 3431.86059263
96.8753193999 3431.86059263
97.4705592343 3431.86059263
98.0657990688 3431.86059263
98.6610389033 3431.86059263
99.2562787377 3431.86059263
99.8515185722 3431.86059263
100.446758407 3431.86059263
101.041998241 3431.86059263
101.637238076 3431.86059263
102.23247791 3431.86059263
102.827717745 3431.86059263
103.422957579 3431.86059263
104.018197414 3431.86059263
104.613437248 3431.86059263
105.208677082 3431.86059263
105.803916917 3431.86059263
106.399156751 3431.86059263
106.994396586 3431.86059263
107.58963642 3431.86059263
108.184876255 3431.86059263
108.780116089 3431.86059263
109.375355924 3431.86059263
109.970595758 3431.86059263
110.565835593 3431.86059263
111.161075427 3431.86059263
111.756315262 3431.86059263
112.351555096 3431.86059263
112.946794931 3431.86059263
113.542034765 3431.86059263
114.1372746 3431.86059263
114.732514434 3431.86059263
115.327754269 3431.86059263
115.922994103 3431.86059263
116.518233937 3431.86059263
117.113473772 3431.86059263
117.708713606 3431.86059263
118.303953441 3431.86059263
118.899193275 3431.86059263
119.49443311 3431.86059263
120.089672944 3431.86059263
120.684912779 3431.86059263
121.280152613 3431.86059263
121.875392448 3431.86059263
122.470632282 3431.86059263
123.065872117 3431.86059263
123.661111951 3431.86059263
124.256351786 3431.86059263
124.85159162 3431.86059263
125.446831455 3431.86059263
126.042071289 3431.86059263
126.637311123 3431.86059263
127.232550958 3431.86059263
127.827790792 3431.86059263
128.423030627 3431.86059263
129.018270461 3431.86059263
129.613510296 3431.86059263
130.20875013 3431.86059263
130.803989965 3431.86059263
131.399229799 3431.86059263
131.994469634 3431.86059263
132.589709468 3431.86059263
133.184949303 3431.86059263
133.780189137 3431.86059263
134.375428972 3431.86059263
134.970668806 3431.86059263
135.565908641 3431.86059263
136.161148475 3431.86059263
136.75638831 3431.86059263
137.351628144 3431.86059263
137.946867978 3431.86059263
138.542107813 3431.86059263
139.137347647 3431.86059263
139.732587482 3431.86059263
140.327827316 3431.86059263
140.923067151 3431.86059263
141.518306985 3431.86059263
142.11354682 3431.86059263
142.708786654 3431.86059263
143.304026489 3431.86059263
143.899266323 3431.86059263
144.494506158 3431.86059263
145.089745992 3431.86059263
145.684985827 3431.86059263
146.280225661 3431.86059263
146.875465496 3431.86059263
147.47070533 3431.86059263
148.065945165 3431.86059263
148.661184999 3431.86059263
149.256424833 3431.86059263
149.851664668 3431.86059263
150.446904502 3431.86059263
151.042144337 3431.86059263
151.637384171 3431.86059263
152.232624006 3431.86059263
152.82786384 3431.86059263
153.423103675 3431.86059263
154.018343509 3431.86059263
154.613583344 3431.86059263
155.208823178 3431.86059263
155.804063013 3431.86059263
156.399302847 3431.86059263
156.994542682 3431.86059263
157.589782516 3431.86059263
158.185022351 3431.86059263
158.780262185 3431.86059263
159.375502019 3431.86059263
159.970741854 3431.86059263
160.565981688 3431.86059263
161.161221523 3431.86059263
161.756461357 3431.86059263
162.351701192 3431.86059263
162.946941026 3431.86059263
163.542180861 3431.86059263
164.137420695 3431.86059263
164.73266053 3431.86059263
165.327900364 3431.86059263
165.923140199 3431.86059263
166.518380033 3431.86059263
167.113619868 3431.86059263
167.708859702 3431.86059263
168.304099537 3431.86059263
168.899339371 3431.86059263
169.494579206 3431.86059263
170.08981904 3431.86059263
170.685058874 3431.86059263
171.280298709 3431.86059263
171.875538543 3431.86059263
172.470778378 3431.86059263
173.066018212 3431.86059263
173.661258047 3431.86059263
174.256497881 3431.86059263
174.851737716 3431.86059263
175.44697755 3431.86059263
176.042217385 3431.86059263
176.637457219 3431.86059263
177.232697054 3431.86059263
177.827936888 3431.86059263
178.423176723 3431.86059263
179.018416557 3431.86059263
179.613656392 3431.86059263
180.208896226 3431.86059263
180.80413606 3431.86059263
181.399375895 3431.86059263
181.994615729 3431.86059263
182.589855564 3431.86059263
183.185095398 3431.86059263
183.780335233 3431.86059263
184.375575067 3431.86059263
184.970814902 3431.86059263
185.566054736 3431.86059263
186.161294571 3431.86059263
186.756534405 3431.86059263
187.35177424 3431.86059263
187.947014074 3431.86059263
188.542253909 3431.86059263
189.137493743 3431.86059263
189.732733578 3431.86059263
190.327973412 3431.86059263
190.923213247 3431.86059263
191.518453081 3431.86059263
192.113692915 3431.86059263
192.70893275 3431.86059263
193.304172584 3431.86059263
193.899412419 3431.86059263
194.494652253 3431.86059263
195.089892088 3431.86059263
195.685131922 3431.86059263
196.280371757 3431.86059263
196.875611591 3431.86059263
197.470851426 3431.86059263
198.06609126 3431.86059263
198.661331095 3431.86059263
199.256570929 3431.86059263
199.851810764 3431.86059263
200.447050598 3431.86059263
201.042290433 3431.86059263
201.637530267 3431.86059263
202.232770102 3431.86059263
202.828009936 3431.86059263
203.42324977 3431.86059263
204.018489605 3431.86059263
204.613729439 3431.86059263
205.208969274 3431.86059263
205.804209108 3431.86059263
206.399448943 3431.86059263
206.994688777 3431.86059263
207.589928612 3431.86059263
208.185168446 3431.86059263
208.780408281 3431.86059263
209.375648115 3431.86059263
209.97088795 3431.86059263
210.566127784 3431.86059263
211.161367619 3431.86059263
211.756607453 3431.86059263
212.351847288 3431.86059263
212.947087122 3431.86059263
213.542326956 3431.86059263
214.137566791 3431.86059263
214.732806625 3431.86059263
215.32804646 3431.86059263
215.923286294 3431.86059263
216.518526129 3431.86059263
217.113765963 3431.86059263
217.709005798 3431.86059263
218.304245632 3431.86059263
218.899485467 3431.86059263
219.494725301 3431.86059263
220.089965136 3431.86059263
220.68520497 3431.86059263
221.280444805 3431.86059263
221.875684639 3431.86059263
222.470924474 3431.86059263
223.066164308 3431.86059263
223.661404143 3431.86059263
224.256643977 3431.86059263
224.851883811 3431.86059263
225.447123646 3431.86059263
226.04236348 3431.86059263
226.637603315 3431.86059263
227.232843149 3431.86059263
227.828082984 3431.86059263
228.423322818 3431.86059263
229.018562653 3431.86059263
229.613802487 3431.86059263
230.209042322 3431.86059263
230.804282156 3431.86059263
231.399521991 3431.86059263
231.994761825 3431.86059263
232.59000166 3431.86059263
233.185241494 3431.86059263
233.780481329 3431.86059263
234.375721163 3431.86059263
234.970960998 3431.86059263
235.566200832 3431.86059263
236.161440666 3431.86059263
236.756680501 3431.86059263
237.351920335 3431.86059263
237.94716017 3431.86059263
238.542400004 3431.86059263
239.137639839 3431.86059263
239.732879673 3431.86059263
240.328119508 3431.86059263
240.923359342 3431.86059263
241.518599177 3431.86059263
242.113839011 3431.86059263
242.709078846 3431.86059263
243.30431868 3431.86059263
243.899558515 3431.86059263
244.494798349 3431.86059263
245.090038184 3431.86059263
245.685278018 3431.86059263
246.280517852 3431.86059263
246.875757687 3431.86059263
247.470997521 3431.86059263
248.066237356 3431.86059263
248.66147719 3431.86059263
249.256717025 3431.86059263
249.851956859 3431.86059263
250.447196694 3431.86059263
251.042436528 3431.86059263
251.637676363 3431.86059263
252.232916197 3431.86059263
252.828156032 3431.86059263
253.423395866 3431.86059263
254.018635701 3431.86059263
254.613875535 3431.86059263
255.20911537 3431.86059263
255.804355204 3431.86059263
256.399595039 3431.86059263
256.994834873 3431.86059263
257.590074707 3431.86059263
258.185314542 3431.86059263
258.780554376 3431.86059263
259.375794211 3431.86059263
259.971034045 3431.86059263
260.56627388 3431.86059263
261.161513714 3431.86059263
261.756753549 3431.86059263
262.351993383 3431.86059263
262.947233218 3431.86059263
263.542473052 3431.86059263
264.137712887 3431.86059263
264.732952721 3431.86059263
265.328192556 3431.86059263
265.92343239 3431.86059263
266.518672225 3431.86059263
267.113912059 3431.86059263
267.709151894 3431.86059263
268.304391728 3431.86059263
268.899631562 3431.86059263
269.494871397 3431.86059263
270.090111231 3431.86059263
270.685351066 3431.86059263
271.2805909 3431.86059263
271.875830735 3431.86059263
272.471070569 3431.86059263
273.066310404 3431.86059263
273.661550238 3431.86059263
274.256790073 3431.86059263
274.852029907 3431.86059263
275.447269742 3431.86059263
276.042509576 3431.86059263
276.637749411 3431.86059263
277.232989245 3431.86059263
277.82822908 3431.86059263
278.423468914 3431.86059263
279.018708748 3431.86059263
279.613948583 3431.86059263
280.209188417 3431.86059263
280.804428252 3431.86059263
281.399668086 3431.86059263
281.994907921 3431.86059263
282.590147755 3431.86059263
283.18538759 3431.86059263
283.780627424 3431.86059263
284.375867259 3431.86059263
284.971107093 3431.86059263
285.566346928 3431.86059263
286.161586762 3431.86059263
286.756826597 3431.86059263
287.352066431 3431.86059263
287.947306266 3431.86059263
288.5425461 3431.86059263
289.137785935 3431.86059263
289.733025769 3431.86059263
290.328265603 3431.86059263
290.923505438 3431.86059263
291.518745272 3431.86059263
292.113985107 3431.86059263
292.709224941 3431.86059263
293.304464776 3431.86059263
293.89970461 3431.86059263
294.494944445 3431.86059263
295.090184279 3431.86059263
295.685424114 3431.86059263
296.280663948 3431.86059263
296.875903783 3431.86059263
297.471143617 3431.86059263
298.066383452 3431.86059263
298.661623286 3431.86059263
299.256863121 3431.86059263
299.852102955 3431.86059263
300.44734279 3431.86059263
301.042582624 3431.86059263
301.637822458 3431.86059263
302.233062293 3431.86059263
302.828302127 3431.86059263
303.423541962 3431.86059263
304.018781796 3431.86059263
304.614021631 3431.86059263
305.209261465 5557.43227438
305.8045013 5557.43227438
306.399741134 5557.43227438
306.994980969 5557.43227438
307.590220803 5557.43227438
308.185460638 5557.43227438
308.780700472 5557.43227438
309.375940307 5557.43227438
309.971180141 5557.43227438
310.566419976 5557.43227438
311.16165981 5557.43227438
311.756899644 5557.43227438
312.352139479 5557.43227438
312.947379313 5557.43227438
313.542619148 5557.43227438
314.137858982 5557.43227438
314.733098817 5557.43227438
315.328338651 5557.43227438
315.923578486 5557.43227438
316.51881832 5557.43227438
317.114058155 5557.43227438
317.709297989 5557.43227438
318.304537824 5557.43227438
318.899777658 5557.43227438
319.495017493 5557.43227438
320.090257327 5557.43227438
320.685497162 5557.43227438
321.280736996 5557.43227438
321.875976831 5557.43227438
322.471216665 5557.43227438
323.066456499 5557.43227438
323.661696334 5557.43227438
324.256936168 5557.43227438
324.852176003 5557.43227438
325.447415837 5557.43227438
326.042655672 5557.43227438
326.637895506 5557.43227438
327.233135341 5557.43227438
327.828375175 5557.43227438
328.42361501 5557.43227438
329.018854844 5557.43227438
329.614094679 5557.43227438
330.209334513 5557.43227438
330.804574348 5557.43227438
331.399814182 5557.43227438
331.995054017 5557.43227438
332.590293851 5557.43227438
333.185533685 5557.43227438
333.78077352 5557.43227438
334.376013354 5557.43227438
334.971253189 5557.43227438
335.566493023 5557.43227438
336.161732858 5557.43227438
336.756972692 5557.43227438
337.352212527 5557.43227438
337.947452361 5557.43227438
338.542692196 5557.43227438
339.13793203 5557.43227438
339.733171865 5557.43227438
340.328411699 5557.43227438
340.923651534 5557.43227438
341.518891368 5557.43227438
342.114131203 5557.43227438
342.709371037 5557.43227438
343.304610872 5557.43227438
343.899850706 5557.43227438
344.49509054 5557.43227438
345.090330375 5557.43227438
345.685570209 5557.43227438
346.280810044 5557.43227438
346.876049878 5557.43227438
347.471289713 5557.43227438
348.066529547 5557.43227438
348.661769382 5557.43227438
349.257009216 5557.43227438
349.852249051 5557.43227438
350.447488885 5557.43227438
351.04272872 5557.43227438
351.637968554 5557.43227438
352.233208389 5557.43227438
352.828448223 5557.43227438
353.423688058 5557.43227438
354.018927892 5557.43227438
354.614167727 5557.43227438
355.209407561 5557.43227438
355.804647395 5557.43227438
356.39988723 5557.43227438
356.995127064 5557.43227438
357.590366899 5557.43227438
358.185606733 5557.43227438
358.780846568 5557.43227438
359.376086402 5557.43227438
359.971326237 5557.43227438
360.566566071 5557.43227438
361.161805906 5557.43227438
361.75704574 5557.43227438
362.352285575 5557.43227438
362.947525409 5557.43227438
363.542765244 5557.43227438
364.138005078 5557.43227438
364.733244913 5557.43227438
365.328484747 5557.43227438
365.923724581 5557.43227438
366.518964416 5557.43227438
367.11420425 5557.43227438
367.709444085 5557.43227438
368.304683919 5557.43227438
368.899923754 5557.43227438
369.495163588 5557.43227438
370.090403423 5557.43227438
370.685643257 5557.43227438
371.280883092 5557.43227438
371.876122926 5557.43227438
372.471362761 5557.43227438
373.066602595 5557.43227438
373.66184243 5557.43227438
374.257082264 5557.43227438
374.852322099 5557.43227438
375.447561933 5557.43227438
376.042801768 5557.43227438
376.638041602 5557.43227438
377.233281436 5557.43227438
377.828521271 5557.43227438
378.423761105 5557.43227438
379.01900094 5557.43227438
379.614240774 5557.43227438
380.209480609 5557.43227438
380.804720443 5557.43227438
381.399960278 5557.43227438
381.995200112 5557.43227438
382.590439947 5557.43227438
383.185679781 5557.43227438
383.780919616 5557.43227438
384.37615945 5557.43227438
384.971399285 5557.43227438
385.566639119 5557.43227438
386.161878954 5557.43227438
386.757118788 5557.43227438
387.352358623 5557.43227438
387.947598457 5557.43227438
388.542838291 5557.43227438
389.138078126 5557.43227438
389.73331796 5557.43227438
390.328557795 5557.43227438
390.923797629 5557.43227438
391.519037464 5557.43227438
392.114277298 5557.43227438
392.709517133 5557.43227438
393.304756967 5557.43227438
393.899996802 5557.43227438
394.495236636 5557.43227438
395.090476471 5557.43227438
395.685716305 5557.43227438
396.28095614 5557.43227438
396.876195974 5557.43227438
397.471435809 5557.43227438
398.066675643 5557.43227438
398.661915477 5557.43227438
399.257155312 5557.43227438
399.852395146 5557.43227438
400.447634981 5557.43227438
401.042874815 5557.43227438
401.63811465 5557.43227438
402.233354484 5557.43227438
402.828594319 5557.43227438
403.423834153 5557.43227438
404.019073988 5557.43227438
404.614313822 5557.43227438
405.209553657 5557.43227438
405.804793491 5557.43227438
406.400033326 5557.43227438
406.99527316 5557.43227438
407.590512995 5557.43227438
408.185752829 5557.43227438
408.780992664 5557.43227438
409.376232498 5557.43227438
409.971472332 5557.43227438
410.566712167 5557.43227438
411.161952001 5557.43227438
411.757191836 5557.43227438
412.35243167 5557.43227438
412.947671505 5557.43227438
413.542911339 5557.43227438
414.138151174 5557.43227438
414.733391008 5557.43227438
415.328630843 5557.43227438
415.923870677 5557.43227438
416.519110512 5557.43227438
417.114350346 5557.43227438
417.709590181 5557.43227438
418.304830015 5557.43227438
418.90006985 5557.43227438
419.495309684 5557.43227438
420.090549519 5557.43227438
420.685789353 5557.43227438
421.281029187 5557.43227438
421.876269022 5557.43227438
422.471508856 5557.43227438
423.066748691 5557.43227438
423.661988525 5557.43227438
424.25722836 5557.43227438
424.852468194 5557.43227438
425.447708029 5557.43227438
426.042947863 5557.43227438
426.638187698 5557.43227438
427.233427532 5557.43227438
427.828667367 5557.43227438
428.423907201 5557.43227438
429.019147036 5557.43227438
429.61438687 5557.43227438
430.209626705 5557.43227438
430.804866539 5557.43227438
431.400106373 5557.43227438
431.995346208 5557.43227438
432.590586042 5557.43227438
433.185825877 5557.43227438
433.781065711 5557.43227438
434.376305546 5557.43227438
434.97154538 5557.43227438
435.566785215 5557.43227438
436.162025049 5557.43227438
436.757264884 5557.43227438
437.352504718 5557.43227438
437.947744553 5557.43227438
438.542984387 5557.43227438
439.138224222 5557.43227438
439.733464056 5557.43227438
440.328703891 5557.43227438
440.923943725 5557.43227438
441.51918356 5557.43227438
442.114423394 5557.43227438
442.709663228 5557.43227438
443.304903063 5557.43227438
443.900142897 5557.43227438
444.495382732 5557.43227438
445.090622566 5557.43227438
445.685862401 5557.43227438
446.281102235 5557.43227438
446.87634207 5557.43227438
447.471581904 5557.43227438
448.066821739 5557.43227438
448.662061573 5557.43227438
449.257301408 5557.43227438
449.852541242 5557.43227438
450.447781077 5557.43227438
451.043020911 5557.43227438
451.638260746 5557.43227438
452.23350058 5557.43227438
452.828740415 5557.43227438
453.423980249 5557.43227438
454.019220083 5557.43227438
454.614459918 5557.43227438
455.209699752 5557.43227438
455.804939587 5557.43227438
456.400179421 5557.43227438
456.995419256 5557.43227438
457.59065909 5299.72610504
458.185898925 5299.72610504
458.781138759 5299.72610504
459.376378594 5299.72610504
459.971618428 5299.72610504
460.566858263 5299.72610504
461.162098097 5299.72610504
461.757337932 5299.72610504
462.352577766 5299.72610504
462.947817601 5299.72610504
463.543057435 5299.72610504
464.138297269 5299.72610504
464.733537104 5299.72610504
465.328776938 5299.72610504
465.924016773 5299.72610504
466.519256607 5299.72610504
467.114496442 5299.72610504
467.709736276 5299.72610504
468.304976111 5299.72610504
468.900215945 5299.72610504
469.49545578 5299.72610504
470.090695614 5299.72610504
470.685935449 5299.72610504
471.281175283 5299.72610504
471.876415118 5299.72610504
472.471654952 5299.72610504
473.066894787 5299.72610504
473.662134621 5299.72610504
474.257374456 5299.72610504
474.85261429 5299.72610504
475.447854124 5299.72610504
476.043093959 5299.72610504
476.638333793 5299.72610504
477.233573628 5299.72610504
477.828813462 5299.72610504
478.424053297 5299.72610504
479.019293131 5299.72610504
479.614532966 5299.72610504
480.2097728 5299.72610504
480.805012635 5299.72610504
481.400252469 5299.72610504
481.995492304 5299.72610504
482.590732138 5299.72610504
483.185971973 5299.72610504
483.781211807 5299.72610504
484.376451642 5299.72610504
484.971691476 5299.72610504
485.56693131 5299.72610504
486.162171145 5299.72610504
486.757410979 5299.72610504
487.352650814 5299.72610504
487.947890648 5299.72610504
488.543130483 5299.72610504
489.138370317 5299.72610504
489.733610152 5299.72610504
490.328849986 5299.72610504
490.924089821 5299.72610504
491.519329655 5299.72610504
492.11456949 5299.72610504
492.709809324 5299.72610504
493.305049159 5299.72610504
493.900288993 5299.72610504
494.495528828 5299.72610504
495.090768662 5299.72610504
495.686008497 5299.72610504
496.281248331 5299.72610504
496.876488165 5299.72610504
497.471728 5299.72610504
498.066967834 5299.72610504
498.662207669 5299.72610504
499.257447503 5299.72610504
499.852687338 5299.72610504
500.447927172 5299.72610504
501.043167007 5299.72610504
501.638406841 5299.72610504
502.233646676 5299.72610504
502.82888651 5299.72610504
503.424126345 5299.72610504
504.019366179 5299.72610504
504.614606014 5299.72610504
505.209845848 5299.72610504
505.805085683 5299.72610504
506.400325517 5299.72610504
506.995565352 5299.72610504
507.590805186 5299.72610504
508.18604502 5299.72610504
508.781284855 5299.72610504
509.376524689 5299.72610504
509.971764524 5299.72610504
510.567004358 5299.72610504
511.162244193 5299.72610504
511.757484027 5299.72610504
512.352723862 5299.72610504
512.947963696 5299.72610504
513.543203531 5299.72610504
514.138443365 5299.72610504
514.7336832 5299.72610504
515.328923034 5299.72610504
515.924162869 5299.72610504
516.519402703 5299.72610504
517.114642538 5299.72610504
517.709882372 5299.72610504
518.305122206 5299.72610504
518.900362041 5299.72610504
519.495601875 5299.72610504
520.09084171 5299.72610504
520.686081544 5299.72610504
521.281321379 5299.72610504
521.876561213 5299.72610504
522.471801048 5299.72610504
523.067040882 5299.72610504
523.662280717 5299.72610504
524.257520551 5299.72610504
524.852760386 5299.72610504
525.44800022 5299.72610504
526.043240055 5299.72610504
526.638479889 5299.72610504
527.233719724 5299.72610504
527.828959558 5299.72610504
528.424199393 5299.72610504
529.019439227 5299.72610504
529.614679061 5299.72610504
530.209918896 5299.72610504
530.80515873 5299.72610504
531.400398565 5299.72610504
531.995638399 5299.72610504
532.590878234 5299.72610504
533.186118068 5299.72610504
533.781357903 5815.13844372
534.376597737 5815.13844372
534.971837572 5815.13844372
535.567077406 5815.13844372
536.162317241 5815.13844372
536.757557075 5815.13844372
537.35279691 5815.13844372
537.948036744 5815.13844372
538.543276579 5815.13844372
539.138516413 5815.13844372
539.733756248 5815.13844372
540.328996082 5815.13844372
540.924235916 5815.13844372
541.519475751 5815.13844372
542.114715585 5815.13844372
542.70995542 5815.13844372
543.305195254 5815.13844372
543.900435089 5815.13844372
544.495674923 5815.13844372
545.090914758 5815.13844372
545.686154592 5815.13844372
546.281394427 5815.13844372
546.876634261 5815.13844372
547.471874096 5815.13844372
548.06711393 5815.13844372
548.662353765 5815.13844372
549.257593599 5815.13844372
549.852833434 5815.13844372
550.448073268 5815.13844372
551.043313102 5815.13844372
551.638552937 5815.13844372
552.233792771 5815.13844372
552.829032606 5815.13844372
553.42427244 5815.13844372
554.019512275 5815.13844372
554.614752109 5815.13844372
555.209991944 5815.13844372
555.805231778 5815.13844372
556.400471613 5815.13844372
556.995711447 5815.13844372
557.590951282 5815.13844372
558.186191116 5815.13844372
558.781430951 5815.13844372
559.376670785 5815.13844372
559.97191062 5815.13844372
560.567150454 5815.13844372
561.162390289 5815.13844372
561.757630123 5815.13844372
562.352869957 5815.13844372
562.948109792 5815.13844372
563.543349626 5815.13844372
564.138589461 5815.13844372
564.733829295 5815.13844372
565.32906913 5815.13844372
565.924308964 5815.13844372
566.519548799 5815.13844372
567.114788633 5815.13844372
567.710028468 5815.13844372
568.305268302 5815.13844372
568.900508137 5815.13844372
569.495747971 5815.13844372
570.090987806 5815.13844372
570.68622764 5815.13844372
571.281467475 5815.13844372
571.876707309 5815.13844372
572.471947144 5815.13844372
573.067186978 5815.13844372
573.662426812 5815.13844372
574.257666647 5815.13844372
574.852906481 5815.13844372
575.448146316 5815.13844372
576.04338615 5815.13844372
576.638625985 5815.13844372
577.233865819 5815.13844372
577.829105654 5815.13844372
578.424345488 5815.13844372
579.019585323 5815.13844372
579.614825157 5815.13844372
580.210064992 5815.13844372
580.805304826 5815.13844372
581.400544661 5815.13844372
581.995784495 5815.13844372
582.59102433 5815.13844372
583.186264164 5815.13844372
583.781503998 5815.13844372
584.376743833 5815.13844372
584.971983667 5815.13844372
585.567223502 5815.13844372
586.162463336 5815.13844372
586.757703171 5815.13844372
587.352943005 5815.13844372
587.94818284 5815.13844372
588.543422674 5815.13844372
589.138662509 5815.13844372
589.733902343 5815.13844372
590.329142178 5815.13844372
590.924382012 5815.13844372
591.519621847 5815.13844372
592.114861681 5815.13844372
592.710101516 5815.13844372
593.30534135 5815.13844372
593.900581185 5815.13844372
594.495821019 5815.13844372
595.091060853 5815.13844372
595.686300688 5815.13844372
596.281540522 5815.13844372
596.876780357 5815.13844372
597.472020191 5815.13844372
598.067260026 5815.13844372
598.66249986 5815.13844372
599.257739695 5815.13844372
599.852979529 5815.13844372
600.448219364 5815.13844372
601.043459198 5815.13844372
601.638699033 5815.13844372
602.233938867 5815.13844372
602.829178702 5815.13844372
603.424418536 5815.13844372
604.019658371 5815.13844372
604.614898205 5815.13844372
605.21013804 5815.13844372
605.805377874 5815.13844372
606.400617708 5815.13844372
606.995857543 5815.13844372
607.591097377 5815.13844372
608.186337212 5815.13844372
608.781577046 5815.13844372
609.376816881 5815.13844372
609.972056715 5123.15988299
610.56729655 5123.15988299
611.162536384 5123.15988299
611.757776219 5123.15988299
612.353016053 5123.15988299
612.948255888 5123.15988299
613.543495722 5123.15988299
614.138735557 5123.15988299
614.733975391 5123.15988299
615.329215226 5123.15988299
615.92445506 5123.15988299
616.519694894 5123.15988299
617.114934729 5123.15988299
617.710174563 5123.15988299
618.305414398 5123.15988299
618.900654232 5123.15988299
619.495894067 5123.15988299
620.091133901 5123.15988299
620.686373736 5123.15988299
621.28161357 5123.15988299
621.876853405 5123.15988299
622.472093239 5123.15988299
623.067333074 5123.15988299
623.662572908 5123.15988299
624.257812743 5123.15988299
624.853052577 5123.15988299
625.448292412 5123.15988299
626.043532246 5123.15988299
626.638772081 5123.15988299
627.234011915 5123.15988299
627.829251749 5123.15988299
628.424491584 5123.15988299
629.019731418 5123.15988299
629.614971253 5123.15988299
630.210211087 5123.15988299
630.805450922 5123.15988299
631.400690756 5123.15988299
631.995930591 5123.15988299
632.591170425 5123.15988299
633.18641026 5123.15988299
633.781650094 5123.15988299
634.376889929 5123.15988299
634.972129763 5123.15988299
635.567369598 5123.15988299
636.162609432 5123.15988299
636.757849267 5123.15988299
637.353089101 5123.15988299
637.948328935 5123.15988299
638.54356877 5718.75951137
639.138808604 5718.75951137
639.734048439 5718.75951137
640.329288273 5718.75951137
640.924528108 5718.75951137
641.519767942 5718.75951137
642.115007777 5718.75951137
642.710247611 5718.75951137
643.305487446 4527.56025461
643.90072728 4527.56025461
644.495967115 4527.56025461
645.091206949 4527.56025461
645.686446784 4527.56025461
646.281686618 4527.56025461
646.876926453 4527.56025461
647.472166287 4527.56025461
648.067406122 5123.15988299
648.662645956 5123.15988299
649.25788579 5123.15988299
649.853125625 5123.15988299
650.448365459 5123.15988299
651.043605294 5123.15988299
651.638845128 5123.15988299
652.234084963 5123.15988299
652.829324797 5123.15988299
653.424564632 5123.15988299
654.019804466 5123.15988299
654.615044301 5123.15988299
655.210284135 5123.15988299
655.80552397 5123.15988299
656.400763804 5123.15988299
656.996003639 5123.15988299
657.591243473 5123.15988299
658.186483308 5123.15988299
658.781723142 5123.15988299
659.376962977 5123.15988299
659.972202811 5123.15988299
660.567442645 5123.15988299
661.16268248 5123.15988299
661.757922314 5123.15988299
662.353162149 5123.15988299
662.948401983 5123.15988299
663.543641818 5123.15988299
664.138881652 5123.15988299
664.734121487 5123.15988299
665.329361321 5123.15988299
665.924601156 5123.15988299
666.51984099 5123.15988299
667.115080825 5123.15988299
667.710320659 5123.15988299
668.305560494 5123.15988299
668.900800328 5123.15988299
669.496040163 5123.15988299
670.091279997 5123.15988299
670.686519831 5123.15988299
671.281759666 5123.15988299
671.8769995 5123.15988299
672.472239335 5123.15988299
673.067479169 5123.15988299
673.662719004 5123.15988299
674.257958838 5123.15988299
674.853198673 5123.15988299
675.448438507 5123.15988299
676.043678342 5123.15988299
676.638918176 5123.15988299
677.234158011 5123.15988299
677.829397845 5123.15988299
678.42463768 5123.15988299
679.019877514 5123.15988299
679.615117349 5123.15988299
680.210357183 5123.15988299
680.805597018 5123.15988299
681.400836852 5123.15988299
681.996076686 5123.15988299
682.591316521 5123.15988299
683.186556355 5123.15988299
683.78179619 5123.15988299
684.377036024 5123.15988299
684.972275859 5123.15988299
685.567515693 5123.15988299
686.162755528 4208.14766535
686.757995362 4208.14766535
687.353235197 4208.14766535
687.948475031 4208.14766535
688.543714866 4208.14766535
689.1389547 4208.14766535
689.734194535 4208.14766535
690.329434369 4208.14766535
690.924674204 4208.14766535
691.519914038 4208.14766535
692.115153873 4208.14766535
692.710393707 4208.14766535
693.305633541 4208.14766535
693.900873376 4208.14766535
694.49611321 4208.14766535
695.091353045 4208.14766535
695.686592879 4208.14766535
696.281832714 4208.14766535
696.877072548 4208.14766535
697.472312383 4208.14766535
698.067552217 4208.14766535
698.662792052 4208.14766535
699.258031886 4208.14766535
699.853271721 4208.14766535
700.448511555 4208.14766535
701.04375139 4208.14766535
701.638991224 4208.14766535
702.234231059 4208.14766535
702.829470893 4208.14766535
703.424710727 4208.14766535
704.019950562 4208.14766535
704.615190396 4208.14766535
705.210430231 5338.07372323
705.805670065 5338.07372323
706.4009099 5338.07372323
706.996149734 5338.07372323
707.591389569 5338.07372323
708.186629403 5338.07372323
708.781869238 5338.07372323
709.377109072 5338.07372323
709.972348907 5338.07372323
710.567588741 5338.07372323
711.162828576 5338.07372323
711.75806841 5338.07372323
712.353308245 5338.07372323
712.948548079 5338.07372323
713.543787914 5338.07372323
714.139027748 5338.07372323
714.734267582 5338.07372323
715.329507417 5338.07372323
715.924747251 5338.07372323
716.519987086 5338.07372323
717.11522692 5338.07372323
717.710466755 5338.07372323
718.305706589 5338.07372323
718.900946424 5338.07372323
719.496186258 5338.07372323
720.091426093 5338.07372323
720.686665927 5338.07372323
721.281905762 5338.07372323
721.877145596 5338.07372323
722.472385431 5338.07372323
723.067625265 5338.07372323
723.6628651 5338.07372323
724.258104934 5473.20907169
724.853344769 5473.20907169
725.448584603 5473.20907169
726.043824437 5473.20907169
726.639064272 5473.20907169
727.234304106 5473.20907169
727.829543941 5473.20907169
728.424783775 5473.20907169
729.02002361 5473.20907169
729.615263444 5473.20907169
730.210503279 5473.20907169
730.805743113 5473.20907169
731.400982948 5473.20907169
731.996222782 5473.20907169
732.591462617 5473.20907169
733.186702451 5473.20907169
733.781942286 5473.20907169
734.37718212 5473.20907169
734.972421955 5473.20907169
735.567661789 5473.20907169
736.162901623 5473.20907169
736.758141458 5473.20907169
737.353381292 5473.20907169
737.948621127 5473.20907169
738.543860961 5473.20907169
739.139100796 5473.20907169
739.73434063 5473.20907169
740.329580465 5473.20907169
740.924820299 5473.20907169
741.520060134 5473.20907169
742.115299968 5473.20907169
742.710539803 5473.20907169
743.305779637 5473.20907169
743.901019472 5473.20907169
744.496259306 5473.20907169
745.091499141 5473.20907169
745.686738975 5473.20907169
746.28197881 5473.20907169
746.877218644 5473.20907169
747.472458478 5473.20907169
748.067698313 5473.20907169
748.662938147 5473.20907169
749.258177982 5473.20907169
749.853417816 5473.20907169
750.448657651 5473.20907169
751.043897485 5473.20907169
751.63913732 5473.20907169
752.234377154 5473.20907169
752.829616989 5473.20907169
753.424856823 5473.20907169
754.020096658 5473.20907169
754.615336492 5473.20907169
755.210576327 5473.20907169
755.805816161 5473.20907169
756.401055996 5473.20907169
756.99629583 5473.20907169
757.591535665 5473.20907169
758.186775499 5473.20907169
758.782015333 5473.20907169
759.377255168 5473.20907169
759.972495002 5473.20907169
760.567734837 5473.20907169
761.162974671 5473.20907169
761.758214506 5473.20907169
762.35345434 5017.44340205
762.948694175 5017.44340205
763.543934009 5017.44340205
764.139173844 5017.44340205
764.734413678 5017.44340205
765.329653513 5017.44340205
765.924893347 5017.44340205
766.520133182 5017.44340205
767.115373016 5017.44340205
767.710612851 5017.44340205
768.305852685 5017.44340205
768.901092519 5017.44340205
769.496332354 5017.44340205
770.091572188 5017.44340205
770.686812023 5017.44340205
771.282051857 5017.44340205
771.877291692 5017.44340205
772.472531526 5017.44340205
773.067771361 5017.44340205
773.663011195 5017.44340205
774.25825103 5017.44340205
774.853490864 5017.44340205
775.448730699 5017.44340205
776.043970533 5017.44340205
776.639210368 5017.44340205
777.234450202 5017.44340205
777.829690037 5017.44340205
778.424929871 5017.44340205
779.020169706 5017.44340205
779.61540954 5017.44340205
780.210649374 5017.44340205
780.805889209 5017.44340205
781.401129043 5017.44340205
781.996368878 5017.44340205
782.591608712 5017.44340205
783.186848547 5017.44340205
783.782088381 5017.44340205
784.377328216 5017.44340205
784.97256805 5017.44340205
785.567807885 5017.44340205
786.163047719 5017.44340205
786.758287554 5017.44340205
787.353527388 5017.44340205
787.948767223 5017.44340205
788.544007057 5017.44340205
789.139246892 5017.44340205
789.734486726 5017.44340205
790.32972656 5017.44340205
790.924966395 5017.44340205
791.520206229 5017.44340205
792.115446064 5017.44340205
792.710685898 5017.44340205
793.305925733 5017.44340205
793.901165567 5017.44340205
794.496405402 5017.44340205
795.091645236 5017.44340205
795.686885071 5017.44340205
796.282124905 5017.44340205
796.87736474 5017.44340205
797.472604574 5017.44340205
798.067844409 5017.44340205
798.663084243 5017.44340205
799.258324078 5017.44340205
799.853563912 5017.44340205
800.448803747 4323.13319142
801.044043581 4323.13319142
801.639283415 4323.13319142
802.23452325 4323.13319142
802.829763084 4323.13319142
803.425002919 4323.13319142
804.020242753 4323.13319142
804.615482588 4323.13319142
805.210722422 4323.13319142
805.805962257 4323.13319142
806.401202091 4323.13319142
806.996441926 4323.13319142
807.59168176 4323.13319142
808.186921595 4323.13319142
808.782161429 4323.13319142
809.377401264 4323.13319142
809.972641098 4323.13319142
810.567880933 4323.13319142
811.163120767 4323.13319142
811.758360602 4323.13319142
812.353600436 4323.13319142
812.94884027 4323.13319142
813.544080105 4323.13319142
814.139319939 4323.13319142
814.734559774 4323.13319142
815.329799608 4323.13319142
815.925039443 4323.13319142
816.520279277 4323.13319142
817.115519112 4323.13319142
817.710758946 4323.13319142
818.305998781 4323.13319142
818.901238615 4323.13319142
819.49647845 4323.13319142
820.091718284 4323.13319142
820.686958119 4323.13319142
821.282197953 4323.13319142
821.877437788 4323.13319142
822.472677622 4323.13319142
823.067917456 4323.13319142
823.663157291 4323.13319142
824.258397125 4323.13319142
824.85363696 4323.13319142
825.448876794 4323.13319142
826.044116629 4323.13319142
826.639356463 4323.13319142
827.234596298 4323.13319142
827.829836132 4323.13319142
828.425075967 4323.13319142
829.020315801 4323.13319142
829.615555636 4323.13319142
830.21079547 4323.13319142
830.806035305 4323.13319142
831.401275139 4323.13319142
831.996514974 4323.13319142
832.591754808 4323.13319142
833.186994643 4323.13319142
833.782234477 4323.13319142
834.377474311 4323.13319142
834.972714146 4323.13319142
835.56795398 4323.13319142
836.163193815 4323.13319142
836.758433649 4323.13319142
837.353673484 4323.13319142
837.948913318 4323.13319142
838.544153153 5576.03146925
839.139392987 5576.03146925
839.734632822 5576.03146925
840.329872656 5576.03146925
840.925112491 5576.03146925
841.520352325 5576.03146925
842.11559216 5576.03146925
842.710831994 5576.03146925
843.306071829 5576.03146925
843.901311663 5576.03146925
844.496551498 5576.03146925
845.091791332 5576.03146925
845.687031166 5576.03146925
846.282271001 5576.03146925
846.877510835 5576.03146925
847.47275067 5576.03146925
848.067990504 5576.03146925
848.663230339 5576.03146925
849.258470173 5576.03146925
849.853710008 5576.03146925
850.448949842 5576.03146925
851.044189677 5576.03146925
851.639429511 5576.03146925
852.234669346 5576.03146925
852.82990918 5576.03146925
853.425149015 5576.03146925
854.020388849 5576.03146925
854.615628684 5576.03146925
855.210868518 5576.03146925
855.806108352 5576.03146925
856.401348187 5576.03146925
856.996588021 5576.03146925
857.591827856 5576.03146925
858.18706769 5576.03146925
858.782307525 5576.03146925
859.377547359 5576.03146925
859.972787194 5576.03146925
860.568027028 5576.03146925
861.163266863 5576.03146925
861.758506697 5576.03146925
862.353746532 5576.03146925
862.948986366 5576.03146925
863.544226201 5576.03146925
864.139466035 5576.03146925
864.73470587 5576.03146925
865.329945704 5576.03146925
865.925185539 5576.03146925
866.520425373 5576.03146925
867.115665207 5576.03146925
867.710905042 5576.03146925
868.306144876 5576.03146925
868.901384711 5576.03146925
869.496624545 5576.03146925
870.09186438 5576.03146925
870.687104214 5576.03146925
871.282344049 5576.03146925
871.877583883 5576.03146925
872.472823718 5576.03146925
873.068063552 5576.03146925
873.663303387 5576.03146925
874.258543221 5576.03146925
874.853783056 5576.03146925
875.44902289 5576.03146925
876.044262725 5576.03146925
876.639502559 5576.03146925
877.234742394 5576.03146925
877.829982228 5576.03146925
878.425222062 5576.03146925
879.020461897 5576.03146925
879.615701731 5576.03146925
880.210941566 5576.03146925
880.8061814 5576.03146925
881.401421235 5576.03146925
881.996661069 5576.03146925
882.591900904 5576.03146925
883.187140738 5576.03146925
883.782380573 5576.03146925
884.377620407 5576.03146925
884.972860242 5576.03146925
885.568100076 5576.03146925
886.163339911 5576.03146925
886.758579745 5576.03146925
887.35381958 5576.03146925
887.949059414 5576.03146925
888.544299248 5576.03146925
889.139539083 5576.03146925
889.734778917 5576.03146925
890.330018752 5576.03146925
890.925258586 5576.03146925
891.520498421 5576.03146925
892.115738255 5576.03146925
892.71097809 5576.03146925
893.306217924 5576.03146925
893.901457759 5576.03146925
894.496697593 5576.03146925
895.091937428 5576.03146925
895.687177262 5576.03146925
896.282417097 5576.03146925
896.877656931 5576.03146925
897.472896766 5576.03146925
898.0681366 5576.03146925
898.663376435 5576.03146925
899.258616269 5576.03146925
899.853856103 5576.03146925
900.449095938 5576.03146925
901.044335772 5576.03146925
901.639575607 5576.03146925
902.234815441 5576.03146925
902.830055276 5576.03146925
903.42529511 5576.03146925
904.020534945 5576.03146925
904.615774779 5576.03146925
905.211014614 5576.03146925
905.806254448 5576.03146925
906.401494283 5576.03146925
906.996734117 5576.03146925
907.591973952 5576.03146925
908.187213786 5576.03146925
908.782453621 5576.03146925
909.377693455 5576.03146925
909.97293329 5576.03146925
910.568173124 5576.03146925
911.163412958 5576.03146925
911.758652793 5576.03146925
912.353892627 5576.03146925
912.949132462 5576.03146925
913.544372296 5576.03146925
914.139612131 5576.03146925
914.734851965 6507.16716381
915.3300918 6507.16716381
915.925331634 6507.16716381
916.520571469 6507.16716381
917.115811303 6507.16716381
917.711051138 6507.16716381
918.306290972 6507.16716381
918.901530807 6507.16716381
919.496770641 6507.16716381
920.092010476 6507.16716381
920.68725031 6507.16716381
921.282490144 6507.16716381
921.877729979 6507.16716381
922.472969813 6507.16716381
923.068209648 6507.16716381
923.663449482 6507.16716381
924.258689317 6507.16716381
924.853929151 6507.16716381
925.449168986 6507.16716381
926.04440882 6507.16716381
926.639648655 6507.16716381
927.234888489 6507.16716381
927.830128324 6507.16716381
928.425368158 6507.16716381
929.020607993 6507.16716381
929.615847827 6507.16716381
930.211087662 6507.16716381
930.806327496 6507.16716381
931.401567331 6507.16716381
931.996807165 6507.16716381
932.592046999 6507.16716381
933.187286834 6507.16716381
933.782526668 6507.16716381
934.377766503 6507.16716381
934.973006337 6507.16716381
935.568246172 6507.16716381
936.163486006 6507.16716381
936.758725841 6507.16716381
937.353965675 6507.16716381
937.94920551 6507.16716381
938.544445344 6507.16716381
939.139685179 6507.16716381
939.734925013 6507.16716381
940.330164848 6507.16716381
940.925404682 6507.16716381
941.520644517 6507.16716381
942.115884351 6507.16716381
942.711124185 6507.16716381
943.30636402 6507.16716381
943.901603854 6507.16716381
944.496843689 6507.16716381
945.092083523 6507.16716381
945.687323358 6507.16716381
946.282563192 6507.16716381
946.877803027 6507.16716381
947.473042861 6507.16716381
948.068282696 6507.16716381
948.66352253 6507.16716381
949.258762365 6507.16716381
949.854002199 6507.16716381
950.449242034 6507.16716381
951.044481868 6507.16716381
951.639721703 6507.16716381
952.234961537 6507.16716381
952.830201372 6507.16716381
953.425441206 6507.16716381
954.02068104 6507.16716381
954.615920875 6507.16716381
955.211160709 6507.16716381
955.806400544 6507.16716381
956.401640378 6507.16716381
956.996880213 6507.16716381
957.592120047 6507.16716381
958.187359882 6507.16716381
958.782599716 6507.16716381
959.377839551 6507.16716381
959.973079385 6507.16716381
960.56831922 6507.16716381
961.163559054 6507.16716381
961.758798889 6507.16716381
962.354038723 6507.16716381
962.949278558 6507.16716381
963.544518392 6507.16716381
964.139758227 6507.16716381
964.734998061 6507.16716381
965.330237895 6507.16716381
965.92547773 6507.16716381
966.520717564 6507.16716381
967.115957399 6507.16716381
967.711197233 6507.16716381
968.306437068 6507.16716381
968.901676902 6507.16716381
969.496916737 6507.16716381
970.092156571 6507.16716381
970.687396406 6507.16716381
971.28263624 6507.16716381
971.877876075 6507.16716381
972.473115909 6507.16716381
973.068355744 6507.16716381
973.663595578 6507.16716381
974.258835413 6507.16716381
974.854075247 6507.16716381
975.449315081 6507.16716381
976.044554916 6507.16716381
976.63979475 6507.16716381
977.235034585 6507.16716381
977.830274419 6507.16716381
978.425514254 6507.16716381
979.020754088 6507.16716381
979.615993923 6507.16716381
980.211233757 6507.16716381
980.806473592 6507.16716381
981.401713426 6507.16716381
981.996953261 6507.16716381
982.592193095 6507.16716381
983.18743293 6507.16716381
983.782672764 6507.16716381
984.377912599 6507.16716381
984.973152433 6507.16716381
985.568392268 6507.16716381
986.163632102 6507.16716381
986.758871936 6507.16716381
987.354111771 6507.16716381
987.949351605 6507.16716381
988.54459144 6507.16716381
989.139831274 6507.16716381
989.735071109 6507.16716381
990.330310943 6507.16716381
990.925550778 6507.16716381
991.520790612 6507.16716381
992.116030447 6507.16716381
992.711270281 6507.16716381
993.306510116 6507.16716381
993.90174995 6507.16716381
994.496989785 6507.16716381
995.092229619 6507.16716381
995.687469454 6507.16716381
996.282709288 6507.16716381
996.877949123 6507.16716381
997.473188957 6507.16716381
998.068428791 6507.16716381
998.663668626 6507.16716381
999.25890846 6507.16716381
999.854148295 6507.16716381
1000.44938813 6507.16716381
1001.04462796 6507.16716381
1001.6398678 6507.16716381
1002.23510763 6507.16716381
1002.83034747 6507.16716381
1003.4255873 6507.16716381
1004.02082714 6507.16716381
1004.61606697 6507.16716381
1005.21130681 6507.16716381
1005.80654664 6507.16716381
1006.40178647 6507.16716381
1006.99702631 6507.16716381
1007.59226614 6507.16716381
1008.18750598 6507.16716381
1008.78274581 6507.16716381
1009.37798565 6507.16716381
1009.97322548 6507.16716381
1010.56846532 6507.16716381
1011.16370515 6507.16716381
1011.75894498 6507.16716381
1012.35418482 6507.16716381
1012.94942465 6507.16716381
1013.54466449 6507.16716381
1014.13990432 6507.16716381
1014.73514416 6507.16716381
1015.33038399 6507.16716381
1015.92562383 6507.16716381
1016.52086366 6507.16716381
1017.11610349 6507.16716381
1017.71134333 6507.16716381
1018.30658316 6507.16716381
1018.901823 6507.16716381
1019.49706283 6507.16716381
1020.09230267 6507.16716381
1020.6875425 6507.16716381
1021.28278234 6507.16716381
1021.87802217 6507.16716381
1022.473262 6507.16716381
1023.06850184 6507.16716381
1023.66374167 6507.16716381
1024.25898151 6507.16716381
1024.85422134 6507.16716381
1025.44946118 6507.16716381
1026.04470101 6507.16716381
1026.63994085 6507.16716381
1027.23518068 6507.16716381
1027.83042052 6507.16716381
1028.42566035 6507.16716381
1029.02090018 6507.16716381
1029.61614002 6507.16716381
1030.21137985 6507.16716381
1030.80661969 6507.16716381
1031.40185952 6507.16716381
1031.99709936 6507.16716381
1032.59233919 6507.16716381
1033.18757903 6507.16716381
1033.78281886 6507.16716381
1034.37805869 6507.16716381
1034.97329853 6507.16716381
1035.56853836 6507.16716381
1036.1637782 6507.16716381
1036.75901803 6507.16716381
1037.35425787 6507.16716381
1037.9494977 6507.16716381
1038.54473754 6507.16716381
1039.13997737 6507.16716381
1039.7352172 6507.16716381
1040.33045704 6507.16716381
1040.92569687 6507.16716381
1041.52093671 6507.16716381
1042.11617654 6507.16716381
1042.71141638 6507.16716381
1043.30665621 6507.16716381
1043.90189605 6507.16716381
1044.49713588 6507.16716381
1045.09237571 6507.16716381
1045.68761555 6507.16716381
1046.28285538 6507.16716381
1046.87809522 6507.16716381
1047.47333505 6507.16716381
1048.06857489 6507.16716381
1048.66381472 6507.16716381
1049.25905456 6507.16716381
1049.85429439 6507.16716381
1050.44953423 6507.16716381
1051.04477406 6507.16716381
1051.64001389 6507.16716381
1052.23525373 6507.16716381
1052.83049356 6507.16716381
1053.4257334 6507.16716381
1054.02097323 6507.16716381
1054.61621307 6507.16716381
1055.2114529 6507.16716381
1055.80669274 6507.16716381
1056.40193257 6507.16716381
1056.9971724 6507.16716381
1057.59241224 6507.16716381
1058.18765207 6507.16716381
1058.78289191 6507.16716381
1059.37813174 6507.16716381
1059.97337158 6507.16716381
1060.56861141 6507.16716381
1061.16385125 6507.16716381
1061.75909108 6507.16716381
1062.35433091 6507.16716381
1062.94957075 6507.16716381
1063.54481058 6507.16716381
1064.14005042 6507.16716381
1064.73529025 6507.16716381
1065.33053009 6507.16716381
1065.92576992 6507.16716381
1066.52100976 6507.16716381
1067.11624959 6507.16716381
1067.71148942 6507.16716381
1068.30672926 6507.16716381
1068.90196909 6507.16716381
1069.49720893 6507.16716381
1070.09244876 6507.16716381
1070.6876886 6507.16716381
1071.28292843 6507.16716381
1071.87816827 6507.16716381
1072.4734081 6507.16716381
1073.06864794 6507.16716381
1073.66388777 6507.16716381
1074.2591276 6507.16716381
1074.85436744 6507.16716381
1075.44960727 6507.16716381
1076.04484711 6507.16716381
1076.64008694 6507.16716381
1077.23532678 6507.16716381
1077.83056661 6507.16716381
1078.42580645 6507.16716381
1079.02104628 6507.16716381
1079.61628611 6507.16716381
1080.21152595 6507.16716381
1080.80676578 6507.16716381
1081.40200562 6507.16716381
1081.99724545 6507.16716381
1082.59248529 6507.16716381
1083.18772512 6507.16716381
1083.78296496 6507.16716381
1084.37820479 6507.16716381
1084.97344462 6507.16716381
1085.56868446 6507.16716381
1086.16392429 6507.16716381
1086.75916413 6507.16716381
1087.35440396 6507.16716381
1087.9496438 6507.16716381
1088.54488363 6507.16716381
1089.14012347 6507.16716381
1089.7353633 6507.16716381
1090.33060313 6507.16716381
1090.92584297 6507.16716381
1091.5210828 6507.16716381
1092.11632264 6507.16716381
1092.71156247 6507.16716381
1093.30680231 6507.16716381
1093.90204214 6507.16716381
1094.49728198 6507.16716381
1095.09252181 6507.16716381
1095.68776164 6507.16716381
1096.28300148 6507.16716381
1096.87824131 6507.16716381
1097.47348115 6507.16716381
1098.06872098 6507.16716381
1098.66396082 6507.16716381
1099.25920065 6507.16716381
1099.85444049 6507.16716381
1100.44968032 6507.16716381
1101.04492016 6507.16716381
1101.64015999 6507.16716381
1102.23539982 6507.16716381
1102.83063966 6507.16716381
1103.42587949 6507.16716381
1104.02111933 6507.16716381
1104.61635916 6507.16716381
1105.211599 6507.16716381
1105.80683883 6507.16716381
1106.40207867 6507.16716381
1106.9973185 6507.16716381
1107.59255833 6507.16716381
1108.18779817 6507.16716381
1108.783038 6507.16716381
1109.37827784 6507.16716381
1109.97351767 6507.16716381
1110.56875751 6507.16716381
1111.16399734 6507.16716381
1111.75923718 6507.16716381
1112.35447701 6507.16716381
1112.94971684 6507.16716381
1113.54495668 6507.16716381
1114.14019651 6507.16716381
1114.73543635 6507.16716381
1115.33067618 6507.16716381
1115.92591602 6507.16716381
1116.52115585 6507.16716381
1117.11639569 6507.16716381
1117.71163552 6507.16716381
1118.30687535 6507.16716381
1118.90211519 6507.16716381
1119.49735502 6507.16716381
1120.09259486 6507.16716381
1120.68783469 6507.16716381
1121.28307453 6507.16716381
1121.87831436 6507.16716381
1122.4735542 6507.16716381
1123.06879403 6507.16716381
1123.66403387 6507.16716381
1124.2592737 6507.16716381
1124.85451353 6507.16716381
1125.44975337 6507.16716381
1126.0449932 6507.16716381
1126.64023304 6507.16716381
1127.23547287 6507.16716381
1127.83071271 6507.16716381
1128.42595254 6507.16716381
1129.02119238 6507.16716381
1129.61643221 6507.16716381
1130.21167204 6507.16716381
1130.80691188 6507.16716381
1131.40215171 6507.16716381
1131.99739155 6507.16716381
1132.59263138 6507.16716381
1133.18787122 6507.16716381
1133.78311105 6507.16716381
1134.37835089 6507.16716381
1134.97359072 6507.16716381
1135.56883055 6507.16716381
1136.16407039 6507.16716381
1136.75931022 6507.16716381
1137.35455006 6507.16716381
1137.94978989 6507.16716381
1138.54502973 6507.16716381
1139.14026956 6507.16716381
1139.7355094 6507.16716381
1140.33074923 6507.16716381
1140.92598906 6507.16716381
1141.5212289 6507.16716381
1142.11646873 6507.16716381
1142.71170857 6507.16716381
1143.3069484 6507.16716381
1143.90218824 6507.16716381
1144.49742807 6507.16716381
1145.09266791 6507.16716381
1145.68790774 6507.16716381
1146.28314758 6507.16716381
1146.87838741 6507.16716381
1147.47362724 6507.16716381
1148.06886708 6507.16716381
1148.66410691 6507.16716381
1149.25934675 6507.16716381
1149.85458658 6507.16716381
1150.44982642 6507.16716381
1151.04506625 6507.16716381
1151.64030609 6507.16716381
1152.23554592 6507.16716381
1152.83078575 6507.16716381
1153.42602559 6507.16716381
1154.02126542 6507.16716381
1154.61650526 6507.16716381
1155.21174509 6507.16716381
1155.80698493 6507.16716381
1156.40222476 6507.16716381
1156.9974646 6507.16716381
1157.59270443 6507.16716381
1158.18794426 6507.16716381
1158.7831841 6507.16716381
1159.37842393 6507.16716381
1159.97366377 6507.16716381
1160.5689036 6507.16716381
1161.16414344 6507.16716381
1161.75938327 6507.16716381
1162.35462311 6507.16716381
1162.94986294 6507.16716381
1163.54510277 6507.16716381
1164.14034261 6507.16716381
1164.73558244 6507.16716381
1165.33082228 6507.16716381
1165.92606211 6507.16716381
1166.52130195 6507.16716381
1167.11654178 6507.16716381
1167.71178162 6507.16716381
1168.30702145 6507.16716381
1168.90226129 6507.16716381
1169.49750112 6507.16716381
1170.09274095 6507.16716381
1170.68798079 6507.16716381
1171.28322062 6507.16716381
1171.87846046 6507.16716381
1172.47370029 6507.16716381
1173.06894013 6507.16716381
1173.66417996 6507.16716381
1174.2594198 6507.16716381
1174.85465963 6507.16716381
1175.44989946 6507.16716381
1176.0451393 6507.16716381
1176.64037913 6507.16716381
1177.23561897 6507.16716381
1177.8308588 6507.16716381
1178.42609864 6507.16716381
1179.02133847 6507.16716381
1179.61657831 6507.16716381
1180.21181814 6507.16716381
1180.80705797 6507.16716381
1181.40229781 6507.16716381
1181.99753764 6507.16716381
1182.59277748 6507.16716381
1183.18801731 6507.16716381
1183.78325715 6507.16716381
1184.37849698 6507.16716381
1184.97373682 6507.16716381
1185.56897665 6507.16716381
1186.16421648 6507.16716381
1186.75945632 6507.16716381
1187.35469615 6507.16716381
1187.94993599 6507.16716381
1188.54517582 6507.16716381
1189.14041566 6507.16716381
1189.73565549 6507.16716381
1190.33089533 6507.16716381
1190.92613516 6507.16716381
1191.521375 6507.16716381
1192.11661483 6507.16716381
1192.71185466 6507.16716381
1193.3070945 6507.16716381
1193.90233433 6507.16716381
1194.49757417 6507.16716381
1195.092814 6507.16716381
1195.68805384 6507.16716381
1196.28329367 6507.16716381
1196.87853351 6507.16716381
1197.47377334 6507.16716381
1198.06901317 6507.16716381
1198.66425301 6507.16716381
1199.25949284 6507.16716381
1199.85473268 6507.16716381
1200.44997251 6507.16716381
1201.04521235 6507.16716381
1201.64045218 6507.16716381
1202.23569202 6507.16716381
1202.83093185 6507.16716381
1203.42617168 6507.16716381
1204.02141152 6507.16716381
1204.61665135 6507.16716381
1205.21189119 6507.16716381
1205.80713102 6507.16716381
1206.40237086 6507.16716381
1206.99761069 6507.16716381
1207.59285053 6507.16716381
1208.18809036 6507.16716381
1208.78333019 6507.16716381
1209.37857003 6507.16716381
1209.97380986 6507.16716381
1210.5690497 6507.16716381
1211.16428953 6507.16716381
1211.75952937 6507.16716381
1212.3547692 6507.16716381
1212.95000904 6507.16716381
1213.54524887 6507.16716381
1214.14048871 6507.16716381
1214.73572854 6507.16716381
1215.33096837 6507.16716381
1215.92620821 6507.16716381
1216.52144804 6507.16716381
1217.11668788 6507.16716381
1217.71192771 6507.16716381
1218.30716755 6507.16716381
1218.90240738 6507.16716381
