0.446466215283 4913.44571521
1.04170604976 4913.44571521
1.63694588423 4913.44571521
2.2321857187 4913.44571521
2.82742555317 4913.44571521
3.42266538765 4913.44571521
4.01790522212 4913.44571521
4.61314505659 4913.44571521
5.20838489106 4913.44571521
5.80362472554 4913.44571521
6.39886456001 4913.44571521
6.99410439448 4913.44571521
7.58934422895 4913.44571521
8.18458406343 4913.44571521
8.7798238979 4913.44571521
9.37506373237 4913.44571521
9.97030356685 4913.44571521
10.5655434013 4913.44571521
11.1607832358 4913.44571521
11.7560230703 4913.44571521
12.3512629047 4913.44571521
12.9465027392 4913.44571521
13.5417425737 4913.44571521
14.1369824082 4913.44571521
14.7322222426 4913.44571521
15.3274620771 4913.44571521
15.9227019116 4913.44571521
16.517941746 4913.44571521
17.1131815805 4913.44571521
17.708421415 4913.44571521
18.3036612495 4913.44571521
18.8989010839 4913.44571521
19.4941409184 4913.44571521
20.0893807529 4913.44571521
20.6846205874 4913.44571521
21.2798604218 4913.44571521
21.8751002563 4913.44571521
22.4703400908 4913.44571521
23.0655799252 4913.44571521
23.6608197597 4913.44571521
24.2560595942 4913.44571521
24.8512994287 4913.44571521
25.4465392631 4913.44571521
26.0417790976 4913.44571521
26.6370189321 4913.44571521
27.2322587666 4913.44571521
27.827498601 4913.44571521
28.4227384355 4913.44571521
29.01797827 4913.44571521
29.6132181044 4913.44571521
30.2084579389 4913.44571521
30.8036977734 4913.44571521
31.3989376079 4913.44571521
31.9941774423 4913.44571521
32.5894172768 4913.44571521
33.1846571113 4913.44571521
33.7798969458 4913.44571521
34.3751367802 4913.44571521
34.9703766147 4913.44571521
35.5656164492 4913.44571521
36.1608562836 4913.44571521
36.7560961181 4913.44571521
37.3513359526 4913.44571521
37.9465757871 4913.44571521
38.5418156215 4913.44571521
39.137055456 4913.44571521
39.7322952905 4913.44571521
40.327535125 4913.44571521
40.9227749594 4913.44571521
41.5180147939 4913.44571521
42.1132546284 4913.44571521
42.7084944628 4913.44571521
43.3037342973 4913.44571521
43.8989741318 4913.44571521
44.4942139663 4913.44571521
45.0894538007 4913.44571521
45.6846936352 4913.44571521
46.2799334697 4913.44571521
46.8751733041 4913.44571521
47.4704131386 4913.44571521
48.0656529731 4913.44571521
48.6608928076 4913.44571521
49.256132642 4913.44571521
49.8513724765 4913.44571521
50.446612311 4913.44571521
51.0418521455 4913.44571521
51.6370919799 4913.44571521
52.2323318144 4913.44571521
52.8275716489 4913.44571521
53.4228114833 4913.44571521
54.0180513178 4913.44571521
54.6132911523 4913.44571521
55.2085309868 4913.44571521
55.8037708212 4913.44571521
56.3990106557 4913.44571521
56.9942504902 4913.44571521
57.5894903247 4913.44571521
58.1847301591 4913.44571521
58.7799699936 4913.44571521
59.3752098281 4913.44571521
59.9704496625 4913.44571521
60.565689497 4913.44571521
61.1609293315 4913.44571521
61.756169166 4913.44571521
62.3514090004 4913.44571521
62.9466488349 4913.44571521
63.5418886694 4913.44571521
64.1371285039 4913.44571521
64.7323683383 4913.44571521
65.3276081728 4913.44571521
65.9228480073 4913.44571521
66.5180878417 4913.44571521
67.1133276762 4913.44571521
67.7085675107 4913.44571521
68.3038073452 4913.44571521
68.8990471796 4913.44571521
69.4942870141 4913.44571521
70.0895268486 4913.44571521
70.6847666831 4913.44571521
71.2800065175 4913.44571521
71.875246352 4913.44571521
72.4704861865 4913.44571521
73.0657260209 4913.44571521
73.6609658554 4913.44571521
74.2562056899 4913.44571521
74.8514455244 4913.44571521
75.4466853588 4913.44571521
76.0419251933 4913.44571521
76.6371650278 4913.44571521
77.2324048623 4913.44571521
77.8276446967 4913.44571521
78.4228845312 4913.44571521
79.0181243657 4913.44571521
79.6133642001 4913.44571521
80.2086040346 4913.44571521
80.8038438691 4913.44571521
81.3990837036 4913.44571521
81.994323538 4913.44571521
82.5895633725 4913.44571521
83.184803207 4913.44571521
83.7800430415 4913.44571521
84.3752828759 4913.44571521
84.9705227104 4913.44571521
85.5657625449 4913.44571521
86.1610023793 4913.44571521
86.7562422138 4913.44571521
87.3514820483 4913.44571521
87.9467218828 4913.44571521
88.5419617172 4913.44571521
89.1372015517 4913.44571521
89.7324413862 4913.44571521
90.3276812207 4913.44571521
90.9229210551 4913.44571521
91.5181608896 4913.44571521
92.1134007241 4913.44571521
92.7086405585 4913.44571521
93.303880393 4913.44571521
93.8991202275 4913.44571521
94.494360062 4913.44571521
95.0895998964 4913.44571521
95.6848397309 4913.44571521
96.2800795654 4913.44571521
96.8753193999 4913.44571521
97.4705592343 4913.44571521
98.0657990688 4913.44571521
98.6610389033 4913.44571521
99.2562787377 4913.44571521
99.8515185722 4913.44571521
100.446758407 4913.44571521
101.041998241 4913.44571521
101.637238076 4913.44571521
102.23247791 4913.44571521
102.827717745 4913.44571521
103.422957579 4913.44571521
104.018197414 4913.44571521
104.613437248 4913.44571521
105.208677082 4913.44571521
105.803916917 4913.44571521
106.399156751 4913.44571521
106.994396586 4913.44571521
107.58963642 4913.44571521
108.184876255 4913.44571521
108.780116089 4913.44571521
109.375355924 4913.44571521
109.970595758 4913.44571521
110.565835593 4913.44571521
111.161075427 4913.44571521
111.756315262 4913.44571521
112.351555096 4913.44571521
112.946794931 4913.44571521
113.542034765 4913.44571521
114.1372746 4913.44571521
114.732514434 4913.44571521
115.327754269 4913.44571521
115.922994103 4913.44571521
116.518233937 4913.44571521
117.113473772 4913.44571521
117.708713606 4913.44571521
118.303953441 4913.44571521
118.899193275 4913.44571521
119.49443311 4913.44571521
120.089672944 4913.44571521
120.684912779 4913.44571521
121.280152613 4913.44571521
121.875392448 4913.44571521
122.470632282 4913.44571521
123.065872117 4913.44571521
123.661111951 4913.44571521
124.256351786 4913.44571521
124.85159162 4913.44571521
125.446831455 4913.44571521
126.042071289 4913.44571521
126.637311123 4913.44571521
127.232550958 4913.44571521
127.827790792 4913.44571521
128.423030627 4913.44571521
129.018270461 4913.44571521
129.613510296 4913.44571521
130.20875013 4913.44571521
130.803989965 4913.44571521
131.399229799 4913.44571521
131.994469634 4913.44571521
132.589709468 4913.44571521
133.184949303 4913.44571521
133.780189137 4913.44571521
134.375428972 4913.44571521
134.970668806 4913.44571521
135.565908641 4913.44571521
136.161148475 4913.44571521
136.75638831 4913.44571521
137.351628144 4913.44571521
137.946867978 4913.44571521
138.542107813 4913.44571521
139.137347647 4913.44571521
139.732587482 4913.44571521
140.327827316 4913.44571521
140.923067151 4913.44571521
141.518306985 4913.44571521
142.11354682 4913.44571521
142.708786654 4913.44571521
143.304026489 4913.44571521
143.899266323 4913.44571521
144.494506158 4913.44571521
145.089745992 4913.44571521
145.684985827 4913.44571521
146.280225661 4913.44571521
146.875465496 4913.44571521
147.47070533 4913.44571521
148.065945165 4913.44571521
148.661184999 4913.44571521
149.256424833 4913.44571521
149.851664668 4913.44571521
150.446904502 4913.44571521
151.042144337 4913.44571521
151.637384171 4913.44571521
152.232624006 4913.44571521
152.82786384 4913.44571521
153.423103675 4913.44571521
154.018343509 4913.44571521
154.613583344 4913.44571521
155.208823178 4913.44571521
155.804063013 4913.44571521
156.399302847 4913.44571521
156.994542682 4913.44571521
157.589782516 4913.44571521
158.185022351 4913.44571521
158.780262185 4913.44571521
159.375502019 4913.44571521
159.970741854 4913.44571521
160.565981688 4913.44571521
161.161221523 4913.44571521
161.756461357 4913.44571521
162.351701192 4913.44571521
162.946941026 4913.44571521
163.542180861 4913.44571521
164.137420695 4913.44571521
164.73266053 4913.44571521
165.327900364 4913.44571521
165.923140199 4913.44571521
166.518380033 4913.44571521
167.113619868 4913.44571521
167.708859702 4913.44571521
168.304099537 4913.44571521
168.899339371 4913.44571521
169.494579206 4913.44571521
170.08981904 4913.44571521
170.685058874 4913.44571521
171.280298709 4913.44571521
171.875538543 4913.44571521
172.470778378 4913.44571521
173.066018212 4913.44571521
173.661258047 4913.44571521
174.256497881 4913.44571521
174.851737716 4913.44571521
175.44697755 4913.44571521
176.042217385 4913.44571521
176.637457219 4913.44571521
177.232697054 4913.44571521
177.827936888 4913.44571521
178.423176723 4913.44571521
179.018416557 4913.44571521
179.613656392 4913.44571521
180.208896226 4913.44571521
180.80413606 4913.44571521
181.399375895 4913.44571521
181.994615729 4913.44571521
182.589855564 4913.44571521
183.185095398 4913.44571521
183.780335233 4913.44571521
184.375575067 4913.44571521
184.970814902 4913.44571521
185.566054736 4913.44571521
186.161294571 4913.44571521
186.756534405 4913.44571521
187.35177424 4913.44571521
187.947014074 4913.44571521
188.542253909 4913.44571521
189.137493743 4913.44571521
189.732733578 4913.44571521
190.327973412 4913.44571521
190.923213247 4913.44571521
191.518453081 4913.44571521
192.113692915 4913.44571521
192.70893275 4913.44571521
193.304172584 4913.44571521
193.899412419 4913.44571521
194.494652253 4913.44571521
195.089892088 4913.44571521
195.685131922 4913.44571521
196.280371757 4913.44571521
196.875611591 4913.44571521
197.470851426 4913.44571521
198.06609126 4913.44571521
198.661331095 4913.44571521
199.256570929 4913.44571521
199.851810764 4913.44571521
200.447050598 4913.44571521
201.042290433 4913.44571521
201.637530267 4913.44571521
202.232770102 4913.44571521
202.828009936 4913.44571521
203.42324977 4913.44571521
204.018489605 4913.44571521
204.613729439 4913.44571521
205.208969274 4913.44571521
205.804209108 4913.44571521
206.399448943 4913.44571521
206.994688777 4913.44571521
207.589928612 4913.44571521
208.185168446 4913.44571521
208.780408281 4913.44571521
209.375648115 4913.44571521
209.97088795 4913.44571521
210.566127784 4913.44571521
211.161367619 4913.44571521
211.756607453 4913.44571521
212.351847288 4913.44571521
212.947087122 4913.44571521
213.542326956 4913.44571521
214.137566791 4913.44571521
214.732806625 4913.44571521
215.32804646 4913.44571521
215.923286294 4913.44571521
216.518526129 4913.44571521
217.113765963 4913.44571521
217.709005798 4913.44571521
218.304245632 4913.44571521
218.899485467 4913.44571521
219.494725301 4913.44571521
220.089965136 4913.44571521
220.68520497 4913.44571521
221.280444805 4913.44571521
221.875684639 4913.44571521
222.470924474 4913.44571521
223.066164308 4913.44571521
223.661404143 4913.44571521
224.256643977 4913.44571521
224.851883811 4913.44571521
225.447123646 4913.44571521
226.04236348 4913.44571521
226.637603315 4913.44571521
227.232843149 4913.44571521
227.828082984 4913.44571521
228.423322818 4913.44571521
229.018562653 4913.44571521
229.613802487 4913.44571521
230.209042322 4913.44571521
230.804282156 4913.44571521
231.399521991 4913.44571521
231.994761825 4913.44571521
232.59000166 4913.44571521
233.185241494 4913.44571521
233.780481329 4913.44571521
234.375721163 4913.44571521
234.970960998 4913.44571521
235.566200832 4913.44571521
236.161440666 4913.44571521
236.756680501 4913.44571521
237.351920335 4913.44571521
237.94716017 4913.44571521
238.542400004 4913.44571521
239.137639839 4913.44571521
239.732879673 4913.44571521
240.328119508 4913.44571521
240.923359342 4913.44571521
241.518599177 4913.44571521
242.113839011 4913.44571521
242.709078846 4913.44571521
243.30431868 4913.44571521
243.899558515 4913.44571521
244.494798349 4913.44571521
245.090038184 4913.44571521
245.685278018 4913.44571521
246.280517852 4913.44571521
246.875757687 4913.44571521
247.470997521 4913.44571521
248.066237356 4913.44571521
248.66147719 4913.44571521
249.256717025 4913.44571521
249.851956859 4913.44571521
250.447196694 4913.44571521
251.042436528 4913.44571521
251.637676363 4913.44571521
252.232916197 4913.44571521
252.828156032 4913.44571521
253.423395866 4913.44571521
254.018635701 4913.44571521
254.613875535 4913.44571521
255.20911537 4913.44571521
255.804355204 4913.44571521
256.399595039 4913.44571521
256.994834873 4913.44571521
257.590074707 4913.44571521
258.185314542 4913.44571521
258.780554376 4913.44571521
259.375794211 4913.44571521
259.971034045 4913.44571521
260.56627388 4913.44571521
261.161513714 4913.44571521
261.756753549 4913.44571521
262.351993383 4913.44571521
262.947233218 4913.44571521
263.542473052 4913.44571521
264.137712887 4913.44571521
264.732952721 4913.44571521
265.328192556 4913.44571521
265.92343239 4913.44571521
266.518672225 4913.44571521
267.113912059 4913.44571521
267.709151894 4913.44571521
268.304391728 4913.44571521
268.899631562 4913.44571521
269.494871397 4913.44571521
270.090111231 4913.44571521
270.685351066 4913.44571521
271.2805909 4913.44571521
271.875830735 4913.44571521
272.471070569 4913.44571521
273.066310404 4913.44571521
273.661550238 4913.44571521
274.256790073 4913.44571521
274.852029907 4913.44571521
275.447269742 4913.44571521
276.042509576 4913.44571521
276.637749411 4913.44571521
277.232989245 4913.44571521
277.82822908 4913.44571521
278.423468914 4913.44571521
279.018708748 4913.44571521
279.613948583 4913.44571521
280.209188417 4913.44571521
280.804428252 4913.44571521
281.399668086 4913.44571521
281.994907921 4913.44571521
282.590147755 4913.44571521
283.18538759 4913.44571521
283.780627424 4913.44571521
284.375867259 4913.44571521
284.971107093 4913.44571521
285.566346928 4913.44571521
286.161586762 4913.44571521
286.756826597 4913.44571521
287.352066431 4913.44571521
287.947306266 4913.44571521
288.5425461 4913.44571521
289.137785935 4913.44571521
289.733025769 4913.44571521
290.328265603 4913.44571521
290.923505438 4913.44571521
291.518745272 4913.44571521
292.113985107 4913.44571521
292.709224941 4913.44571521
293.304464776 4913.44571521
293.89970461 4913.44571521
294.494944445 4913.44571521
295.090184279 4913.44571521
295.685424114 4913.44571521
296.280663948 4913.44571521
296.875903783 4913.44571521
297.471143617 4913.44571521
298.066383452 4913.44571521
298.661623286 4913.44571521
299.256863121 4913.44571521
299.852102955 4913.44571521
300.44734279 4913.44571521
301.042582624 4913.44571521
301.637822458 4913.44571521
302.233062293 4913.44571521
302.828302127 4913.44571521
303.423541962 4913.44571521
304.018781796 4913.44571521
304.614021631 4913.44571521
305.209261465 5369.34548005
305.8045013 5369.34548005
306.399741134 5369.34548005
306.994980969 5369.34548005
307.590220803 5369.34548005
308.185460638 5369.34548005
308.780700472 5369.34548005
309.375940307 5369.34548005
309.971180141 5369.34548005
310.566419976 5369.34548005
311.16165981 5369.34548005
311.756899644 5369.34548005
312.352139479 5369.34548005
312.947379313 5369.34548005
313.542619148 5369.34548005
314.137858982 5369.34548005
314.733098817 5369.34548005
315.328338651 5369.34548005
315.923578486 5369.34548005
316.51881832 5369.34548005
317.114058155 5369.34548005
317.709297989 5369.34548005
318.304537824 5369.34548005
318.899777658 5369.34548005
319.495017493 5369.34548005
320.090257327 5369.34548005
320.685497162 5369.34548005
321.280736996 5369.34548005
321.875976831 5369.34548005
322.471216665 5369.34548005
323.066456499 5369.34548005
323.661696334 5369.34548005
324.256936168 5369.34548005
324.852176003 5369.34548005
325.447415837 5369.34548005
326.042655672 5369.34548005
326.637895506 5369.34548005
327.233135341 5369.34548005
327.828375175 5369.34548005
328.42361501 5369.34548005
329.018854844 5369.34548005
329.614094679 5369.34548005
330.209334513 5369.34548005
330.804574348 5369.34548005
331.399814182 5369.34548005
331.995054017 5369.34548005
332.590293851 5369.34548005
333.185533685 5369.34548005
333.78077352 5369.34548005
334.376013354 5369.34548005
334.971253189 5369.34548005
335.566493023 5369.34548005
336.161732858 5369.34548005
336.756972692 5369.34548005
337.352212527 5369.34548005
337.947452361 5369.34548005
338.542692196 5369.34548005
339.13793203 5369.34548005
339.733171865 5369.34548005
340.328411699 5369.34548005
340.923651534 5369.34548005
341.518891368 5369.34548005
342.114131203 5369.34548005
342.709371037 5369.34548005
343.304610872 5369.34548005
343.899850706 5369.34548005
344.49509054 5369.34548005
345.090330375 5369.34548005
345.685570209 5369.34548005
346.280810044 5369.34548005
346.876049878 5369.34548005
347.471289713 5369.34548005
348.066529547 5369.34548005
348.661769382 5369.34548005
349.257009216 5369.34548005
349.852249051 5369.34548005
350.447488885 5369.34548005
351.04272872 5369.34548005
351.637968554 5369.34548005
352.233208389 5369.34548005
352.828448223 5369.34548005
353.423688058 5369.34548005
354.018927892 5369.34548005
354.614167727 5369.34548005
355.209407561 5369.34548005
355.804647395 5369.34548005
356.39988723 5369.34548005
356.995127064 5369.34548005
357.590366899 5369.34548005
358.185606733 5369.34548005
358.780846568 5369.34548005
359.376086402 5369.34548005
359.971326237 5369.34548005
360.566566071 5369.34548005
361.161805906 5369.34548005
361.75704574 5369.34548005
362.352285575 5369.34548005
362.947525409 5369.34548005
363.542765244 5369.34548005
364.138005078 5369.34548005
364.733244913 5369.34548005
365.328484747 5369.34548005
365.923724581 5369.34548005
366.518964416 5369.34548005
367.11420425 5369.34548005
367.709444085 5369.34548005
368.304683919 5369.34548005
368.899923754 5369.34548005
369.495163588 5369.34548005
370.090403423 5369.34548005
370.685643257 5369.34548005
371.280883092 5369.34548005
371.876122926 5369.34548005
372.471362761 5369.34548005
373.066602595 5369.34548005
373.66184243 5369.34548005
374.257082264 5369.34548005
374.852322099 5369.34548005
375.447561933 5369.34548005
376.042801768 5369.34548005
376.638041602 5369.34548005
377.233281436 5369.34548005
377.828521271 5369.34548005
378.423761105 5369.34548005
379.01900094 5369.34548005
379.614240774 5369.34548005
380.209480609 5369.34548005
380.804720443 5369.34548005
381.399960278 5369.34548005
381.995200112 5369.34548005
382.590439947 5369.34548005
383.185679781 5369.34548005
383.780919616 5369.34548005
384.37615945 5369.34548005
384.971399285 5369.34548005
385.566639119 5369.34548005
386.161878954 5369.34548005
386.757118788 5369.34548005
387.352358623 5369.34548005
387.947598457 5369.34548005
388.542838291 5369.34548005
389.138078126 5369.34548005
389.73331796 5369.34548005
390.328557795 5369.34548005
390.923797629 5369.34548005
391.519037464 5369.34548005
392.114277298 5369.34548005
392.709517133 5369.34548005
393.304756967 5369.34548005
393.899996802 5369.34548005
394.495236636 5369.34548005
395.090476471 5369.34548005
395.685716305 5369.34548005
396.28095614 5369.34548005
396.876195974 5369.34548005
397.471435809 5369.34548005
398.066675643 5369.34548005
398.661915477 5369.34548005
399.257155312 5369.34548005
399.852395146 5369.34548005
400.447634981 5369.34548005
401.042874815 5369.34548005
401.63811465 5369.34548005
402.233354484 5369.34548005
402.828594319 5369.34548005
403.423834153 5369.34548005
404.019073988 5369.34548005
404.614313822 5369.34548005
405.209553657 5369.34548005
405.804793491 5369.34548005
406.400033326 5369.34548005
406.99527316 5369.34548005
407.590512995 5369.34548005
408.185752829 5369.34548005
408.780992664 5369.34548005
409.376232498 5369.34548005
409.971472332 5369.34548005
410.566712167 5369.34548005
411.161952001 5369.34548005
411.757191836 5369.34548005
412.35243167 5369.34548005
412.947671505 5369.34548005
413.542911339 5369.34548005
414.138151174 5369.34548005
414.733391008 5369.34548005
415.328630843 5369.34548005
415.923870677 5369.34548005
416.519110512 5369.34548005
417.114350346 5369.34548005
417.709590181 5369.34548005
418.304830015 5369.34548005
418.90006985 5369.34548005
419.495309684 5369.34548005
420.090549519 5369.34548005
420.685789353 5369.34548005
421.281029187 5369.34548005
421.876269022 5369.34548005
422.471508856 5369.34548005
423.066748691 5369.34548005
423.661988525 5369.34548005
424.25722836 5369.34548005
424.852468194 5369.34548005
425.447708029 5369.34548005
426.042947863 5369.34548005
426.638187698 5369.34548005
427.233427532 5369.34548005
427.828667367 5369.34548005
428.423907201 5369.34548005
429.019147036 5369.34548005
429.61438687 5369.34548005
430.209626705 5369.34548005
430.804866539 5369.34548005
431.400106373 5369.34548005
431.995346208 5369.34548005
432.590586042 5369.34548005
433.185825877 5369.34548005
433.781065711 5369.34548005
434.376305546 5369.34548005
434.97154538 5369.34548005
435.566785215 5369.34548005
436.162025049 5369.34548005
436.757264884 5369.34548005
437.352504718 5369.34548005
437.947744553 5369.34548005
438.542984387 5369.34548005
439.138224222 5369.34548005
439.733464056 5369.34548005
440.328703891 5369.34548005
440.923943725 5369.34548005
441.51918356 5369.34548005
442.114423394 5369.34548005
442.709663228 5369.34548005
443.304903063 5369.34548005
443.900142897 5369.34548005
444.495382732 5369.34548005
445.090622566 5369.34548005
445.685862401 5369.34548005
446.281102235 5369.34548005
446.87634207 5369.34548005
447.471581904 5369.34548005
448.066821739 5369.34548005
448.662061573 5369.34548005
449.257301408 5369.34548005
449.852541242 5369.34548005
450.447781077 5369.34548005
451.043020911 5369.34548005
451.638260746 5369.34548005
452.23350058 5369.34548005
452.828740415 5369.34548005
453.423980249 5369.34548005
454.019220083 5369.34548005
454.614459918 5369.34548005
455.209699752 5369.34548005
455.804939587 5369.34548005
456.400179421 5369.34548005
456.995419256 5369.34548005
457.59065909 5019.93125545
458.185898925 5019.93125545
458.781138759 5019.93125545
459.376378594 5019.93125545
459.971618428 5019.93125545
460.566858263 5019.93125545
461.162098097 5019.93125545
461.757337932 5019.93125545
462.352577766 5019.93125545
462.947817601 5019.93125545
463.543057435 5019.93125545
464.138297269 5019.93125545
464.733537104 5019.93125545
465.328776938 5019.93125545
465.924016773 5019.93125545
466.519256607 5019.93125545
467.114496442 5019.93125545
467.709736276 5019.93125545
468.304976111 5019.93125545
468.900215945 5019.93125545
469.49545578 5019.93125545
470.090695614 5019.93125545
470.685935449 5019.93125545
471.281175283 5019.93125545
471.876415118 5019.93125545
472.471654952 5019.93125545
473.066894787 5019.93125545
473.662134621 5019.93125545
474.257374456 5019.93125545
474.85261429 5019.93125545
475.447854124 5019.93125545
476.043093959 5019.93125545
476.638333793 5019.93125545
477.233573628 5019.93125545
477.828813462 5019.93125545
478.424053297 5019.93125545
479.019293131 5019.93125545
479.614532966 5019.93125545
480.2097728 5019.93125545
480.805012635 5019.93125545
481.400252469 5019.93125545
481.995492304 5019.93125545
482.590732138 5019.93125545
483.185971973 5019.93125545
483.781211807 5019.93125545
484.376451642 5019.93125545
484.971691476 5019.93125545
485.56693131 5019.93125545
486.162171145 5019.93125545
486.757410979 5019.93125545
487.352650814 5019.93125545
487.947890648 5019.93125545
488.543130483 5019.93125545
489.138370317 5019.93125545
489.733610152 5019.93125545
490.328849986 5019.93125545
490.924089821 5019.93125545
491.519329655 5019.93125545
492.11456949 5019.93125545
492.709809324 5019.93125545
493.305049159 5019.93125545
493.900288993 5019.93125545
494.495528828 5019.93125545
495.090768662 5019.93125545
495.686008497 5019.93125545
496.281248331 5019.93125545
496.876488165 5019.93125545
497.471728 5019.93125545
498.066967834 5019.93125545
498.662207669 5019.93125545
499.257447503 5019.93125545
499.852687338 5019.93125545
500.447927172 5019.93125545
501.043167007 5019.93125545
501.638406841 5019.93125545
502.233646676 5019.93125545
502.82888651 5019.93125545
503.424126345 5019.93125545
504.019366179 5019.93125545
504.614606014 5019.93125545
505.209845848 5019.93125545
505.805085683 5019.93125545
506.400325517 5019.93125545
506.995565352 5019.93125545
507.590805186 5019.93125545
508.18604502 5019.93125545
508.781284855 5019.93125545
509.376524689 5019.93125545
509.971764524 5019.93125545
510.567004358 5019.93125545
511.162244193 5019.93125545
511.757484027 5019.93125545
512.352723862 5019.93125545
512.947963696 5019.93125545
513.543203531 5019.93125545
514.138443365 5019.93125545
514.7336832 5019.93125545
515.328923034 5019.93125545
515.924162869 5019.93125545
516.519402703 5019.93125545
517.114642538 5019.93125545
517.709882372 5019.93125545
518.305122206 5019.93125545
518.900362041 5019.93125545
519.495601875 5019.93125545
520.09084171 5019.93125545
520.686081544 5019.93125545
521.281321379 5019.93125545
521.876561213 5019.93125545
522.471801048 5019.93125545
523.067040882 5019.93125545
523.662280717 5019.93125545
524.257520551 5019.93125545
524.852760386 5019.93125545
525.44800022 5019.93125545
526.043240055 5019.93125545
526.638479889 5019.93125545
527.233719724 5019.93125545
527.828959558 5019.93125545
528.424199393 5019.93125545
529.019439227 5019.93125545
529.614679061 5019.93125545
530.209918896 5019.93125545
530.80515873 5019.93125545
531.400398565 5019.93125545
531.995638399 5019.93125545
532.590878234 5019.93125545
533.186118068 5019.93125545
533.781357903 5718.75970464
534.376597737 5718.75970464
534.971837572 5718.75970464
535.567077406 5718.75970464
536.162317241 5718.75970464
536.757557075 5718.75970464
537.35279691 5718.75970464
537.948036744 5718.75970464
538.543276579 5718.75970464
539.138516413 5718.75970464
539.733756248 5718.75970464
540.328996082 5718.75970464
540.924235916 5718.75970464
541.519475751 5718.75970464
542.114715585 5718.75970464
542.70995542 5718.75970464
543.305195254 5718.75970464
543.900435089 5718.75970464
544.495674923 5718.75970464
545.090914758 5718.75970464
545.686154592 5718.75970464
546.281394427 5718.75970464
546.876634261 5718.75970464
547.471874096 5718.75970464
548.06711393 5718.75970464
548.662353765 5718.75970464
549.257593599 5718.75970464
549.852833434 5718.75970464
550.448073268 5718.75970464
551.043313102 5718.75970464
551.638552937 5718.75970464
552.233792771 5718.75970464
552.829032606 5718.75970464
553.42427244 5718.75970464
554.019512275 5718.75970464
554.614752109 5718.75970464
555.209991944 5718.75970464
555.805231778 5718.75970464
556.400471613 5718.75970464
556.995711447 5718.75970464
557.590951282 5718.75970464
558.186191116 5718.75970464
558.781430951 5718.75970464
559.376670785 5718.75970464
559.97191062 5718.75970464
560.567150454 5718.75970464
561.162390289 5718.75970464
561.757630123 5718.75970464
562.352869957 5718.75970464
562.948109792 5718.75970464
563.543349626 5718.75970464
564.138589461 5718.75970464
564.733829295 5718.75970464
565.32906913 5718.75970464
565.924308964 5718.75970464
566.519548799 5718.75970464
567.114788633 5718.75970464
567.710028468 5718.75970464
568.305268302 5718.75970464
568.900508137 5718.75970464
569.495747971 5718.75970464
570.090987806 5718.75970464
570.68622764 5718.75970464
571.281467475 5718.75970464
571.876707309 5718.75970464
572.471947144 5718.75970464
573.067186978 5718.75970464
573.662426812 5718.75970464
574.257666647 5718.75970464
574.852906481 5718.75970464
575.448146316 5718.75970464
576.04338615 5718.75970464
576.638625985 5718.75970464
577.233865819 5718.75970464
577.829105654 5718.75970464
578.424345488 5718.75970464
579.019585323 5718.75970464
579.614825157 5718.75970464
580.210064992 5718.75970464
580.805304826 5718.75970464
581.400544661 5718.75970464
581.995784495 5718.75970464
582.59102433 5718.75970464
583.186264164 5718.75970464
583.781503998 5718.75970464
584.376743833 5718.75970464
584.971983667 5718.75970464
585.567223502 5718.75970464
586.162463336 5718.75970464
586.757703171 5718.75970464
587.352943005 5718.75970464
587.94818284 5718.75970464
588.543422674 5718.75970464
589.138662509 5718.75970464
589.733902343 5718.75970464
590.329142178 5718.75970464
590.924382012 5718.75970464
591.519621847 5718.75970464
592.114861681 5718.75970464
592.710101516 5718.75970464
593.30534135 5718.75970464
593.900581185 5718.75970464
594.495821019 5718.75970464
595.091060853 5718.75970464
595.686300688 5718.75970464
596.281540522 5718.75970464
596.876780357 5718.75970464
597.472020191 5718.75970464
598.067260026 5718.75970464
598.66249986 5718.75970464
599.257739695 5718.75970464
599.852979529 5718.75970464
600.448219364 5718.75970464
601.043459198 5718.75970464
601.638699033 5718.75970464
602.233938867 5718.75970464
602.829178702 5718.75970464
603.424418536 5718.75970464
604.019658371 5718.75970464
604.614898205 5718.75970464
605.21013804 5718.75970464
605.805377874 5718.75970464
606.400617708 5718.75970464
606.995857543 5718.75970464
607.591097377 5718.75970464
608.186337212 5718.75970464
608.781577046 5718.75970464
609.376816881 5718.75970464
609.972056715 6197.67623495
610.56729655 6197.67623495
611.162536384 6197.67623495
611.757776219 6197.67623495
612.353016053 6197.67623495
612.948255888 6197.67623495
613.543495722 6197.67623495
614.138735557 6197.67623495
614.733975391 6197.67623495
615.329215226 6197.67623495
615.92445506 6197.67623495
616.519694894 6197.67623495
617.114934729 6197.67623495
617.710174563 6197.67623495
618.305414398 6197.67623495
618.900654232 6197.67623495
619.495894067 6197.67623495
620.091133901 6197.67623495
620.686373736 6197.67623495
621.28161357 6197.67623495
621.876853405 6197.67623495
622.472093239 6197.67623495
623.067333074 6197.67623495
623.662572908 6197.67623495
624.257812743 6197.67623495
624.853052577 6197.67623495
625.448292412 6197.67623495
626.043532246 6197.67623495
626.638772081 6197.67623495
627.234011915 6197.67623495
627.829251749 6197.67623495
628.424491584 6197.67623495
629.019731418 6197.67623495
629.614971253 6197.67623495
630.210211087 6197.67623495
630.805450922 6197.67623495
631.400690756 6197.67623495
631.995930591 6197.67623495
632.591170425 6197.67623495
633.18641026 6197.67623495
633.781650094 6197.67623495
634.376889929 6197.67623495
634.972129763 6197.67623495
635.567369598 6197.67623495
636.162609432 6197.67623495
636.757849267 6197.67623495
637.353089101 6197.67623495
637.948328935 6197.67623495
638.54356877 7221.54120039
639.138808604 7221.54120039
639.734048439 7221.54120039
640.329288273 7221.54120039
640.924528108 7221.54120039
641.519767942 7221.54120039
642.115007777 7221.54120039
642.710247611 7221.54120039
643.305487446 5173.8112695
643.90072728 5173.8112695
644.495967115 5173.8112695
645.091206949 5173.8112695
645.686446784 5173.8112695
646.281686618 5173.8112695
646.876926453 5173.8112695
647.472166287 5173.8112695
648.067406122 6197.67623495
648.662645956 6197.67623495
649.25788579 6197.67623495
649.853125625 6197.67623495
650.448365459 6197.67623495
651.043605294 6197.67623495
651.638845128 6197.67623495
652.234084963 6197.67623495
652.829324797 6197.67623495
653.424564632 6197.67623495
654.019804466 6197.67623495
654.615044301 6197.67623495
655.210284135 6197.67623495
655.80552397 6197.67623495
656.400763804 6197.67623495
656.996003639 6197.67623495
657.591243473 6197.67623495
658.186483308 6197.67623495
658.781723142 6197.67623495
659.376962977 6197.67623495
659.972202811 6197.67623495
660.567442645 6197.67623495
661.16268248 6197.67623495
661.757922314 6197.67623495
662.353162149 6197.67623495
662.948401983 6197.67623495
663.543641818 6197.67623495
664.138881652 6197.67623495
664.734121487 6197.67623495
665.329361321 6197.67623495
665.924601156 6197.67623495
666.51984099 6197.67623495
667.115080825 6197.67623495
667.710320659 6197.67623495
668.305560494 6197.67623495
668.900800328 6197.67623495
669.496040163 6197.67623495
670.091279997 6197.67623495
670.686519831 6197.67623495
671.281759666 6197.67623495
671.8769995 6197.67623495
672.472239335 6197.67623495
673.067479169 6197.67623495
673.662719004 6197.67623495
674.257958838 6197.67623495
674.853198673 6197.67623495
675.448438507 6197.67623495
676.043678342 6197.67623495
676.638918176 6197.67623495
677.234158011 6197.67623495
677.829397845 6197.67623495
678.42463768 6197.67623495
679.019877514 6197.67623495
679.615117349 6197.67623495
680.210357183 6197.67623495
680.805597018 6197.67623495
681.400836852 6197.67623495
681.996076686 6197.67623495
682.591316521 6197.67623495
683.186556355 6197.67623495
683.78179619 6197.67623495
684.377036024 6197.67623495
684.972275859 6197.67623495
685.567515693 6197.67623495
686.162755528 4837.39438199
686.757995362 4837.39438199
687.353235197 4837.39438199
687.948475031 4837.39438199
688.543714866 4837.39438199
689.1389547 4837.39438199
689.734194535 4837.39438199
690.329434369 4837.39438199
690.924674204 4837.39438199
691.519914038 4837.39438199
692.115153873 4837.39438199
692.710393707 4837.39438199
693.305633541 4837.39438199
693.900873376 4837.39438199
694.49611321 4837.39438199
695.091353045 4837.39438199
695.686592879 4837.39438199
696.281832714 4837.39438199
696.877072548 4837.39438199
697.472312383 4837.39438199
698.067552217 4837.39438199
698.662792052 4837.39438199
699.258031886 4837.39438199
699.853271721 4837.39438199
700.448511555 4837.39438199
701.04375139 4837.39438199
701.638991224 4837.39438199
702.234231059 4837.39438199
702.829470893 4837.39438199
703.424710727 4837.39438199
704.019950562 4837.39438199
704.615190396 4837.39438199
705.210430231 6695.96397311
705.805670065 6695.96397311
706.4009099 6695.96397311
706.996149734 6695.96397311
707.591389569 6695.96397311
708.186629403 6695.96397311
708.781869238 6695.96397311
709.377109072 6695.96397311
709.972348907 6695.96397311
710.567588741 6695.96397311
711.162828576 6695.96397311
711.75806841 6695.96397311
712.353308245 6695.96397311
712.948548079 6695.96397311
713.543787914 6695.96397311
714.139027748 6695.96397311
714.734267582 6695.96397311
715.329507417 6695.96397311
715.924747251 6695.96397311
716.519987086 6695.96397311
717.11522692 6695.96397311
717.710466755 6695.96397311
718.305706589 6695.96397311
718.900946424 6695.96397311
719.496186258 6695.96397311
720.091426093 6695.96397311
720.686665927 6695.96397311
721.281905762 6695.96397311
721.877145596 6695.96397311
722.472385431 6695.96397311
723.067625265 6695.96397311
723.6628651 6695.96397311
724.258104934 6628.67329235
724.853344769 6628.67329235
725.448584603 6628.67329235
726.043824437 6628.67329235
726.639064272 6628.67329235
727.234304106 6628.67329235
727.829543941 6628.67329235
728.424783775 6628.67329235
729.02002361 6628.67329235
729.615263444 6628.67329235
730.210503279 6628.67329235
730.805743113 6628.67329235
731.400982948 6628.67329235
731.996222782 6628.67329235
732.591462617 6628.67329235
733.186702451 6628.67329235
733.781942286 6628.67329235
734.37718212 6628.67329235
734.972421955 6628.67329235
735.567661789 6628.67329235
736.162901623 6628.67329235
736.758141458 6628.67329235
737.353381292 6628.67329235
737.948621127 6628.67329235
738.543860961 6628.67329235
739.139100796 6628.67329235
739.73434063 6628.67329235
740.329580465 6628.67329235
740.924820299 6628.67329235
741.520060134 6628.67329235
742.115299968 6628.67329235
742.710539803 6628.67329235
743.305779637 6628.67329235
743.901019472 6628.67329235
744.496259306 6628.67329235
745.091499141 6628.67329235
745.686738975 6628.67329235
746.28197881 6628.67329235
746.877218644 6628.67329235
747.472458478 6628.67329235
748.067698313 6628.67329235
748.662938147 6628.67329235
749.258177982 6628.67329235
749.853417816 6628.67329235
750.448657651 6628.67329235
751.043897485 6628.67329235
751.63913732 6628.67329235
752.234377154 6628.67329235
752.829616989 6628.67329235
753.424856823 6628.67329235
754.020096658 6628.67329235
754.615336492 6628.67329235
755.210576327 6628.67329235
755.805816161 6628.67329235
756.401055996 6628.67329235
756.99629583 6628.67329235
757.591535665 6628.67329235
758.186775499 6628.67329235
758.782015333 6628.67329235
759.377255168 6628.67329235
759.972495002 6628.67329235
760.567734837 6628.67329235
761.162974671 6628.67329235
761.758214506 6628.67329235
762.35345434 6443.62183194
762.948694175 6443.62183194
763.543934009 6443.62183194
764.139173844 6443.62183194
764.734413678 6443.62183194
765.329653513 6443.62183194
765.924893347 6443.62183194
766.520133182 6443.62183194
767.115373016 6443.62183194
767.710612851 6443.62183194
768.305852685 6443.62183194
768.901092519 6443.62183194
769.496332354 6443.62183194
770.091572188 6443.62183194
770.686812023 6443.62183194
771.282051857 6443.62183194
771.877291692 6443.62183194
772.472531526 6443.62183194
773.067771361 6443.62183194
773.663011195 6443.62183194
774.25825103 6443.62183194
774.853490864 6443.62183194
775.448730699 6443.62183194
776.043970533 6443.62183194
776.639210368 6443.62183194
777.234450202 6443.62183194
777.829690037 6443.62183194
778.424929871 6443.62183194
779.020169706 6443.62183194
779.61540954 6443.62183194
780.210649374 6443.62183194
780.805889209 6443.62183194
781.401129043 6443.62183194
781.996368878 6443.62183194
782.591608712 6443.62183194
783.186848547 6443.62183194
783.782088381 6443.62183194
784.377328216 6443.62183194
784.97256805 6443.62183194
785.567807885 6443.62183194
786.163047719 6443.62183194
786.758287554 6443.62183194
787.353527388 6443.62183194
787.948767223 6443.62183194
788.544007057 6443.62183194
789.139246892 6443.62183194
789.734486726 6443.62183194
790.32972656 6443.62183194
790.924966395 6443.62183194
791.520206229 6443.62183194
792.115446064 6443.62183194
792.710685898 6443.62183194
793.305925733 6443.62183194
793.901165567 6443.62183194
794.496405402 6443.62183194
795.091645236 6443.62183194
795.686885071 6443.62183194
796.282124905 6443.62183194
796.87736474 6443.62183194
797.472604574 6443.62183194
798.067844409 6443.62183194
798.663084243 6443.62183194
799.258324078 6443.62183194
799.853563912 6443.62183194
800.448803747 5293.39578592
801.044043581 5293.39578592
801.639283415 5293.39578592
802.23452325 5293.39578592
802.829763084 5293.39578592
803.425002919 5293.39578592
804.020242753 5293.39578592
804.615482588 5293.39578592
805.210722422 5293.39578592
805.805962257 5293.39578592
806.401202091 5293.39578592
806.996441926 5293.39578592
807.59168176 5293.39578592
808.186921595 5293.39578592
808.782161429 5293.39578592
809.377401264 5293.39578592
809.972641098 5293.39578592
810.567880933 5293.39578592
811.163120767 5293.39578592
811.758360602 5293.39578592
812.353600436 5293.39578592
812.94884027 5293.39578592
813.544080105 5293.39578592
814.139319939 5293.39578592
814.734559774 5293.39578592
815.329799608 5293.39578592
815.925039443 5293.39578592
816.520279277 5293.39578592
817.115519112 5293.39578592
817.710758946 5293.39578592
818.305998781 5293.39578592
818.901238615 5293.39578592
819.49647845 5293.39578592
820.091718284 5293.39578592
820.686958119 5293.39578592
821.282197953 5293.39578592
821.877437788 5293.39578592
822.472677622 5293.39578592
823.067917456 5293.39578592
823.663157291 5293.39578592
824.258397125 5293.39578592
824.85363696 5293.39578592
825.448876794 5293.39578592
826.044116629 5293.39578592
826.639356463 5293.39578592
827.234596298 5293.39578592
827.829836132 5293.39578592
828.425075967 5293.39578592
829.020315801 5293.39578592
829.615555636 5293.39578592
830.21079547 5293.39578592
830.806035305 5293.39578592
831.401275139 5293.39578592
831.996514974 5293.39578592
832.591754808 5293.39578592
833.186994643 5293.39578592
833.782234477 5293.39578592
834.377474311 5293.39578592
834.972714146 5293.39578592
835.56795398 5293.39578592
836.163193815 5293.39578592
836.758433649 5293.39578592
837.353673484 5293.39578592
837.948913318 5293.39578592
838.544153153 6526.84366096
839.139392987 6526.84366096
839.734632822 6526.84366096
840.329872656 6526.84366096
840.925112491 6526.84366096
841.520352325 6526.84366096
842.11559216 6526.84366096
842.710831994 6526.84366096
843.306071829 6526.84366096
843.901311663 6526.84366096
844.496551498 6526.84366096
845.091791332 6526.84366096
845.687031166 6526.84366096
846.282271001 6526.84366096
846.877510835 6526.84366096
847.47275067 6526.84366096
848.067990504 6526.84366096
848.663230339 6526.84366096
849.258470173 6526.84366096
849.853710008 6526.84366096
850.448949842 6526.84366096
851.044189677 6526.84366096
851.639429511 6526.84366096
852.234669346 6526.84366096
852.82990918 6526.84366096
853.425149015 6526.84366096
854.020388849 6526.84366096
854.615628684 6526.84366096
855.210868518 6526.84366096
855.806108352 6526.84366096
856.401348187 6526.84366096
856.996588021 6526.84366096
857.591827856 6526.84366096
858.18706769 6526.84366096
858.782307525 6526.84366096
859.377547359 6526.84366096
859.972787194 6526.84366096
860.568027028 6526.84366096
861.163266863 6526.84366096
861.758506697 6526.84366096
862.353746532 6526.84366096
862.948986366 6526.84366096
863.544226201 6526.84366096
864.139466035 6526.84366096
864.73470587 6526.84366096
865.329945704 6526.84366096
865.925185539 6526.84366096
866.520425373 6526.84366096
867.115665207 6526.84366096
867.710905042 6526.84366096
868.306144876 6526.84366096
868.901384711 6526.84366096
869.496624545 6526.84366096
870.09186438 6526.84366096
870.687104214 6526.84366096
871.282344049 6526.84366096
871.877583883 6526.84366096
872.472823718 6526.84366096
873.068063552 6526.84366096
873.663303387 6526.84366096
874.258543221 6526.84366096
874.853783056 6526.84366096
875.44902289 6526.84366096
876.044262725 6526.84366096
876.639502559 6526.84366096
877.234742394 6526.84366096
877.829982228 6526.84366096
878.425222062 6526.84366096
879.020461897 6526.84366096
879.615701731 6526.84366096
880.210941566 6526.84366096
880.8061814 6526.84366096
881.401421235 6526.84366096
881.996661069 6526.84366096
882.591900904 6526.84366096
883.187140738 6526.84366096
883.782380573 6526.84366096
884.377620407 6526.84366096
884.972860242 6526.84366096
885.568100076 6526.84366096
886.163339911 6526.84366096
886.758579745 6526.84366096
887.35381958 6526.84366096
887.949059414 6526.84366096
888.544299248 6526.84366096
889.139539083 6526.84366096
889.734778917 6526.84366096
890.330018752 6526.84366096
890.925258586 6526.84366096
891.520498421 6526.84366096
892.115738255 6526.84366096
892.71097809 6526.84366096
893.306217924 6526.84366096
893.901457759 6526.84366096
894.496697593 6526.84366096
895.091937428 6526.84366096
895.687177262 6526.84366096
896.282417097 6526.84366096
896.877656931 6526.84366096
897.472896766 6526.84366096
898.0681366 6526.84366096
898.663376435 6526.84366096
899.258616269 6526.84366096
899.853856103 6526.84366096
900.449095938 6526.84366096
901.044335772 6526.84366096
901.639575607 6526.84366096
902.234815441 6526.84366096
902.830055276 6526.84366096
903.42529511 6526.84366096
904.020534945 6526.84366096
904.615774779 6526.84366096
905.211014614 6526.84366096
905.806254448 6526.84366096
906.401494283 6526.84366096
906.996734117 6526.84366096
907.591973952 6526.84366096
908.187213786 6526.84366096
908.782453621 6526.84366096
909.377693455 6526.84366096
909.97293329 6526.84366096
910.568173124 6526.84366096
911.163412958 6526.84366096
911.758652793 6526.84366096
912.353892627 6526.84366096
912.949132462 6526.84366096
913.544372296 6526.84366096
914.139612131 6526.84366096
914.734851965 5810.30651024
915.3300918 5810.30651024
915.925331634 5810.30651024
916.520571469 5810.30651024
917.115811303 5810.30651024
917.711051138 5810.30651024
918.306290972 5810.30651024
918.901530807 5810.30651024
919.496770641 5810.30651024
920.092010476 5810.30651024
920.68725031 5810.30651024
921.282490144 5810.30651024
921.877729979 5810.30651024
922.472969813 5810.30651024
923.068209648 5810.30651024
923.663449482 5810.30651024
924.258689317 5810.30651024
924.853929151 5810.30651024
925.449168986 5810.30651024
926.04440882 5810.30651024
926.639648655 5810.30651024
927.234888489 5810.30651024
927.830128324 5810.30651024
928.425368158 5810.30651024
929.020607993 5810.30651024
929.615847827 5810.30651024
930.211087662 5810.30651024
930.806327496 5810.30651024
931.401567331 5810.30651024
931.996807165 5810.30651024
932.592046999 5810.30651024
933.187286834 5810.30651024
933.782526668 5810.30651024
934.377766503 5810.30651024
934.973006337 5810.30651024
935.568246172 5810.30651024
936.163486006 5810.30651024
936.758725841 5810.30651024
937.353965675 5810.30651024
937.94920551 5810.30651024
938.544445344 5810.30651024
939.139685179 5810.30651024
939.734925013 5810.30651024
940.330164848 5810.30651024
940.925404682 5810.30651024
941.520644517 5810.30651024
942.115884351 5810.30651024
942.711124185 5810.30651024
943.30636402 5810.30651024
943.901603854 5810.30651024
944.496843689 5810.30651024
945.092083523 5810.30651024
945.687323358 5810.30651024
946.282563192 5810.30651024
946.877803027 5810.30651024
947.473042861 5810.30651024
948.068282696 5810.30651024
948.66352253 5810.30651024
949.258762365 5810.30651024
949.854002199 5810.30651024
950.449242034 5810.30651024
951.044481868 5810.30651024
951.639721703 5810.30651024
952.234961537 5810.30651024
952.830201372 5810.30651024
953.425441206 5810.30651024
954.02068104 5810.30651024
954.615920875 5810.30651024
955.211160709 5810.30651024
955.806400544 5810.30651024
956.401640378 5810.30651024
956.996880213 5810.30651024
957.592120047 5810.30651024
958.187359882 5810.30651024
958.782599716 5810.30651024
959.377839551 5810.30651024
959.973079385 5810.30651024
960.56831922 5810.30651024
961.163559054 5810.30651024
961.758798889 5810.30651024
962.354038723 5810.30651024
962.949278558 5810.30651024
963.544518392 5810.30651024
964.139758227 5810.30651024
964.734998061 5810.30651024
965.330237895 5810.30651024
965.92547773 5810.30651024
966.520717564 5810.30651024
967.115957399 5810.30651024
967.711197233 5810.30651024
968.306437068 5810.30651024
968.901676902 5810.30651024
969.496916737 5810.30651024
970.092156571 5810.30651024
970.687396406 5810.30651024
971.28263624 5810.30651024
971.877876075 5810.30651024
972.473115909 5810.30651024
973.068355744 5810.30651024
973.663595578 5810.30651024
974.258835413 5810.30651024
974.854075247 5810.30651024
975.449315081 5810.30651024
976.044554916 5810.30651024
976.63979475 5810.30651024
977.235034585 5810.30651024
977.830274419 5810.30651024
978.425514254 5810.30651024
979.020754088 5810.30651024
979.615993923 5810.30651024
980.211233757 5810.30651024
980.806473592 5810.30651024
981.401713426 5810.30651024
981.996953261 5810.30651024
982.592193095 5810.30651024
983.18743293 5810.30651024
983.782672764 5810.30651024
984.377912599 5810.30651024
984.973152433 5810.30651024
985.568392268 5810.30651024
986.163632102 5810.30651024
986.758871936 5810.30651024
987.354111771 5810.30651024
987.949351605 5810.30651024
988.54459144 5810.30651024
989.139831274 5810.30651024
989.735071109 5810.30651024
990.330310943 5810.30651024
990.925550778 5810.30651024
991.520790612 5810.30651024
992.116030447 5810.30651024
992.711270281 5810.30651024
993.306510116 5810.30651024
993.90174995 5810.30651024
994.496989785 5810.30651024
995.092229619 5810.30651024
995.687469454 5810.30651024
996.282709288 5810.30651024
996.877949123 5810.30651024
997.473188957 5810.30651024
998.068428791 5810.30651024
998.663668626 5810.30651024
999.25890846 5810.30651024
999.854148295 5810.30651024
1000.44938813 5810.30651024
1001.04462796 5810.30651024
1001.6398678 5810.30651024
1002.23510763 5810.30651024
1002.83034747 5810.30651024
1003.4255873 5810.30651024
1004.02082714 5810.30651024
1004.61606697 5810.30651024
1005.21130681 5810.30651024
1005.80654664 5810.30651024
1006.40178647 5810.30651024
1006.99702631 5810.30651024
1007.59226614 5810.30651024
1008.18750598 5810.30651024
1008.78274581 5810.30651024
1009.37798565 5810.30651024
1009.97322548 5810.30651024
1010.56846532 5810.30651024
1011.16370515 5810.30651024
1011.75894498 5810.30651024
1012.35418482 5810.30651024
1012.94942465 5810.30651024
1013.54466449 5810.30651024
1014.13990432 5810.30651024
1014.73514416 5810.30651024
1015.33038399 5810.30651024
1015.92562383 5810.30651024
1016.52086366 5810.30651024
1017.11610349 5810.30651024
1017.71134333 5810.30651024
1018.30658316 5810.30651024
1018.901823 5810.30651024
1019.49706283 5810.30651024
1020.09230267 5810.30651024
1020.6875425 5810.30651024
1021.28278234 5810.30651024
1021.87802217 5810.30651024
1022.473262 5810.30651024
1023.06850184 5810.30651024
1023.66374167 5810.30651024
1024.25898151 5810.30651024
1024.85422134 5810.30651024
1025.44946118 5810.30651024
1026.04470101 5810.30651024
1026.63994085 5810.30651024
1027.23518068 5810.30651024
1027.83042052 5810.30651024
1028.42566035 5810.30651024
1029.02090018 5810.30651024
1029.61614002 5810.30651024
1030.21137985 5810.30651024
1030.80661969 5810.30651024
1031.40185952 5810.30651024
1031.99709936 5810.30651024
1032.59233919 5810.30651024
1033.18757903 5810.30651024
1033.78281886 5810.30651024
1034.37805869 5810.30651024
1034.97329853 5810.30651024
1035.56853836 5810.30651024
1036.1637782 5810.30651024
1036.75901803 5810.30651024
1037.35425787 5810.30651024
1037.9494977 5810.30651024
1038.54473754 5810.30651024
1039.13997737 5810.30651024
1039.7352172 5810.30651024
1040.33045704 5810.30651024
1040.92569687 5810.30651024
1041.52093671 5810.30651024
1042.11617654 5810.30651024
1042.71141638 5810.30651024
1043.30665621 5810.30651024
1043.90189605 5810.30651024
1044.49713588 5810.30651024
1045.09237571 5810.30651024
1045.68761555 5810.30651024
1046.28285538 5810.30651024
1046.87809522 5810.30651024
1047.47333505 5810.30651024
1048.06857489 5810.30651024
1048.66381472 5810.30651024
1049.25905456 5810.30651024
1049.85429439 5810.30651024
1050.44953423 5810.30651024
1051.04477406 5810.30651024
1051.64001389 5810.30651024
1052.23525373 5810.30651024
1052.83049356 5810.30651024
1053.4257334 5810.30651024
1054.02097323 5810.30651024
1054.61621307 5810.30651024
1055.2114529 5810.30651024
1055.80669274 5810.30651024
1056.40193257 5810.30651024
1056.9971724 5810.30651024
1057.59241224 5810.30651024
1058.18765207 5810.30651024
1058.78289191 5810.30651024
1059.37813174 5810.30651024
1059.97337158 5810.30651024
1060.56861141 5810.30651024
1061.16385125 5810.30651024
1061.75909108 5810.30651024
1062.35433091 5810.30651024
1062.94957075 5810.30651024
1063.54481058 5810.30651024
1064.14005042 5810.30651024
1064.73529025 5810.30651024
1065.33053009 5810.30651024
1065.92576992 5810.30651024
1066.52100976 5810.30651024
1067.11624959 5810.30651024
1067.71148942 5810.30651024
1068.30672926 5810.30651024
1068.90196909 5810.30651024
1069.49720893 5810.30651024
1070.09244876 5810.30651024
1070.6876886 5810.30651024
1071.28292843 5810.30651024
1071.87816827 5810.30651024
1072.4734081 5810.30651024
1073.06864794 5810.30651024
1073.66388777 5810.30651024
1074.2591276 5810.30651024
1074.85436744 5810.30651024
1075.44960727 5810.30651024
1076.04484711 5810.30651024
1076.64008694 5810.30651024
1077.23532678 5810.30651024
1077.83056661 5810.30651024
1078.42580645 5810.30651024
1079.02104628 5810.30651024
1079.61628611 5810.30651024
1080.21152595 5810.30651024
1080.80676578 5810.30651024
1081.40200562 5810.30651024
1081.99724545 5810.30651024
1082.59248529 5810.30651024
1083.18772512 5810.30651024
1083.78296496 5810.30651024
1084.37820479 5810.30651024
1084.97344462 5810.30651024
1085.56868446 5810.30651024
1086.16392429 5810.30651024
1086.75916413 5810.30651024
1087.35440396 5810.30651024
1087.9496438 5810.30651024
1088.54488363 5810.30651024
1089.14012347 5810.30651024
1089.7353633 5810.30651024
1090.33060313 5810.30651024
1090.92584297 5810.30651024
1091.5210828 5810.30651024
1092.11632264 5810.30651024
1092.71156247 5810.30651024
1093.30680231 5810.30651024
1093.90204214 5810.30651024
1094.49728198 5810.30651024
1095.09252181 5810.30651024
1095.68776164 5810.30651024
1096.28300148 5810.30651024
1096.87824131 5810.30651024
1097.47348115 5810.30651024
1098.06872098 5810.30651024
1098.66396082 5810.30651024
1099.25920065 5810.30651024
1099.85444049 5810.30651024
1100.44968032 5810.30651024
1101.04492016 5810.30651024
1101.64015999 5810.30651024
1102.23539982 5810.30651024
1102.83063966 5810.30651024
1103.42587949 5810.30651024
1104.02111933 5810.30651024
1104.61635916 5810.30651024
1105.211599 5810.30651024
1105.80683883 5810.30651024
1106.40207867 5810.30651024
1106.9973185 5810.30651024
1107.59255833 5810.30651024
1108.18779817 5810.30651024
1108.783038 5810.30651024
1109.37827784 5810.30651024
1109.97351767 5810.30651024
1110.56875751 5810.30651024
1111.16399734 5810.30651024
1111.75923718 5810.30651024
1112.35447701 5810.30651024
1112.94971684 5810.30651024
1113.54495668 5810.30651024
1114.14019651 5810.30651024
1114.73543635 5810.30651024
1115.33067618 5810.30651024
1115.92591602 5810.30651024
1116.52115585 5810.30651024
1117.11639569 5810.30651024
1117.71163552 5810.30651024
1118.30687535 5810.30651024
1118.90211519 5810.30651024
1119.49735502 5810.30651024
1120.09259486 5810.30651024
1120.68783469 5810.30651024
1121.28307453 5810.30651024
1121.87831436 5810.30651024
1122.4735542 5810.30651024
1123.06879403 5810.30651024
1123.66403387 5810.30651024
1124.2592737 5810.30651024
1124.85451353 5810.30651024
1125.44975337 5810.30651024
1126.0449932 5810.30651024
1126.64023304 5810.30651024
1127.23547287 5810.30651024
1127.83071271 5810.30651024
1128.42595254 5810.30651024
1129.02119238 5810.30651024
1129.61643221 5810.30651024
1130.21167204 5810.30651024
1130.80691188 5810.30651024
1131.40215171 5810.30651024
1131.99739155 5810.30651024
1132.59263138 5810.30651024
1133.18787122 5810.30651024
1133.78311105 5810.30651024
1134.37835089 5810.30651024
1134.97359072 5810.30651024
1135.56883055 5810.30651024
1136.16407039 5810.30651024
1136.75931022 5810.30651024
1137.35455006 5810.30651024
1137.94978989 5810.30651024
1138.54502973 5810.30651024
1139.14026956 5810.30651024
1139.7355094 5810.30651024
1140.33074923 5810.30651024
1140.92598906 5810.30651024
1141.5212289 5810.30651024
1142.11646873 5810.30651024
1142.71170857 5810.30651024
1143.3069484 5810.30651024
1143.90218824 5810.30651024
1144.49742807 5810.30651024
1145.09266791 5810.30651024
1145.68790774 5810.30651024
1146.28314758 5810.30651024
1146.87838741 5810.30651024
1147.47362724 5810.30651024
1148.06886708 5810.30651024
1148.66410691 5810.30651024
1149.25934675 5810.30651024
1149.85458658 5810.30651024
1150.44982642 5810.30651024
1151.04506625 5810.30651024
1151.64030609 5810.30651024
1152.23554592 5810.30651024
1152.83078575 5810.30651024
1153.42602559 5810.30651024
1154.02126542 5810.30651024
1154.61650526 5810.30651024
1155.21174509 5810.30651024
1155.80698493 5810.30651024
1156.40222476 5810.30651024
1156.9974646 5810.30651024
1157.59270443 5810.30651024
1158.18794426 5810.30651024
1158.7831841 5810.30651024
1159.37842393 5810.30651024
1159.97366377 5810.30651024
1160.5689036 5810.30651024
1161.16414344 5810.30651024
1161.75938327 5810.30651024
1162.35462311 5810.30651024
1162.94986294 5810.30651024
1163.54510277 5810.30651024
1164.14034261 5810.30651024
1164.73558244 5810.30651024
1165.33082228 5810.30651024
1165.92606211 5810.30651024
1166.52130195 5810.30651024
1167.11654178 5810.30651024
1167.71178162 5810.30651024
1168.30702145 5810.30651024
1168.90226129 5810.30651024
1169.49750112 5810.30651024
1170.09274095 5810.30651024
1170.68798079 5810.30651024
1171.28322062 5810.30651024
1171.87846046 5810.30651024
1172.47370029 5810.30651024
1173.06894013 5810.30651024
1173.66417996 5810.30651024
1174.2594198 5810.30651024
1174.85465963 5810.30651024
1175.44989946 5810.30651024
1176.0451393 5810.30651024
1176.64037913 5810.30651024
1177.23561897 5810.30651024
1177.8308588 5810.30651024
1178.42609864 5810.30651024
1179.02133847 5810.30651024
1179.61657831 5810.30651024
1180.21181814 5810.30651024
1180.80705797 5810.30651024
1181.40229781 5810.30651024
1181.99753764 5810.30651024
1182.59277748 5810.30651024
1183.18801731 5810.30651024
1183.78325715 5810.30651024
1184.37849698 5810.30651024
1184.97373682 5810.30651024
1185.56897665 5810.30651024
1186.16421648 5810.30651024
1186.75945632 5810.30651024
1187.35469615 5810.30651024
1187.94993599 5810.30651024
1188.54517582 5810.30651024
1189.14041566 5810.30651024
1189.73565549 5810.30651024
1190.33089533 5810.30651024
1190.92613516 5810.30651024
1191.521375 5810.30651024
1192.11661483 5810.30651024
1192.71185466 5810.30651024
1193.3070945 5810.30651024
1193.90233433 5810.30651024
1194.49757417 5810.30651024
1195.092814 5810.30651024
1195.68805384 5810.30651024
1196.28329367 5810.30651024
1196.87853351 5810.30651024
1197.47377334 5810.30651024
1198.06901317 5810.30651024
1198.66425301 5810.30651024
1199.25949284 5810.30651024
1199.85473268 5810.30651024
1200.44997251 5810.30651024
1201.04521235 5810.30651024
1201.64045218 5810.30651024
1202.23569202 5810.30651024
1202.83093185 5810.30651024
1203.42617168 5810.30651024
1204.02141152 5810.30651024
1204.61665135 5810.30651024
1205.21189119 5810.30651024
1205.80713102 5810.30651024
1206.40237086 5810.30651024
1206.99761069 5810.30651024
1207.59285053 5810.30651024
1208.18809036 5810.30651024
1208.78333019 5810.30651024
1209.37857003 5810.30651024
1209.97380986 5810.30651024
1210.5690497 5810.30651024
1211.16428953 5810.30651024
1211.75952937 5810.30651024
1212.3547692 5810.30651024
1212.95000904 5810.30651024
1213.54524887 5810.30651024
1214.14048871 5810.30651024
1214.73572854 5810.30651024
1215.33096837 5810.30651024
1215.92620821 5810.30651024
1216.52144804 5810.30651024
1217.11668788 5810.30651024
1217.71192771 5810.30651024
1218.30716755 5810.30651024
1218.90240738 5810.30651024
