0.446466215283 2202.94088752
1.04170604976 2202.94088752
1.63694588423 2202.94088752
2.2321857187 2202.94088752
2.82742555317 2202.94088752
3.42266538765 2202.94088752
4.01790522212 2202.94088752
4.61314505659 2202.94088752
5.20838489106 2202.94088752
5.80362472554 2202.94088752
6.39886456001 2202.94088752
6.99410439448 2202.94088752
7.58934422895 2202.94088752
8.18458406343 2202.94088752
8.7798238979 2202.94088752
9.37506373237 2202.94088752
9.97030356685 2202.94088752
10.5655434013 2202.94088752
11.1607832358 2202.94088752
11.7560230703 2202.94088752
12.3512629047 2202.94088752
12.9465027392 2202.94088752
13.5417425737 2202.94088752
14.1369824082 2202.94088752
14.7322222426 2202.94088752
15.3274620771 2202.94088752
15.9227019116 2202.94088752
16.517941746 2202.94088752
17.1131815805 2202.94088752
17.708421415 2202.94088752
18.3036612495 2202.94088752
18.8989010839 2202.94088752
19.4941409184 2202.94088752
20.0893807529 2202.94088752
20.6846205874 2202.94088752
21.2798604218 2202.94088752
21.8751002563 2202.94088752
22.4703400908 2202.94088752
23.0655799252 2202.94088752
23.6608197597 2202.94088752
24.2560595942 2202.94088752
24.8512994287 2202.94088752
25.4465392631 2202.94088752
26.0417790976 2202.94088752
26.6370189321 2202.94088752
27.2322587666 2202.94088752
27.827498601 2202.94088752
28.4227384355 2202.94088752
29.01797827 2202.94088752
29.6132181044 2202.94088752
30.2084579389 2202.94088752
30.8036977734 2202.94088752
31.3989376079 2202.94088752
31.9941774423 2202.94088752
32.5894172768 2202.94088752
33.1846571113 2202.94088752
33.7798969458 2202.94088752
34.3751367802 2202.94088752
34.9703766147 2202.94088752
35.5656164492 2202.94088752
36.1608562836 2202.94088752
36.7560961181 2202.94088752
37.3513359526 2202.94088752
37.9465757871 2202.94088752
38.5418156215 2202.94088752
39.137055456 2202.94088752
39.7322952905 2202.94088752
40.327535125 2202.94088752
40.9227749594 2202.94088752
41.5180147939 2202.94088752
42.1132546284 2202.94088752
42.7084944628 2202.94088752
43.3037342973 2202.94088752
43.8989741318 2202.94088752
44.4942139663 2202.94088752
45.0894538007 2202.94088752
45.6846936352 2202.94088752
46.2799334697 2202.94088752
46.8751733041 2202.94088752
47.4704131386 2202.94088752
48.0656529731 2202.94088752
48.6608928076 2202.94088752
49.256132642 2202.94088752
49.8513724765 2202.94088752
50.446612311 2202.94088752
51.0418521455 2202.94088752
51.6370919799 2202.94088752
52.2323318144 2202.94088752
52.8275716489 2202.94088752
53.4228114833 2202.94088752
54.0180513178 2202.94088752
54.6132911523 2202.94088752
55.2085309868 2202.94088752
55.8037708212 2202.94088752
56.3990106557 2202.94088752
56.9942504902 2202.94088752
57.5894903247 2202.94088752
58.1847301591 2202.94088752
58.7799699936 2202.94088752
59.3752098281 2202.94088752
59.9704496625 2202.94088752
60.565689497 2202.94088752
61.1609293315 2202.94088752
61.756169166 2202.94088752
62.3514090004 2202.94088752
62.9466488349 2202.94088752
63.5418886694 2202.94088752
64.1371285039 2202.94088752
64.7323683383 2202.94088752
65.3276081728 2202.94088752
65.9228480073 2202.94088752
66.5180878417 2202.94088752
67.1133276762 2202.94088752
67.7085675107 2202.94088752
68.3038073452 2202.94088752
68.8990471796 2202.94088752
69.4942870141 2202.94088752
70.0895268486 2202.94088752
70.6847666831 2202.94088752
71.2800065175 2202.94088752
71.875246352 2202.94088752
72.4704861865 2202.94088752
73.0657260209 2202.94088752
73.6609658554 2202.94088752
74.2562056899 2202.94088752
74.8514455244 2202.94088752
75.4466853588 2202.94088752
76.0419251933 2202.94088752
76.6371650278 2202.94088752
77.2324048623 2202.94088752
77.8276446967 2202.94088752
78.4228845312 2202.94088752
79.0181243657 2202.94088752
79.6133642001 2202.94088752
80.2086040346 2202.94088752
80.8038438691 2202.94088752
81.3990837036 2202.94088752
81.994323538 2202.94088752
82.5895633725 2202.94088752
83.184803207 2202.94088752
83.7800430415 2202.94088752
84.3752828759 2202.94088752
84.9705227104 2202.94088752
85.5657625449 2202.94088752
86.1610023793 2202.94088752
86.7562422138 2202.94088752
87.3514820483 2202.94088752
87.9467218828 2202.94088752
88.5419617172 2202.94088752
89.1372015517 2202.94088752
89.7324413862 2202.94088752
90.3276812207 2202.94088752
90.9229210551 2202.94088752
91.5181608896 2202.94088752
92.1134007241 2202.94088752
92.7086405585 2202.94088752
93.303880393 2202.94088752
93.8991202275 2202.94088752
94.494360062 2202.94088752
95.0895998964 2202.94088752
95.6848397309 2202.94088752
96.2800795654 2202.94088752
96.8753193999 2202.94088752
97.4705592343 2202.94088752
98.0657990688 2202.94088752
98.6610389033 2202.94088752
99.2562787377 2202.94088752
99.8515185722 2202.94088752
100.446758407 2202.94088752
101.041998241 2202.94088752
101.637238076 2202.94088752
102.23247791 2202.94088752
102.827717745 2202.94088752
103.422957579 2202.94088752
104.018197414 2202.94088752
104.613437248 2202.94088752
105.208677082 2202.94088752
105.803916917 2202.94088752
106.399156751 2202.94088752
106.994396586 2202.94088752
107.58963642 2202.94088752
108.184876255 2202.94088752
108.780116089 2202.94088752
109.375355924 2202.94088752
109.970595758 2202.94088752
110.565835593 2202.94088752
111.161075427 2202.94088752
111.756315262 2202.94088752
112.351555096 2202.94088752
112.946794931 2202.94088752
113.542034765 2202.94088752
114.1372746 2202.94088752
114.732514434 2202.94088752
115.327754269 2202.94088752
115.922994103 2202.94088752
116.518233937 2202.94088752
117.113473772 2202.94088752
117.708713606 2202.94088752
118.303953441 2202.94088752
118.899193275 2202.94088752
119.49443311 2202.94088752
120.089672944 2202.94088752
120.684912779 2202.94088752
121.280152613 2202.94088752
121.875392448 2202.94088752
122.470632282 2202.94088752
123.065872117 2202.94088752
123.661111951 2202.94088752
124.256351786 2202.94088752
124.85159162 2202.94088752
125.446831455 2202.94088752
126.042071289 2202.94088752
126.637311123 2202.94088752
127.232550958 2202.94088752
127.827790792 2202.94088752
128.423030627 2202.94088752
129.018270461 2202.94088752
129.613510296 2202.94088752
130.20875013 2202.94088752
130.803989965 2202.94088752
131.399229799 2202.94088752
131.994469634 2202.94088752
132.589709468 2202.94088752
133.184949303 2202.94088752
133.780189137 2202.94088752
134.375428972 2202.94088752
134.970668806 2202.94088752
135.565908641 2202.94088752
136.161148475 2202.94088752
136.75638831 2202.94088752
137.351628144 2202.94088752
137.946867978 2202.94088752
138.542107813 2202.94088752
139.137347647 2202.94088752
139.732587482 2202.94088752
140.327827316 2202.94088752
140.923067151 2202.94088752
141.518306985 2202.94088752
142.11354682 2202.94088752
142.708786654 2202.94088752
143.304026489 2202.94088752
143.899266323 2202.94088752
144.494506158 2202.94088752
145.089745992 2202.94088752
145.684985827 2202.94088752
146.280225661 2202.94088752
146.875465496 2202.94088752
147.47070533 2202.94088752
148.065945165 2202.94088752
148.661184999 2202.94088752
149.256424833 2202.94088752
149.851664668 2202.94088752
150.446904502 2202.94088752
151.042144337 2202.94088752
151.637384171 2202.94088752
152.232624006 2202.94088752
152.82786384 2202.94088752
153.423103675 2202.94088752
154.018343509 2202.94088752
154.613583344 2202.94088752
155.208823178 2202.94088752
155.804063013 2202.94088752
156.399302847 2202.94088752
156.994542682 2202.94088752
157.589782516 2202.94088752
158.185022351 2202.94088752
158.780262185 2202.94088752
159.375502019 2202.94088752
159.970741854 2202.94088752
160.565981688 2202.94088752
161.161221523 2202.94088752
161.756461357 2202.94088752
162.351701192 2202.94088752
162.946941026 2202.94088752
163.542180861 2202.94088752
164.137420695 2202.94088752
164.73266053 2202.94088752
165.327900364 2202.94088752
165.923140199 2202.94088752
166.518380033 2202.94088752
167.113619868 2202.94088752
167.708859702 2202.94088752
168.304099537 2202.94088752
168.899339371 2202.94088752
169.494579206 2202.94088752
170.08981904 2202.94088752
170.685058874 2202.94088752
171.280298709 2202.94088752
171.875538543 2202.94088752
172.470778378 2202.94088752
173.066018212 2202.94088752
173.661258047 2202.94088752
174.256497881 2202.94088752
174.851737716 2202.94088752
175.44697755 2202.94088752
176.042217385 2202.94088752
176.637457219 2202.94088752
177.232697054 2202.94088752
177.827936888 2202.94088752
178.423176723 2202.94088752
179.018416557 2202.94088752
179.613656392 2202.94088752
180.208896226 2202.94088752
180.80413606 2202.94088752
181.399375895 2202.94088752
181.994615729 2202.94088752
182.589855564 2202.94088752
183.185095398 2202.94088752
183.780335233 2202.94088752
184.375575067 2202.94088752
184.970814902 2202.94088752
185.566054736 2202.94088752
186.161294571 2202.94088752
186.756534405 2202.94088752
187.35177424 2202.94088752
187.947014074 2202.94088752
188.542253909 2202.94088752
189.137493743 2202.94088752
189.732733578 2202.94088752
190.327973412 2202.94088752
190.923213247 2202.94088752
191.518453081 2202.94088752
192.113692915 2202.94088752
192.70893275 2202.94088752
193.304172584 2202.94088752
193.899412419 2202.94088752
194.494652253 2202.94088752
195.089892088 2202.94088752
195.685131922 2202.94088752
196.280371757 2202.94088752
196.875611591 2202.94088752
197.470851426 2202.94088752
198.06609126 2202.94088752
198.661331095 2202.94088752
199.256570929 2202.94088752
199.851810764 2202.94088752
200.447050598 2202.94088752
201.042290433 2202.94088752
201.637530267 2202.94088752
202.232770102 2202.94088752
202.828009936 2202.94088752
203.42324977 2202.94088752
204.018489605 2202.94088752
204.613729439 2202.94088752
205.208969274 2202.94088752
205.804209108 2202.94088752
206.399448943 2202.94088752
206.994688777 2202.94088752
207.589928612 2202.94088752
208.185168446 2202.94088752
208.780408281 2202.94088752
209.375648115 2202.94088752
209.97088795 2202.94088752
210.566127784 2202.94088752
211.161367619 2202.94088752
211.756607453 2202.94088752
212.351847288 2202.94088752
212.947087122 2202.94088752
213.542326956 2202.94088752
214.137566791 2202.94088752
214.732806625 2202.94088752
215.32804646 2202.94088752
215.923286294 2202.94088752
216.518526129 2202.94088752
217.113765963 2202.94088752
217.709005798 2202.94088752
218.304245632 2202.94088752
218.899485467 2202.94088752
219.494725301 2202.94088752
220.089965136 2202.94088752
220.68520497 2202.94088752
221.280444805 2202.94088752
221.875684639 2202.94088752
222.470924474 2202.94088752
223.066164308 2202.94088752
223.661404143 2202.94088752
224.256643977 2202.94088752
224.851883811 2202.94088752
225.447123646 2202.94088752
226.04236348 2202.94088752
226.637603315 2202.94088752
227.232843149 2202.94088752
227.828082984 2202.94088752
228.423322818 2202.94088752
229.018562653 2202.94088752
229.613802487 2202.94088752
230.209042322 2202.94088752
230.804282156 2202.94088752
231.399521991 2202.94088752
231.994761825 2202.94088752
232.59000166 2202.94088752
233.185241494 2202.94088752
233.780481329 2202.94088752
234.375721163 2202.94088752
234.970960998 2202.94088752
235.566200832 2202.94088752
236.161440666 2202.94088752
236.756680501 2202.94088752
237.351920335 2202.94088752
237.94716017 2202.94088752
238.542400004 2202.94088752
239.137639839 2202.94088752
239.732879673 2202.94088752
240.328119508 2202.94088752
240.923359342 2202.94088752
241.518599177 2202.94088752
242.113839011 2202.94088752
242.709078846 2202.94088752
243.30431868 2202.94088752
243.899558515 2202.94088752
244.494798349 2202.94088752
245.090038184 2202.94088752
245.685278018 2202.94088752
246.280517852 2202.94088752
246.875757687 2202.94088752
247.470997521 2202.94088752
248.066237356 2202.94088752
248.66147719 2202.94088752
249.256717025 2202.94088752
249.851956859 2202.94088752
250.447196694 2202.94088752
251.042436528 2202.94088752
251.637676363 2202.94088752
252.232916197 2202.94088752
252.828156032 2202.94088752
253.423395866 2202.94088752
254.018635701 2202.94088752
254.613875535 2202.94088752
255.20911537 2202.94088752
255.804355204 2202.94088752
256.399595039 2202.94088752
256.994834873 2202.94088752
257.590074707 2202.94088752
258.185314542 2202.94088752
258.780554376 2202.94088752
259.375794211 2202.94088752
259.971034045 2202.94088752
260.56627388 2202.94088752
261.161513714 2202.94088752
261.756753549 2202.94088752
262.351993383 2202.94088752
262.947233218 2202.94088752
263.542473052 2202.94088752
264.137712887 2202.94088752
264.732952721 2202.94088752
265.328192556 2202.94088752
265.92343239 2202.94088752
266.518672225 2202.94088752
267.113912059 2202.94088752
267.709151894 2202.94088752
268.304391728 2202.94088752
268.899631562 2202.94088752
269.494871397 2202.94088752
270.090111231 2202.94088752
270.685351066 2202.94088752
271.2805909 2202.94088752
271.875830735 2202.94088752
272.471070569 2202.94088752
273.066310404 2202.94088752
273.661550238 2202.94088752
274.256790073 2202.94088752
274.852029907 2202.94088752
275.447269742 2202.94088752
276.042509576 2202.94088752
276.637749411 2202.94088752
277.232989245 2202.94088752
277.82822908 2202.94088752
278.423468914 2202.94088752
279.018708748 2202.94088752
279.613948583 2202.94088752
280.209188417 2202.94088752
280.804428252 2202.94088752
281.399668086 2202.94088752
281.994907921 2202.94088752
282.590147755 2202.94088752
283.18538759 2202.94088752
283.780627424 2202.94088752
284.375867259 2202.94088752
284.971107093 2202.94088752
285.566346928 2202.94088752
286.161586762 2202.94088752
286.756826597 2202.94088752
287.352066431 2202.94088752
287.947306266 2202.94088752
288.5425461 2202.94088752
289.137785935 2202.94088752
289.733025769 2202.94088752
290.328265603 2202.94088752
290.923505438 2202.94088752
291.518745272 2202.94088752
292.113985107 2202.94088752
292.709224941 2202.94088752
293.304464776 2202.94088752
293.89970461 2202.94088752
294.494944445 2202.94088752
295.090184279 2202.94088752
295.685424114 2202.94088752
296.280663948 2202.94088752
296.875903783 2202.94088752
297.471143617 2202.94088752
298.066383452 2202.94088752
298.661623286 2202.94088752
299.256863121 2202.94088752
299.852102955 2202.94088752
300.44734279 2202.94088752
301.042582624 2202.94088752
301.637822458 2202.94088752
302.233062293 2202.94088752
302.828302127 2202.94088752
303.423541962 2202.94088752
304.018781796 2202.94088752
304.614021631 2202.94088752
305.209261465 1591.94982479
305.8045013 1591.94982479
306.399741134 1591.94982479
306.994980969 1591.94982479
307.590220803 1591.94982479
308.185460638 1591.94982479
308.780700472 1591.94982479
309.375940307 1591.94982479
309.971180141 1591.94982479
310.566419976 1591.94982479
311.16165981 1591.94982479
311.756899644 1591.94982479
312.352139479 1591.94982479
312.947379313 1591.94982479
313.542619148 1591.94982479
314.137858982 1591.94982479
314.733098817 1591.94982479
315.328338651 1591.94982479
315.923578486 1591.94982479
316.51881832 1591.94982479
317.114058155 1591.94982479
317.709297989 1591.94982479
318.304537824 1591.94982479
318.899777658 1591.94982479
319.495017493 1591.94982479
320.090257327 1591.94982479
320.685497162 1591.94982479
321.280736996 1591.94982479
321.875976831 1591.94982479
322.471216665 1591.94982479
323.066456499 1591.94982479
323.661696334 1591.94982479
324.256936168 1591.94982479
324.852176003 1591.94982479
325.447415837 1591.94982479
326.042655672 1591.94982479
326.637895506 1591.94982479
327.233135341 1591.94982479
327.828375175 1591.94982479
328.42361501 1591.94982479
329.018854844 1591.94982479
329.614094679 1591.94982479
330.209334513 1591.94982479
330.804574348 1591.94982479
331.399814182 1591.94982479
331.995054017 1591.94982479
332.590293851 1591.94982479
333.185533685 1591.94982479
333.78077352 1591.94982479
334.376013354 1591.94982479
334.971253189 1591.94982479
335.566493023 1591.94982479
336.161732858 1591.94982479
336.756972692 1591.94982479
337.352212527 1591.94982479
337.947452361 1591.94982479
338.542692196 1591.94982479
339.13793203 1591.94982479
339.733171865 1591.94982479
340.328411699 1591.94982479
340.923651534 1591.94982479
341.518891368 1591.94982479
342.114131203 1591.94982479
342.709371037 1591.94982479
343.304610872 1591.94982479
343.899850706 1591.94982479
344.49509054 1591.94982479
345.090330375 1591.94982479
345.685570209 1591.94982479
346.280810044 1591.94982479
346.876049878 1591.94982479
347.471289713 1591.94982479
348.066529547 1591.94982479
348.661769382 1591.94982479
349.257009216 1591.94982479
349.852249051 1591.94982479
350.447488885 1591.94982479
351.04272872 1591.94982479
351.637968554 1591.94982479
352.233208389 1591.94982479
352.828448223 1591.94982479
353.423688058 1591.94982479
354.018927892 1591.94982479
354.614167727 1591.94982479
355.209407561 1591.94982479
355.804647395 1591.94982479
356.39988723 1591.94982479
356.995127064 1591.94982479
357.590366899 1591.94982479
358.185606733 1591.94982479
358.780846568 1591.94982479
359.376086402 1591.94982479
359.971326237 1591.94982479
360.566566071 1591.94982479
361.161805906 1591.94982479
361.75704574 1591.94982479
362.352285575 1591.94982479
362.947525409 1591.94982479
363.542765244 1591.94982479
364.138005078 1591.94982479
364.733244913 1591.94982479
365.328484747 1591.94982479
365.923724581 1591.94982479
366.518964416 1591.94982479
367.11420425 1591.94982479
367.709444085 1591.94982479
368.304683919 1591.94982479
368.899923754 1591.94982479
369.495163588 1591.94982479
370.090403423 1591.94982479
370.685643257 1591.94982479
371.280883092 1591.94982479
371.876122926 1591.94982479
372.471362761 1591.94982479
373.066602595 1591.94982479
373.66184243 1591.94982479
374.257082264 1591.94982479
374.852322099 1591.94982479
375.447561933 1591.94982479
376.042801768 1591.94982479
376.638041602 1591.94982479
377.233281436 1591.94982479
377.828521271 1591.94982479
378.423761105 1591.94982479
379.01900094 1591.94982479
379.614240774 1591.94982479
380.209480609 1591.94982479
380.804720443 1591.94982479
381.399960278 1591.94982479
381.995200112 1591.94982479
382.590439947 1591.94982479
383.185679781 1591.94982479
383.780919616 1591.94982479
384.37615945 1591.94982479
384.971399285 1591.94982479
385.566639119 1591.94982479
386.161878954 1591.94982479
386.757118788 1591.94982479
387.352358623 1591.94982479
387.947598457 1591.94982479
388.542838291 1591.94982479
389.138078126 1591.94982479
389.73331796 1591.94982479
390.328557795 1591.94982479
390.923797629 1591.94982479
391.519037464 1591.94982479
392.114277298 1591.94982479
392.709517133 1591.94982479
393.304756967 1591.94982479
393.899996802 1591.94982479
394.495236636 1591.94982479
395.090476471 1591.94982479
395.685716305 1591.94982479
396.28095614 1591.94982479
396.876195974 1591.94982479
397.471435809 1591.94982479
398.066675643 1591.94982479
398.661915477 1591.94982479
399.257155312 1591.94982479
399.852395146 1591.94982479
400.447634981 1591.94982479
401.042874815 1591.94982479
401.63811465 1591.94982479
402.233354484 1591.94982479
402.828594319 1591.94982479
403.423834153 1591.94982479
404.019073988 1591.94982479
404.614313822 1591.94982479
405.209553657 1591.94982479
405.804793491 1591.94982479
406.400033326 1591.94982479
406.99527316 1591.94982479
407.590512995 1591.94982479
408.185752829 1591.94982479
408.780992664 1591.94982479
409.376232498 1591.94982479
409.971472332 1591.94982479
410.566712167 1591.94982479
411.161952001 1591.94982479
411.757191836 1591.94982479
412.35243167 1591.94982479
412.947671505 1591.94982479
413.542911339 1591.94982479
414.138151174 1591.94982479
414.733391008 1591.94982479
415.328630843 1591.94982479
415.923870677 1591.94982479
416.519110512 1591.94982479
417.114350346 1591.94982479
417.709590181 1591.94982479
418.304830015 1591.94982479
418.90006985 1591.94982479
419.495309684 1591.94982479
420.090549519 1591.94982479
420.685789353 1591.94982479
421.281029187 1591.94982479
421.876269022 1591.94982479
422.471508856 1591.94982479
423.066748691 1591.94982479
423.661988525 1591.94982479
424.25722836 1591.94982479
424.852468194 1591.94982479
425.447708029 1591.94982479
426.042947863 1591.94982479
426.638187698 1591.94982479
427.233427532 1591.94982479
427.828667367 1591.94982479
428.423907201 1591.94982479
429.019147036 1591.94982479
429.61438687 1591.94982479
430.209626705 1591.94982479
430.804866539 1591.94982479
431.400106373 1591.94982479
431.995346208 1591.94982479
432.590586042 1591.94982479
433.185825877 1591.94982479
433.781065711 1591.94982479
434.376305546 1591.94982479
434.97154538 1591.94982479
435.566785215 1591.94982479
436.162025049 1591.94982479
436.757264884 1591.94982479
437.352504718 1591.94982479
437.947744553 1591.94982479
438.542984387 1591.94982479
439.138224222 1591.94982479
439.733464056 1591.94982479
440.328703891 1591.94982479
440.923943725 1591.94982479
441.51918356 1591.94982479
442.114423394 1591.94982479
442.709663228 1591.94982479
443.304903063 1591.94982479
443.900142897 1591.94982479
444.495382732 1591.94982479
445.090622566 1591.94982479
445.685862401 1591.94982479
446.281102235 1591.94982479
446.87634207 1591.94982479
447.471581904 1591.94982479
448.066821739 1591.94982479
448.662061573 1591.94982479
449.257301408 1591.94982479
449.852541242 1591.94982479
450.447781077 1591.94982479
451.043020911 1591.94982479
451.638260746 1591.94982479
452.23350058 1591.94982479
452.828740415 1591.94982479
453.423980249 1591.94982479
454.019220083 1591.94982479
454.614459918 1591.94982479
455.209699752 1591.94982479
455.804939587 1591.94982479
456.400179421 1591.94982479
456.995419256 1591.94982479
457.59065909 1485.10674724
458.185898925 1485.10674724
458.781138759 1485.10674724
459.376378594 1485.10674724
459.971618428 1485.10674724
460.566858263 1485.10674724
461.162098097 1485.10674724
461.757337932 1485.10674724
462.352577766 1485.10674724
462.947817601 1485.10674724
463.543057435 1485.10674724
464.138297269 1485.10674724
464.733537104 1485.10674724
465.328776938 1485.10674724
465.924016773 1485.10674724
466.519256607 1485.10674724
467.114496442 1485.10674724
467.709736276 1485.10674724
468.304976111 1485.10674724
468.900215945 1485.10674724
469.49545578 1485.10674724
470.090695614 1485.10674724
470.685935449 1485.10674724
471.281175283 1485.10674724
471.876415118 1485.10674724
472.471654952 1485.10674724
473.066894787 1485.10674724
473.662134621 1485.10674724
474.257374456 1485.10674724
474.85261429 1485.10674724
475.447854124 1485.10674724
476.043093959 1485.10674724
476.638333793 1485.10674724
477.233573628 1485.10674724
477.828813462 1485.10674724
478.424053297 1485.10674724
479.019293131 1485.10674724
479.614532966 1485.10674724
480.2097728 1485.10674724
480.805012635 1485.10674724
481.400252469 1485.10674724
481.995492304 1485.10674724
482.590732138 1485.10674724
483.185971973 1485.10674724
483.781211807 1485.10674724
484.376451642 1485.10674724
484.971691476 1485.10674724
485.56693131 1485.10674724
486.162171145 1485.10674724
486.757410979 1485.10674724
487.352650814 1485.10674724
487.947890648 1485.10674724
488.543130483 1485.10674724
489.138370317 1485.10674724
489.733610152 1485.10674724
490.328849986 1485.10674724
490.924089821 1485.10674724
491.519329655 1485.10674724
492.11456949 1485.10674724
492.709809324 1485.10674724
493.305049159 1485.10674724
493.900288993 1485.10674724
494.495528828 1485.10674724
495.090768662 1485.10674724
495.686008497 1485.10674724
496.281248331 1485.10674724
496.876488165 1485.10674724
497.471728 1485.10674724
498.066967834 1485.10674724
498.662207669 1485.10674724
499.257447503 1485.10674724
499.852687338 1485.10674724
500.447927172 1485.10674724
501.043167007 1485.10674724
501.638406841 1485.10674724
502.233646676 1485.10674724
502.82888651 1485.10674724
503.424126345 1485.10674724
504.019366179 1485.10674724
504.614606014 1485.10674724
505.209845848 1485.10674724
505.805085683 1485.10674724
506.400325517 1485.10674724
506.995565352 1485.10674724
507.590805186 1485.10674724
508.18604502 1485.10674724
508.781284855 1485.10674724
509.376524689 1485.10674724
509.971764524 1485.10674724
510.567004358 1485.10674724
511.162244193 1485.10674724
511.757484027 1485.10674724
512.352723862 1485.10674724
512.947963696 1485.10674724
513.543203531 1485.10674724
514.138443365 1485.10674724
514.7336832 1485.10674724
515.328923034 1485.10674724
515.924162869 1485.10674724
516.519402703 1485.10674724
517.114642538 1485.10674724
517.709882372 1485.10674724
518.305122206 1485.10674724
518.900362041 1485.10674724
519.495601875 1485.10674724
520.09084171 1485.10674724
520.686081544 1485.10674724
521.281321379 1485.10674724
521.876561213 1485.10674724
522.471801048 1485.10674724
523.067040882 1485.10674724
523.662280717 1485.10674724
524.257520551 1485.10674724
524.852760386 1485.10674724
525.44800022 1485.10674724
526.043240055 1485.10674724
526.638479889 1485.10674724
527.233719724 1485.10674724
527.828959558 1485.10674724
528.424199393 1485.10674724
529.019439227 1485.10674724
529.614679061 1485.10674724
530.209918896 1485.10674724
530.80515873 1485.10674724
531.400398565 1485.10674724
531.995638399 1485.10674724
532.590878234 1485.10674724
533.186118068 1485.10674724
533.781357903 1698.79290234
534.376597737 1698.79290234
534.971837572 1698.79290234
535.567077406 1698.79290234
536.162317241 1698.79290234
536.757557075 1698.79290234
537.35279691 1698.79290234
537.948036744 1698.79290234
538.543276579 1698.79290234
539.138516413 1698.79290234
539.733756248 1698.79290234
540.328996082 1698.79290234
540.924235916 1698.79290234
541.519475751 1698.79290234
542.114715585 1698.79290234
542.70995542 1698.79290234
543.305195254 1698.79290234
543.900435089 1698.79290234
544.495674923 1698.79290234
545.090914758 1698.79290234
545.686154592 1698.79290234
546.281394427 1698.79290234
546.876634261 1698.79290234
547.471874096 1698.79290234
548.06711393 1698.79290234
548.662353765 1698.79290234
549.257593599 1698.79290234
549.852833434 1698.79290234
550.448073268 1698.79290234
551.043313102 1698.79290234
551.638552937 1698.79290234
552.233792771 1698.79290234
552.829032606 1698.79290234
553.42427244 1698.79290234
554.019512275 1698.79290234
554.614752109 1698.79290234
555.209991944 1698.79290234
555.805231778 1698.79290234
556.400471613 1698.79290234
556.995711447 1698.79290234
557.590951282 1698.79290234
558.186191116 1698.79290234
558.781430951 1698.79290234
559.376670785 1698.79290234
559.97191062 1698.79290234
560.567150454 1698.79290234
561.162390289 1698.79290234
561.757630123 1698.79290234
562.352869957 1698.79290234
562.948109792 1698.79290234
563.543349626 1698.79290234
564.138589461 1698.79290234
564.733829295 1698.79290234
565.32906913 1698.79290234
565.924308964 1698.79290234
566.519548799 1698.79290234
567.114788633 1698.79290234
567.710028468 1698.79290234
568.305268302 1698.79290234
568.900508137 1698.79290234
569.495747971 1698.79290234
570.090987806 1698.79290234
570.68622764 1698.79290234
571.281467475 1698.79290234
571.876707309 1698.79290234
572.471947144 1698.79290234
573.067186978 1698.79290234
573.662426812 1698.79290234
574.257666647 1698.79290234
574.852906481 1698.79290234
575.448146316 1698.79290234
576.04338615 1698.79290234
576.638625985 1698.79290234
577.233865819 1698.79290234
577.829105654 1698.79290234
578.424345488 1698.79290234
579.019585323 1698.79290234
579.614825157 1698.79290234
580.210064992 1698.79290234
580.805304826 1698.79290234
581.400544661 1698.79290234
581.995784495 1698.79290234
582.59102433 1698.79290234
583.186264164 1698.79290234
583.781503998 1698.79290234
584.376743833 1698.79290234
584.971983667 1698.79290234
585.567223502 1698.79290234
586.162463336 1698.79290234
586.757703171 1698.79290234
587.352943005 1698.79290234
587.94818284 1698.79290234
588.543422674 1698.79290234
589.138662509 1698.79290234
589.733902343 1698.79290234
590.329142178 1698.79290234
590.924382012 1698.79290234
591.519621847 1698.79290234
592.114861681 1698.79290234
592.710101516 1698.79290234
593.30534135 1698.79290234
593.900581185 1698.79290234
594.495821019 1698.79290234
595.091060853 1698.79290234
595.686300688 1698.79290234
596.281540522 1698.79290234
596.876780357 1698.79290234
597.472020191 1698.79290234
598.067260026 1698.79290234
598.66249986 1698.79290234
599.257739695 1698.79290234
599.852979529 1698.79290234
600.448219364 1698.79290234
601.043459198 1698.79290234
601.638699033 1698.79290234
602.233938867 1698.79290234
602.829178702 1698.79290234
603.424418536 1698.79290234
604.019658371 1698.79290234
604.614898205 1698.79290234
605.21013804 1698.79290234
605.805377874 1698.79290234
606.400617708 1698.79290234
606.995857543 1698.79290234
607.591097377 1698.79290234
608.186337212 1698.79290234
608.781577046 1698.79290234
609.376816881 1698.79290234
609.972056715 1649.64351354
610.56729655 1649.64351354
611.162536384 1649.64351354
611.757776219 1649.64351354
612.353016053 1649.64351354
612.948255888 1649.64351354
613.543495722 1649.64351354
614.138735557 1649.64351354
614.733975391 1649.64351354
615.329215226 1649.64351354
615.92445506 1649.64351354
616.519694894 1649.64351354
617.114934729 1649.64351354
617.710174563 1649.64351354
618.305414398 1649.64351354
618.900654232 1649.64351354
619.495894067 1649.64351354
620.091133901 1649.64351354
620.686373736 1649.64351354
621.28161357 1649.64351354
621.876853405 1649.64351354
622.472093239 1649.64351354
623.067333074 1649.64351354
623.662572908 1649.64351354
624.257812743 1649.64351354
624.853052577 1649.64351354
625.448292412 1649.64351354
626.043532246 1649.64351354
626.638772081 1649.64351354
627.234011915 1649.64351354
627.829251749 1649.64351354
628.424491584 1649.64351354
629.019731418 1649.64351354
629.614971253 1649.64351354
630.210211087 1649.64351354
630.805450922 1649.64351354
631.400690756 1649.64351354
631.995930591 1649.64351354
632.591170425 1649.64351354
633.18641026 1649.64351354
633.781650094 1649.64351354
634.376889929 1649.64351354
634.972129763 1649.64351354
635.567369598 1649.64351354
636.162609432 1649.64351354
636.757849267 1649.64351354
637.353089101 1649.64351354
637.948328935 1649.64351354
638.54356877 783.897767819
639.138808604 783.897767819
639.734048439 783.897767819
640.329288273 783.897767819
640.924528108 783.897767819
641.519767942 783.897767819
642.115007777 783.897767819
642.710247611 783.897767819
643.305487446 2515.38925926
643.90072728 2515.38925926
644.495967115 2515.38925926
645.091206949 2515.38925926
645.686446784 2515.38925926
646.281686618 2515.38925926
646.876926453 2515.38925926
647.472166287 2515.38925926
648.067406122 1649.64351354
648.662645956 1649.64351354
649.25788579 1649.64351354
649.853125625 1649.64351354
650.448365459 1649.64351354
651.043605294 1649.64351354
651.638845128 1649.64351354
652.234084963 1649.64351354
652.829324797 1649.64351354
653.424564632 1649.64351354
654.019804466 1649.64351354
654.615044301 1649.64351354
655.210284135 1649.64351354
655.80552397 1649.64351354
656.400763804 1649.64351354
656.996003639 1649.64351354
657.591243473 1649.64351354
658.186483308 1649.64351354
658.781723142 1649.64351354
659.376962977 1649.64351354
659.972202811 1649.64351354
660.567442645 1649.64351354
661.16268248 1649.64351354
661.757922314 1649.64351354
662.353162149 1649.64351354
662.948401983 1649.64351354
663.543641818 1649.64351354
664.138881652 1649.64351354
664.734121487 1649.64351354
665.329361321 1649.64351354
665.924601156 1649.64351354
666.51984099 1649.64351354
667.115080825 1649.64351354
667.710320659 1649.64351354
668.305560494 1649.64351354
668.900800328 1649.64351354
669.496040163 1649.64351354
670.091279997 1649.64351354
670.686519831 1649.64351354
671.281759666 1649.64351354
671.8769995 1649.64351354
672.472239335 1649.64351354
673.067479169 1649.64351354
673.662719004 1649.64351354
674.257958838 1649.64351354
674.853198673 1649.64351354
675.448438507 1649.64351354
676.043678342 1649.64351354
676.638918176 1649.64351354
677.234158011 1649.64351354
677.829397845 1649.64351354
678.42463768 1649.64351354
679.019877514 1649.64351354
679.615117349 1649.64351354
680.210357183 1649.64351354
680.805597018 1649.64351354
681.400836852 1649.64351354
681.996076686 1649.64351354
682.591316521 1649.64351354
683.186556355 1649.64351354
683.78179619 1649.64351354
684.377036024 1649.64351354
684.972275859 1649.64351354
685.567515693 1649.64351354
686.162755528 2192.05636324
686.757995362 2192.05636324
687.353235197 2192.05636324
687.948475031 2192.05636324
688.543714866 2192.05636324
689.1389547 2192.05636324
689.734194535 2192.05636324
690.329434369 2192.05636324
690.924674204 2192.05636324
691.519914038 2192.05636324
692.115153873 2192.05636324
692.710393707 2192.05636324
693.305633541 2192.05636324
693.900873376 2192.05636324
694.49611321 2192.05636324
695.091353045 2192.05636324
695.686592879 2192.05636324
696.281832714 2192.05636324
696.877072548 2192.05636324
697.472312383 2192.05636324
698.067552217 2192.05636324
698.662792052 2192.05636324
699.258031886 2192.05636324
699.853271721 2192.05636324
700.448511555 2192.05636324
701.04375139 2192.05636324
701.638991224 2192.05636324
702.234231059 2192.05636324
702.829470893 2192.05636324
703.424710727 2192.05636324
704.019950562 2192.05636324
704.615190396 2192.05636324
705.210430231 1492.42386326
705.805670065 1492.42386326
706.4009099 1492.42386326
706.996149734 1492.42386326
707.591389569 1492.42386326
708.186629403 1492.42386326
708.781869238 1492.42386326
709.377109072 1492.42386326
709.972348907 1492.42386326
710.567588741 1492.42386326
711.162828576 1492.42386326
711.75806841 1492.42386326
712.353308245 1492.42386326
712.948548079 1492.42386326
713.543787914 1492.42386326
714.139027748 1492.42386326
714.734267582 1492.42386326
715.329507417 1492.42386326
715.924747251 1492.42386326
716.519987086 1492.42386326
717.11522692 1492.42386326
717.710466755 1492.42386326
718.305706589 1492.42386326
718.900946424 1492.42386326
719.496186258 1492.42386326
720.091426093 1492.42386326
720.686665927 1492.42386326
721.281905762 1492.42386326
721.877145596 1492.42386326
722.472385431 1492.42386326
723.067625265 1492.42386326
723.6628651 1492.42386326
724.258104934 1457.04691382
724.853344769 1457.04691382
725.448584603 1457.04691382
726.043824437 1457.04691382
726.639064272 1457.04691382
727.234304106 1457.04691382
727.829543941 1457.04691382
728.424783775 1457.04691382
729.02002361 1457.04691382
729.615263444 1457.04691382
730.210503279 1457.04691382
730.805743113 1457.04691382
731.400982948 1457.04691382
731.996222782 1457.04691382
732.591462617 1457.04691382
733.186702451 1457.04691382
733.781942286 1457.04691382
734.37718212 1457.04691382
734.972421955 1457.04691382
735.567661789 1457.04691382
736.162901623 1457.04691382
736.758141458 1457.04691382
737.353381292 1457.04691382
737.948621127 1457.04691382
738.543860961 1457.04691382
739.139100796 1457.04691382
739.73434063 1457.04691382
740.329580465 1457.04691382
740.924820299 1457.04691382
741.520060134 1457.04691382
742.115299968 1457.04691382
742.710539803 1457.04691382
743.305779637 1457.04691382
743.901019472 1457.04691382
744.496259306 1457.04691382
745.091499141 1457.04691382
745.686738975 1457.04691382
746.28197881 1457.04691382
746.877218644 1457.04691382
747.472458478 1457.04691382
748.067698313 1457.04691382
748.662938147 1457.04691382
749.258177982 1457.04691382
749.853417816 1457.04691382
750.448657651 1457.04691382
751.043897485 1457.04691382
751.63913732 1457.04691382
752.234377154 1457.04691382
752.829616989 1457.04691382
753.424856823 1457.04691382
754.020096658 1457.04691382
754.615336492 1457.04691382
755.210576327 1457.04691382
755.805816161 1457.04691382
756.401055996 1457.04691382
756.99629583 1457.04691382
757.591535665 1457.04691382
758.186775499 1457.04691382
758.782015333 1457.04691382
759.377255168 1457.04691382
759.972495002 1457.04691382
760.567734837 1457.04691382
761.162974671 1457.04691382
761.758214506 1457.04691382
762.35345434 1609.59489764
762.948694175 1609.59489764
763.543934009 1609.59489764
764.139173844 1609.59489764
764.734413678 1609.59489764
765.329653513 1609.59489764
765.924893347 1609.59489764
766.520133182 1609.59489764
767.115373016 1609.59489764
767.710612851 1609.59489764
768.305852685 1609.59489764
768.901092519 1609.59489764
769.496332354 1609.59489764
770.091572188 1609.59489764
770.686812023 1609.59489764
771.282051857 1609.59489764
771.877291692 1609.59489764
772.472531526 1609.59489764
773.067771361 1609.59489764
773.663011195 1609.59489764
774.25825103 1609.59489764
774.853490864 1609.59489764
775.448730699 1609.59489764
776.043970533 1609.59489764
776.639210368 1609.59489764
777.234450202 1609.59489764
777.829690037 1609.59489764
778.424929871 1609.59489764
779.020169706 1609.59489764
779.61540954 1609.59489764
780.210649374 1609.59489764
780.805889209 1609.59489764
781.401129043 1609.59489764
781.996368878 1609.59489764
782.591608712 1609.59489764
783.186848547 1609.59489764
783.782088381 1609.59489764
784.377328216 1609.59489764
784.97256805 1609.59489764
785.567807885 1609.59489764
786.163047719 1609.59489764
786.758287554 1609.59489764
787.353527388 1609.59489764
787.948767223 1609.59489764
788.544007057 1609.59489764
789.139246892 1609.59489764
789.734486726 1609.59489764
790.32972656 1609.59489764
790.924966395 1609.59489764
791.520206229 1609.59489764
792.115446064 1609.59489764
792.710685898 1609.59489764
793.305925733 1609.59489764
793.901165567 1609.59489764
794.496405402 1609.59489764
795.091645236 1609.59489764
795.686885071 1609.59489764
796.282124905 1609.59489764
796.87736474 1609.59489764
797.472604574 1609.59489764
798.067844409 1609.59489764
798.663084243 1609.59489764
799.258324078 1609.59489764
799.853563912 1609.59489764
800.448803747 2056.89541769
801.044043581 2056.89541769
801.639283415 2056.89541769
802.23452325 2056.89541769
802.829763084 2056.89541769
803.425002919 2056.89541769
804.020242753 2056.89541769
804.615482588 2056.89541769
805.210722422 2056.89541769
805.805962257 2056.89541769
806.401202091 2056.89541769
806.996441926 2056.89541769
807.59168176 2056.89541769
808.186921595 2056.89541769
808.782161429 2056.89541769
809.377401264 2056.89541769
809.972641098 2056.89541769
810.567880933 2056.89541769
811.163120767 2056.89541769
811.758360602 2056.89541769
812.353600436 2056.89541769
812.94884027 2056.89541769
813.544080105 2056.89541769
814.139319939 2056.89541769
814.734559774 2056.89541769
815.329799608 2056.89541769
815.925039443 2056.89541769
816.520279277 2056.89541769
817.115519112 2056.89541769
817.710758946 2056.89541769
818.305998781 2056.89541769
818.901238615 2056.89541769
819.49647845 2056.89541769
820.091718284 2056.89541769
820.686958119 2056.89541769
821.282197953 2056.89541769
821.877437788 2056.89541769
822.472677622 2056.89541769
823.067917456 2056.89541769
823.663157291 2056.89541769
824.258397125 2056.89541769
824.85363696 2056.89541769
825.448876794 2056.89541769
826.044116629 2056.89541769
826.639356463 2056.89541769
827.234596298 2056.89541769
827.829836132 2056.89541769
828.425075967 2056.89541769
829.020315801 2056.89541769
829.615555636 2056.89541769
830.21079547 2056.89541769
830.806035305 2056.89541769
831.401275139 2056.89541769
831.996514974 2056.89541769
832.591754808 2056.89541769
833.186994643 2056.89541769
833.782234477 2056.89541769
834.377474311 2056.89541769
834.972714146 2056.89541769
835.56795398 2056.89541769
836.163193815 2056.89541769
836.758433649 2056.89541769
837.353673484 2056.89541769
837.948913318 2056.89541769
838.544153153 1466.04186941
839.139392987 1466.04186941
839.734632822 1466.04186941
840.329872656 1466.04186941
840.925112491 1466.04186941
841.520352325 1466.04186941
842.11559216 1466.04186941
842.710831994 1466.04186941
843.306071829 1466.04186941
843.901311663 1466.04186941
844.496551498 1466.04186941
845.091791332 1466.04186941
845.687031166 1466.04186941
846.282271001 1466.04186941
846.877510835 1466.04186941
847.47275067 1466.04186941
848.067990504 1466.04186941
848.663230339 1466.04186941
849.258470173 1466.04186941
849.853710008 1466.04186941
850.448949842 1466.04186941
851.044189677 1466.04186941
851.639429511 1466.04186941
852.234669346 1466.04186941
852.82990918 1466.04186941
853.425149015 1466.04186941
854.020388849 1466.04186941
854.615628684 1466.04186941
855.210868518 1466.04186941
855.806108352 1466.04186941
856.401348187 1466.04186941
856.996588021 1466.04186941
857.591827856 1466.04186941
858.18706769 1466.04186941
858.782307525 1466.04186941
859.377547359 1466.04186941
859.972787194 1466.04186941
860.568027028 1466.04186941
861.163266863 1466.04186941
861.758506697 1466.04186941
862.353746532 1466.04186941
862.948986366 1466.04186941
863.544226201 1466.04186941
864.139466035 1466.04186941
864.73470587 1466.04186941
865.329945704 1466.04186941
865.925185539 1466.04186941
866.520425373 1466.04186941
867.115665207 1466.04186941
867.710905042 1466.04186941
868.306144876 1466.04186941
868.901384711 1466.04186941
869.496624545 1466.04186941
870.09186438 1466.04186941
870.687104214 1466.04186941
871.282344049 1466.04186941
871.877583883 1466.04186941
872.472823718 1466.04186941
873.068063552 1466.04186941
873.663303387 1466.04186941
874.258543221 1466.04186941
874.853783056 1466.04186941
875.44902289 1466.04186941
876.044262725 1466.04186941
876.639502559 1466.04186941
877.234742394 1466.04186941
877.829982228 1466.04186941
878.425222062 1466.04186941
879.020461897 1466.04186941
879.615701731 1466.04186941
880.210941566 1466.04186941
880.8061814 1466.04186941
881.401421235 1466.04186941
881.996661069 1466.04186941
882.591900904 1466.04186941
883.187140738 1466.04186941
883.782380573 1466.04186941
884.377620407 1466.04186941
884.972860242 1466.04186941
885.568100076 1466.04186941
886.163339911 1466.04186941
886.758579745 1466.04186941
887.35381958 1466.04186941
887.949059414 1466.04186941
888.544299248 1466.04186941
889.139539083 1466.04186941
889.734778917 1466.04186941
890.330018752 1466.04186941
890.925258586 1466.04186941
891.520498421 1466.04186941
892.115738255 1466.04186941
892.71097809 1466.04186941
893.306217924 1466.04186941
893.901457759 1466.04186941
894.496697593 1466.04186941
895.091937428 1466.04186941
895.687177262 1466.04186941
896.282417097 1466.04186941
896.877656931 1466.04186941
897.472896766 1466.04186941
898.0681366 1466.04186941
898.663376435 1466.04186941
899.258616269 1466.04186941
899.853856103 1466.04186941
900.449095938 1466.04186941
901.044335772 1466.04186941
901.639575607 1466.04186941
902.234815441 1466.04186941
902.830055276 1466.04186941
903.42529511 1466.04186941
904.020534945 1466.04186941
904.615774779 1466.04186941
905.211014614 1466.04186941
905.806254448 1466.04186941
906.401494283 1466.04186941
906.996734117 1466.04186941
907.591973952 1466.04186941
908.187213786 1466.04186941
908.782453621 1466.04186941
909.377693455 1466.04186941
909.97293329 1466.04186941
910.568173124 1466.04186941
911.163412958 1466.04186941
911.758652793 1466.04186941
912.353892627 1466.04186941
912.949132462 1466.04186941
913.544372296 1466.04186941
914.139612131 1466.04186941
914.734851965 1854.83256016
915.3300918 1854.83256016
915.925331634 1854.83256016
916.520571469 1854.83256016
917.115811303 1854.83256016
917.711051138 1854.83256016
918.306290972 1854.83256016
918.901530807 1854.83256016
919.496770641 1854.83256016
920.092010476 1854.83256016
920.68725031 1854.83256016
921.282490144 1854.83256016
921.877729979 1854.83256016
922.472969813 1854.83256016
923.068209648 1854.83256016
923.663449482 1854.83256016
924.258689317 1854.83256016
924.853929151 1854.83256016
925.449168986 1854.83256016
926.04440882 1854.83256016
926.639648655 1854.83256016
927.234888489 1854.83256016
927.830128324 1854.83256016
928.425368158 1854.83256016
929.020607993 1854.83256016
929.615847827 1854.83256016
930.211087662 1854.83256016
930.806327496 1854.83256016
931.401567331 1854.83256016
931.996807165 1854.83256016
932.592046999 1854.83256016
933.187286834 1854.83256016
933.782526668 1854.83256016
934.377766503 1854.83256016
934.973006337 1854.83256016
935.568246172 1854.83256016
936.163486006 1854.83256016
936.758725841 1854.83256016
937.353965675 1854.83256016
937.94920551 1854.83256016
938.544445344 1854.83256016
939.139685179 1854.83256016
939.734925013 1854.83256016
940.330164848 1854.83256016
940.925404682 1854.83256016
941.520644517 1854.83256016
942.115884351 1854.83256016
942.711124185 1854.83256016
943.30636402 1854.83256016
943.901603854 1854.83256016
944.496843689 1854.83256016
945.092083523 1854.83256016
945.687323358 1854.83256016
946.282563192 1854.83256016
946.877803027 1854.83256016
947.473042861 1854.83256016
948.068282696 1854.83256016
948.66352253 1854.83256016
949.258762365 1854.83256016
949.854002199 1854.83256016
950.449242034 1854.83256016
951.044481868 1854.83256016
951.639721703 1854.83256016
952.234961537 1854.83256016
952.830201372 1854.83256016
953.425441206 1854.83256016
954.02068104 1854.83256016
954.615920875 1854.83256016
955.211160709 1854.83256016
955.806400544 1854.83256016
956.401640378 1854.83256016
956.996880213 1854.83256016
957.592120047 1854.83256016
958.187359882 1854.83256016
958.782599716 1854.83256016
959.377839551 1854.83256016
959.973079385 1854.83256016
960.56831922 1854.83256016
961.163559054 1854.83256016
961.758798889 1854.83256016
962.354038723 1854.83256016
962.949278558 1854.83256016
963.544518392 1854.83256016
964.139758227 1854.83256016
964.734998061 1854.83256016
965.330237895 1854.83256016
965.92547773 1854.83256016
966.520717564 1854.83256016
967.115957399 1854.83256016
967.711197233 1854.83256016
968.306437068 1854.83256016
968.901676902 1854.83256016
969.496916737 1854.83256016
970.092156571 1854.83256016
970.687396406 1854.83256016
971.28263624 1854.83256016
971.877876075 1854.83256016
972.473115909 1854.83256016
973.068355744 1854.83256016
973.663595578 1854.83256016
974.258835413 1854.83256016
974.854075247 1854.83256016
975.449315081 1854.83256016
976.044554916 1854.83256016
976.63979475 1854.83256016
977.235034585 1854.83256016
977.830274419 1854.83256016
978.425514254 1854.83256016
979.020754088 1854.83256016
979.615993923 1854.83256016
980.211233757 1854.83256016
980.806473592 1854.83256016
981.401713426 1854.83256016
981.996953261 1854.83256016
982.592193095 1854.83256016
983.18743293 1854.83256016
983.782672764 1854.83256016
984.377912599 1854.83256016
984.973152433 1854.83256016
985.568392268 1854.83256016
986.163632102 1854.83256016
986.758871936 1854.83256016
987.354111771 1854.83256016
987.949351605 1854.83256016
988.54459144 1854.83256016
989.139831274 1854.83256016
989.735071109 1854.83256016
990.330310943 1854.83256016
990.925550778 1854.83256016
991.520790612 1854.83256016
992.116030447 1854.83256016
992.711270281 1854.83256016
993.306510116 1854.83256016
993.90174995 1854.83256016
994.496989785 1854.83256016
995.092229619 1854.83256016
995.687469454 1854.83256016
996.282709288 1854.83256016
996.877949123 1854.83256016
997.473188957 1854.83256016
998.068428791 1854.83256016
998.663668626 1854.83256016
999.25890846 1854.83256016
999.854148295 1854.83256016
1000.44938813 1854.83256016
1001.04462796 1854.83256016
1001.6398678 1854.83256016
1002.23510763 1854.83256016
1002.83034747 1854.83256016
1003.4255873 1854.83256016
1004.02082714 1854.83256016
1004.61606697 1854.83256016
1005.21130681 1854.83256016
1005.80654664 1854.83256016
1006.40178647 1854.83256016
1006.99702631 1854.83256016
1007.59226614 1854.83256016
1008.18750598 1854.83256016
1008.78274581 1854.83256016
1009.37798565 1854.83256016
1009.97322548 1854.83256016
1010.56846532 1854.83256016
1011.16370515 1854.83256016
1011.75894498 1854.83256016
1012.35418482 1854.83256016
1012.94942465 1854.83256016
1013.54466449 1854.83256016
1014.13990432 1854.83256016
1014.73514416 1854.83256016
1015.33038399 1854.83256016
1015.92562383 1854.83256016
1016.52086366 1854.83256016
1017.11610349 1854.83256016
1017.71134333 1854.83256016
1018.30658316 1854.83256016
1018.901823 1854.83256016
1019.49706283 1854.83256016
1020.09230267 1854.83256016
1020.6875425 1854.83256016
1021.28278234 1854.83256016
1021.87802217 1854.83256016
1022.473262 1854.83256016
1023.06850184 1854.83256016
1023.66374167 1854.83256016
1024.25898151 1854.83256016
1024.85422134 1854.83256016
1025.44946118 1854.83256016
1026.04470101 1854.83256016
1026.63994085 1854.83256016
1027.23518068 1854.83256016
1027.83042052 1854.83256016
1028.42566035 1854.83256016
1029.02090018 1854.83256016
1029.61614002 1854.83256016
1030.21137985 1854.83256016
1030.80661969 1854.83256016
1031.40185952 1854.83256016
1031.99709936 1854.83256016
1032.59233919 1854.83256016
1033.18757903 1854.83256016
1033.78281886 1854.83256016
1034.37805869 1854.83256016
1034.97329853 1854.83256016
1035.56853836 1854.83256016
1036.1637782 1854.83256016
1036.75901803 1854.83256016
1037.35425787 1854.83256016
1037.9494977 1854.83256016
1038.54473754 1854.83256016
1039.13997737 1854.83256016
1039.7352172 1854.83256016
1040.33045704 1854.83256016
1040.92569687 1854.83256016
1041.52093671 1854.83256016
1042.11617654 1854.83256016
1042.71141638 1854.83256016
1043.30665621 1854.83256016
1043.90189605 1854.83256016
1044.49713588 1854.83256016
1045.09237571 1854.83256016
1045.68761555 1854.83256016
1046.28285538 1854.83256016
1046.87809522 1854.83256016
1047.47333505 1854.83256016
1048.06857489 1854.83256016
1048.66381472 1854.83256016
1049.25905456 1854.83256016
1049.85429439 1854.83256016
1050.44953423 1854.83256016
1051.04477406 1854.83256016
1051.64001389 1854.83256016
1052.23525373 1854.83256016
1052.83049356 1854.83256016
1053.4257334 1854.83256016
1054.02097323 1854.83256016
1054.61621307 1854.83256016
1055.2114529 1854.83256016
1055.80669274 1854.83256016
1056.40193257 1854.83256016
1056.9971724 1854.83256016
1057.59241224 1854.83256016
1058.18765207 1854.83256016
1058.78289191 1854.83256016
1059.37813174 1854.83256016
1059.97337158 1854.83256016
1060.56861141 1854.83256016
1061.16385125 1854.83256016
1061.75909108 1854.83256016
1062.35433091 1854.83256016
1062.94957075 1854.83256016
1063.54481058 1854.83256016
1064.14005042 1854.83256016
1064.73529025 1854.83256016
1065.33053009 1854.83256016
1065.92576992 1854.83256016
1066.52100976 1854.83256016
1067.11624959 1854.83256016
1067.71148942 1854.83256016
1068.30672926 1854.83256016
1068.90196909 1854.83256016
1069.49720893 1854.83256016
1070.09244876 1854.83256016
1070.6876886 1854.83256016
1071.28292843 1854.83256016
1071.87816827 1854.83256016
1072.4734081 1854.83256016
1073.06864794 1854.83256016
1073.66388777 1854.83256016
1074.2591276 1854.83256016
1074.85436744 1854.83256016
1075.44960727 1854.83256016
1076.04484711 1854.83256016
1076.64008694 1854.83256016
1077.23532678 1854.83256016
1077.83056661 1854.83256016
1078.42580645 1854.83256016
1079.02104628 1854.83256016
1079.61628611 1854.83256016
1080.21152595 1854.83256016
1080.80676578 1854.83256016
1081.40200562 1854.83256016
1081.99724545 1854.83256016
1082.59248529 1854.83256016
1083.18772512 1854.83256016
1083.78296496 1854.83256016
1084.37820479 1854.83256016
1084.97344462 1854.83256016
1085.56868446 1854.83256016
1086.16392429 1854.83256016
1086.75916413 1854.83256016
1087.35440396 1854.83256016
1087.9496438 1854.83256016
1088.54488363 1854.83256016
1089.14012347 1854.83256016
1089.7353633 1854.83256016
1090.33060313 1854.83256016
1090.92584297 1854.83256016
1091.5210828 1854.83256016
1092.11632264 1854.83256016
1092.71156247 1854.83256016
1093.30680231 1854.83256016
1093.90204214 1854.83256016
1094.49728198 1854.83256016
1095.09252181 1854.83256016
1095.68776164 1854.83256016
1096.28300148 1854.83256016
1096.87824131 1854.83256016
1097.47348115 1854.83256016
1098.06872098 1854.83256016
1098.66396082 1854.83256016
1099.25920065 1854.83256016
1099.85444049 1854.83256016
1100.44968032 1854.83256016
1101.04492016 1854.83256016
1101.64015999 1854.83256016
1102.23539982 1854.83256016
1102.83063966 1854.83256016
1103.42587949 1854.83256016
1104.02111933 1854.83256016
1104.61635916 1854.83256016
1105.211599 1854.83256016
1105.80683883 1854.83256016
1106.40207867 1854.83256016
1106.9973185 1854.83256016
1107.59255833 1854.83256016
1108.18779817 1854.83256016
1108.783038 1854.83256016
1109.37827784 1854.83256016
1109.97351767 1854.83256016
1110.56875751 1854.83256016
1111.16399734 1854.83256016
1111.75923718 1854.83256016
1112.35447701 1854.83256016
1112.94971684 1854.83256016
1113.54495668 1854.83256016
1114.14019651 1854.83256016
1114.73543635 1854.83256016
1115.33067618 1854.83256016
1115.92591602 1854.83256016
1116.52115585 1854.83256016
1117.11639569 1854.83256016
1117.71163552 1854.83256016
1118.30687535 1854.83256016
1118.90211519 1854.83256016
1119.49735502 1854.83256016
1120.09259486 1854.83256016
1120.68783469 1854.83256016
1121.28307453 1854.83256016
1121.87831436 1854.83256016
1122.4735542 1854.83256016
1123.06879403 1854.83256016
1123.66403387 1854.83256016
1124.2592737 1854.83256016
1124.85451353 1854.83256016
1125.44975337 1854.83256016
1126.0449932 1854.83256016
1126.64023304 1854.83256016
1127.23547287 1854.83256016
1127.83071271 1854.83256016
1128.42595254 1854.83256016
1129.02119238 1854.83256016
1129.61643221 1854.83256016
1130.21167204 1854.83256016
1130.80691188 1854.83256016
1131.40215171 1854.83256016
1131.99739155 1854.83256016
1132.59263138 1854.83256016
1133.18787122 1854.83256016
1133.78311105 1854.83256016
1134.37835089 1854.83256016
1134.97359072 1854.83256016
1135.56883055 1854.83256016
1136.16407039 1854.83256016
1136.75931022 1854.83256016
1137.35455006 1854.83256016
1137.94978989 1854.83256016
1138.54502973 1854.83256016
1139.14026956 1854.83256016
1139.7355094 1854.83256016
1140.33074923 1854.83256016
1140.92598906 1854.83256016
1141.5212289 1854.83256016
1142.11646873 1854.83256016
1142.71170857 1854.83256016
1143.3069484 1854.83256016
1143.90218824 1854.83256016
1144.49742807 1854.83256016
1145.09266791 1854.83256016
1145.68790774 1854.83256016
1146.28314758 1854.83256016
1146.87838741 1854.83256016
1147.47362724 1854.83256016
1148.06886708 1854.83256016
1148.66410691 1854.83256016
1149.25934675 1854.83256016
1149.85458658 1854.83256016
1150.44982642 1854.83256016
1151.04506625 1854.83256016
1151.64030609 1854.83256016
1152.23554592 1854.83256016
1152.83078575 1854.83256016
1153.42602559 1854.83256016
1154.02126542 1854.83256016
1154.61650526 1854.83256016
1155.21174509 1854.83256016
1155.80698493 1854.83256016
1156.40222476 1854.83256016
1156.9974646 1854.83256016
1157.59270443 1854.83256016
1158.18794426 1854.83256016
1158.7831841 1854.83256016
1159.37842393 1854.83256016
1159.97366377 1854.83256016
1160.5689036 1854.83256016
1161.16414344 1854.83256016
1161.75938327 1854.83256016
1162.35462311 1854.83256016
1162.94986294 1854.83256016
1163.54510277 1854.83256016
1164.14034261 1854.83256016
1164.73558244 1854.83256016
1165.33082228 1854.83256016
1165.92606211 1854.83256016
1166.52130195 1854.83256016
1167.11654178 1854.83256016
1167.71178162 1854.83256016
1168.30702145 1854.83256016
1168.90226129 1854.83256016
1169.49750112 1854.83256016
1170.09274095 1854.83256016
1170.68798079 1854.83256016
1171.28322062 1854.83256016
1171.87846046 1854.83256016
1172.47370029 1854.83256016
1173.06894013 1854.83256016
1173.66417996 1854.83256016
1174.2594198 1854.83256016
1174.85465963 1854.83256016
1175.44989946 1854.83256016
1176.0451393 1854.83256016
1176.64037913 1854.83256016
1177.23561897 1854.83256016
1177.8308588 1854.83256016
1178.42609864 1854.83256016
1179.02133847 1854.83256016
1179.61657831 1854.83256016
1180.21181814 1854.83256016
1180.80705797 1854.83256016
1181.40229781 1854.83256016
1181.99753764 1854.83256016
1182.59277748 1854.83256016
1183.18801731 1854.83256016
1183.78325715 1854.83256016
1184.37849698 1854.83256016
1184.97373682 1854.83256016
1185.56897665 1854.83256016
1186.16421648 1854.83256016
1186.75945632 1854.83256016
1187.35469615 1854.83256016
1187.94993599 1854.83256016
1188.54517582 1854.83256016
1189.14041566 1854.83256016
1189.73565549 1854.83256016
1190.33089533 1854.83256016
1190.92613516 1854.83256016
1191.521375 1854.83256016
1192.11661483 1854.83256016
1192.71185466 1854.83256016
1193.3070945 1854.83256016
1193.90233433 1854.83256016
1194.49757417 1854.83256016
1195.092814 1854.83256016
1195.68805384 1854.83256016
1196.28329367 1854.83256016
1196.87853351 1854.83256016
1197.47377334 1854.83256016
1198.06901317 1854.83256016
1198.66425301 1854.83256016
1199.25949284 1854.83256016
1199.85473268 1854.83256016
1200.44997251 1854.83256016
1201.04521235 1854.83256016
1201.64045218 1854.83256016
1202.23569202 1854.83256016
1202.83093185 1854.83256016
1203.42617168 1854.83256016
1204.02141152 1854.83256016
1204.61665135 1854.83256016
1205.21189119 1854.83256016
1205.80713102 1854.83256016
1206.40237086 1854.83256016
1206.99761069 1854.83256016
1207.59285053 1854.83256016
1208.18809036 1854.83256016
1208.78333019 1854.83256016
1209.37857003 1854.83256016
1209.97380986 1854.83256016
1210.5690497 1854.83256016
1211.16428953 1854.83256016
1211.75952937 1854.83256016
1212.3547692 1854.83256016
1212.95000904 1854.83256016
1213.54524887 1854.83256016
1214.14048871 1854.83256016
1214.73572854 1854.83256016
1215.33096837 1854.83256016
1215.92620821 1854.83256016
1216.52144804 1854.83256016
1217.11668788 1854.83256016
1217.71192771 1854.83256016
1218.30716755 1854.83256016
1218.90240738 1854.83256016
