0.446466215283 2744.88652236
1.04170604976 2744.88652236
1.63694588423 2744.88652236
2.2321857187 2744.88652236
2.82742555317 2744.88652236
3.42266538765 2744.88652236
4.01790522212 2744.88652236
4.61314505659 2744.88652236
5.20838489106 2744.88652236
5.80362472554 2744.88652236
6.39886456001 2744.88652236
6.99410439448 2744.88652236
7.58934422895 2744.88652236
8.18458406343 2744.88652236
8.7798238979 2744.88652236
9.37506373237 2744.88652236
9.97030356685 2744.88652236
10.5655434013 2744.88652236
11.1607832358 2744.88652236
11.7560230703 2744.88652236
12.3512629047 2744.88652236
12.9465027392 2744.88652236
13.5417425737 2744.88652236
14.1369824082 2744.88652236
14.7322222426 2744.88652236
15.3274620771 2744.88652236
15.9227019116 2744.88652236
16.517941746 2744.88652236
17.1131815805 2744.88652236
17.708421415 2744.88652236
18.3036612495 2744.88652236
18.8989010839 2744.88652236
19.4941409184 2744.88652236
20.0893807529 2744.88652236
20.6846205874 2744.88652236
21.2798604218 2744.88652236
21.8751002563 2744.88652236
22.4703400908 2744.88652236
23.0655799252 2744.88652236
23.6608197597 2744.88652236
24.2560595942 2744.88652236
24.8512994287 2744.88652236
25.4465392631 2744.88652236
26.0417790976 2744.88652236
26.6370189321 2744.88652236
27.2322587666 2744.88652236
27.827498601 2744.88652236
28.4227384355 2744.88652236
29.01797827 2744.88652236
29.6132181044 2744.88652236
30.2084579389 2744.88652236
30.8036977734 2744.88652236
31.3989376079 2744.88652236
31.9941774423 2744.88652236
32.5894172768 2744.88652236
33.1846571113 2744.88652236
33.7798969458 2744.88652236
34.3751367802 2744.88652236
34.9703766147 2744.88652236
35.5656164492 2744.88652236
36.1608562836 2744.88652236
36.7560961181 2744.88652236
37.3513359526 2744.88652236
37.9465757871 2744.88652236
38.5418156215 2744.88652236
39.137055456 2744.88652236
39.7322952905 2744.88652236
40.327535125 2744.88652236
40.9227749594 2744.88652236
41.5180147939 2744.88652236
42.1132546284 2744.88652236
42.7084944628 2744.88652236
43.3037342973 2744.88652236
43.8989741318 2744.88652236
44.4942139663 2744.88652236
45.0894538007 2744.88652236
45.6846936352 2744.88652236
46.2799334697 2744.88652236
46.8751733041 2744.88652236
47.4704131386 2744.88652236
48.0656529731 2744.88652236
48.6608928076 2744.88652236
49.256132642 2744.88652236
49.8513724765 2744.88652236
50.446612311 2744.88652236
51.0418521455 2744.88652236
51.6370919799 2744.88652236
52.2323318144 2744.88652236
52.8275716489 2744.88652236
53.4228114833 2744.88652236
54.0180513178 2744.88652236
54.6132911523 2744.88652236
55.2085309868 2744.88652236
55.8037708212 2744.88652236
56.3990106557 2744.88652236
56.9942504902 2744.88652236
57.5894903247 2744.88652236
58.1847301591 2744.88652236
58.7799699936 2744.88652236
59.3752098281 2744.88652236
59.9704496625 2744.88652236
60.565689497 2744.88652236
61.1609293315 2744.88652236
61.756169166 2744.88652236
62.3514090004 2744.88652236
62.9466488349 2744.88652236
63.5418886694 2744.88652236
64.1371285039 2744.88652236
64.7323683383 2744.88652236
65.3276081728 2744.88652236
65.9228480073 2744.88652236
66.5180878417 2744.88652236
67.1133276762 2744.88652236
67.7085675107 2744.88652236
68.3038073452 2744.88652236
68.8990471796 2744.88652236
69.4942870141 2744.88652236
70.0895268486 2744.88652236
70.6847666831 2744.88652236
71.2800065175 2744.88652236
71.875246352 2744.88652236
72.4704861865 2744.88652236
73.0657260209 2744.88652236
73.6609658554 2744.88652236
74.2562056899 2744.88652236
74.8514455244 2744.88652236
75.4466853588 2744.88652236
76.0419251933 2744.88652236
76.6371650278 2744.88652236
77.2324048623 2744.88652236
77.8276446967 2744.88652236
78.4228845312 2744.88652236
79.0181243657 2744.88652236
79.6133642001 2744.88652236
80.2086040346 2744.88652236
80.8038438691 2744.88652236
81.3990837036 2744.88652236
81.994323538 2744.88652236
82.5895633725 2744.88652236
83.184803207 2744.88652236
83.7800430415 2744.88652236
84.3752828759 2744.88652236
84.9705227104 2744.88652236
85.5657625449 2744.88652236
86.1610023793 2744.88652236
86.7562422138 2744.88652236
87.3514820483 2744.88652236
87.9467218828 2744.88652236
88.5419617172 2744.88652236
89.1372015517 2744.88652236
89.7324413862 2744.88652236
90.3276812207 2744.88652236
90.9229210551 2744.88652236
91.5181608896 2744.88652236
92.1134007241 2744.88652236
92.7086405585 2744.88652236
93.303880393 2744.88652236
93.8991202275 2744.88652236
94.494360062 2744.88652236
95.0895998964 2744.88652236
95.6848397309 2744.88652236
96.2800795654 2744.88652236
96.8753193999 2744.88652236
97.4705592343 2744.88652236
98.0657990688 2744.88652236
98.6610389033 2744.88652236
99.2562787377 2744.88652236
99.8515185722 2744.88652236
100.446758407 2744.88652236
101.041998241 2744.88652236
101.637238076 2744.88652236
102.23247791 2744.88652236
102.827717745 2744.88652236
103.422957579 2744.88652236
104.018197414 2744.88652236
104.613437248 2744.88652236
105.208677082 2744.88652236
105.803916917 2744.88652236
106.399156751 2744.88652236
106.994396586 2744.88652236
107.58963642 2744.88652236
108.184876255 2744.88652236
108.780116089 2744.88652236
109.375355924 2744.88652236
109.970595758 2744.88652236
110.565835593 2744.88652236
111.161075427 2744.88652236
111.756315262 2744.88652236
112.351555096 2744.88652236
112.946794931 2744.88652236
113.542034765 2744.88652236
114.1372746 2744.88652236
114.732514434 2744.88652236
115.327754269 2744.88652236
115.922994103 2744.88652236
116.518233937 2744.88652236
117.113473772 2744.88652236
117.708713606 2744.88652236
118.303953441 2744.88652236
118.899193275 2744.88652236
119.49443311 2744.88652236
120.089672944 2744.88652236
120.684912779 2744.88652236
121.280152613 2744.88652236
121.875392448 2744.88652236
122.470632282 2744.88652236
123.065872117 2744.88652236
123.661111951 2744.88652236
124.256351786 2744.88652236
124.85159162 2744.88652236
125.446831455 2744.88652236
126.042071289 2744.88652236
126.637311123 2744.88652236
127.232550958 2744.88652236
127.827790792 2744.88652236
128.423030627 2744.88652236
129.018270461 2744.88652236
129.613510296 2744.88652236
130.20875013 2744.88652236
130.803989965 2744.88652236
131.399229799 2744.88652236
131.994469634 2744.88652236
132.589709468 2744.88652236
133.184949303 2744.88652236
133.780189137 2744.88652236
134.375428972 2744.88652236
134.970668806 2744.88652236
135.565908641 2744.88652236
136.161148475 2744.88652236
136.75638831 2744.88652236
137.351628144 2744.88652236
137.946867978 2744.88652236
138.542107813 2744.88652236
139.137347647 2744.88652236
139.732587482 2744.88652236
140.327827316 2744.88652236
140.923067151 2744.88652236
141.518306985 2744.88652236
142.11354682 2744.88652236
142.708786654 2744.88652236
143.304026489 2744.88652236
143.899266323 2744.88652236
144.494506158 2744.88652236
145.089745992 2744.88652236
145.684985827 2744.88652236
146.280225661 2744.88652236
146.875465496 2744.88652236
147.47070533 2744.88652236
148.065945165 2744.88652236
148.661184999 2744.88652236
149.256424833 2744.88652236
149.851664668 2744.88652236
150.446904502 2744.88652236
151.042144337 2744.88652236
151.637384171 2744.88652236
152.232624006 2744.88652236
152.82786384 2744.88652236
153.423103675 2744.88652236
154.018343509 2744.88652236
154.613583344 2744.88652236
155.208823178 2744.88652236
155.804063013 2744.88652236
156.399302847 2744.88652236
156.994542682 2744.88652236
157.589782516 2744.88652236
158.185022351 2744.88652236
158.780262185 2744.88652236
159.375502019 2744.88652236
159.970741854 2744.88652236
160.565981688 2744.88652236
161.161221523 2744.88652236
161.756461357 2744.88652236
162.351701192 2744.88652236
162.946941026 2744.88652236
163.542180861 2744.88652236
164.137420695 2744.88652236
164.73266053 2744.88652236
165.327900364 2744.88652236
165.923140199 2744.88652236
166.518380033 2744.88652236
167.113619868 2744.88652236
167.708859702 2744.88652236
168.304099537 2744.88652236
168.899339371 2744.88652236
169.494579206 2744.88652236
170.08981904 2744.88652236
170.685058874 2744.88652236
171.280298709 2744.88652236
171.875538543 2744.88652236
172.470778378 2744.88652236
173.066018212 2744.88652236
173.661258047 2744.88652236
174.256497881 2744.88652236
174.851737716 2744.88652236
175.44697755 2744.88652236
176.042217385 2744.88652236
176.637457219 2744.88652236
177.232697054 2744.88652236
177.827936888 2744.88652236
178.423176723 2744.88652236
179.018416557 2744.88652236
179.613656392 2744.88652236
180.208896226 2744.88652236
180.80413606 2744.88652236
181.399375895 2744.88652236
181.994615729 2744.88652236
182.589855564 2744.88652236
183.185095398 2744.88652236
183.780335233 2744.88652236
184.375575067 2744.88652236
184.970814902 2744.88652236
185.566054736 2744.88652236
186.161294571 2744.88652236
186.756534405 2744.88652236
187.35177424 2744.88652236
187.947014074 2744.88652236
188.542253909 2744.88652236
189.137493743 2744.88652236
189.732733578 2744.88652236
190.327973412 2744.88652236
190.923213247 2744.88652236
191.518453081 2744.88652236
192.113692915 2744.88652236
192.70893275 2744.88652236
193.304172584 2744.88652236
193.899412419 2744.88652236
194.494652253 2744.88652236
195.089892088 2744.88652236
195.685131922 2744.88652236
196.280371757 2744.88652236
196.875611591 2744.88652236
197.470851426 2744.88652236
198.06609126 2744.88652236
198.661331095 2744.88652236
199.256570929 2744.88652236
199.851810764 2744.88652236
200.447050598 2744.88652236
201.042290433 2744.88652236
201.637530267 2744.88652236
202.232770102 2744.88652236
202.828009936 2744.88652236
203.42324977 2744.88652236
204.018489605 2744.88652236
204.613729439 2744.88652236
205.208969274 2744.88652236
205.804209108 2744.88652236
206.399448943 2744.88652236
206.994688777 2744.88652236
207.589928612 2744.88652236
208.185168446 2744.88652236
208.780408281 2744.88652236
209.375648115 2744.88652236
209.97088795 2744.88652236
210.566127784 2744.88652236
211.161367619 2744.88652236
211.756607453 2744.88652236
212.351847288 2744.88652236
212.947087122 2744.88652236
213.542326956 2744.88652236
214.137566791 2744.88652236
214.732806625 2744.88652236
215.32804646 2744.88652236
215.923286294 2744.88652236
216.518526129 2744.88652236
217.113765963 2744.88652236
217.709005798 2744.88652236
218.304245632 2744.88652236
218.899485467 2744.88652236
219.494725301 2744.88652236
220.089965136 2744.88652236
220.68520497 2744.88652236
221.280444805 2744.88652236
221.875684639 2744.88652236
222.470924474 2744.88652236
223.066164308 2744.88652236
223.661404143 2744.88652236
224.256643977 2744.88652236
224.851883811 2744.88652236
225.447123646 2744.88652236
226.04236348 2744.88652236
226.637603315 2744.88652236
227.232843149 2744.88652236
227.828082984 2744.88652236
228.423322818 2744.88652236
229.018562653 2744.88652236
229.613802487 2744.88652236
230.209042322 2744.88652236
230.804282156 2744.88652236
231.399521991 2744.88652236
231.994761825 2744.88652236
232.59000166 2744.88652236
233.185241494 2744.88652236
233.780481329 2744.88652236
234.375721163 2744.88652236
234.970960998 2744.88652236
235.566200832 2744.88652236
236.161440666 2744.88652236
236.756680501 2744.88652236
237.351920335 2744.88652236
237.94716017 2744.88652236
238.542400004 2744.88652236
239.137639839 2744.88652236
239.732879673 2744.88652236
240.328119508 2744.88652236
240.923359342 2744.88652236
241.518599177 2744.88652236
242.113839011 2744.88652236
242.709078846 2744.88652236
243.30431868 2744.88652236
243.899558515 2744.88652236
244.494798349 2744.88652236
245.090038184 2744.88652236
245.685278018 2744.88652236
246.280517852 2744.88652236
246.875757687 2744.88652236
247.470997521 2744.88652236
248.066237356 2744.88652236
248.66147719 2744.88652236
249.256717025 2744.88652236
249.851956859 2744.88652236
250.447196694 2744.88652236
251.042436528 2744.88652236
251.637676363 2744.88652236
252.232916197 2744.88652236
252.828156032 2744.88652236
253.423395866 2744.88652236
254.018635701 2744.88652236
254.613875535 2744.88652236
255.20911537 2744.88652236
255.804355204 2744.88652236
256.399595039 2744.88652236
256.994834873 2744.88652236
257.590074707 2744.88652236
258.185314542 2744.88652236
258.780554376 2744.88652236
259.375794211 2744.88652236
259.971034045 2744.88652236
260.56627388 2744.88652236
261.161513714 2744.88652236
261.756753549 2744.88652236
262.351993383 2744.88652236
262.947233218 2744.88652236
263.542473052 2744.88652236
264.137712887 2744.88652236
264.732952721 2744.88652236
265.328192556 2744.88652236
265.92343239 2744.88652236
266.518672225 2744.88652236
267.113912059 2744.88652236
267.709151894 2744.88652236
268.304391728 2744.88652236
268.899631562 2744.88652236
269.494871397 2744.88652236
270.090111231 2744.88652236
270.685351066 2744.88652236
271.2805909 2744.88652236
271.875830735 2744.88652236
272.471070569 2744.88652236
273.066310404 2744.88652236
273.661550238 2744.88652236
274.256790073 2744.88652236
274.852029907 2744.88652236
275.447269742 2744.88652236
276.042509576 2744.88652236
276.637749411 2744.88652236
277.232989245 2744.88652236
277.82822908 2744.88652236
278.423468914 2744.88652236
279.018708748 2744.88652236
279.613948583 2744.88652236
280.209188417 2744.88652236
280.804428252 2744.88652236
281.399668086 2744.88652236
281.994907921 2744.88652236
282.590147755 2744.88652236
283.18538759 2744.88652236
283.780627424 2744.88652236
284.375867259 2744.88652236
284.971107093 2744.88652236
285.566346928 2744.88652236
286.161586762 2744.88652236
286.756826597 2744.88652236
287.352066431 2744.88652236
287.947306266 2744.88652236
288.5425461 2744.88652236
289.137785935 2744.88652236
289.733025769 2744.88652236
290.328265603 2744.88652236
290.923505438 2744.88652236
291.518745272 2744.88652236
292.113985107 2744.88652236
292.709224941 2744.88652236
293.304464776 2744.88652236
293.89970461 2744.88652236
294.494944445 2744.88652236
295.090184279 2744.88652236
295.685424114 2744.88652236
296.280663948 2744.88652236
296.875903783 2744.88652236
297.471143617 2744.88652236
298.066383452 2744.88652236
298.661623286 2744.88652236
299.256863121 2744.88652236
299.852102955 2744.88652236
300.44734279 2744.88652236
301.042582624 2744.88652236
301.637822458 2744.88652236
302.233062293 2744.88652236
302.828302127 2744.88652236
303.423541962 2744.88652236
304.018781796 2744.88652236
304.614021631 2744.88652236
305.209261465 2649.95579828
305.8045013 2649.95579828
306.399741134 2649.95579828
306.994980969 2649.95579828
307.590220803 2649.95579828
308.185460638 2649.95579828
308.780700472 2649.95579828
309.375940307 2649.95579828
309.971180141 2649.95579828
310.566419976 2649.95579828
311.16165981 2649.95579828
311.756899644 2649.95579828
312.352139479 2649.95579828
312.947379313 2649.95579828
313.542619148 2649.95579828
314.137858982 2649.95579828
314.733098817 2649.95579828
315.328338651 2649.95579828
315.923578486 2649.95579828
316.51881832 2649.95579828
317.114058155 2649.95579828
317.709297989 2649.95579828
318.304537824 2649.95579828
318.899777658 2649.95579828
319.495017493 2649.95579828
320.090257327 2649.95579828
320.685497162 2649.95579828
321.280736996 2649.95579828
321.875976831 2649.95579828
322.471216665 2649.95579828
323.066456499 2649.95579828
323.661696334 2649.95579828
324.256936168 2649.95579828
324.852176003 2649.95579828
325.447415837 2649.95579828
326.042655672 2649.95579828
326.637895506 2649.95579828
327.233135341 2649.95579828
327.828375175 2649.95579828
328.42361501 2649.95579828
329.018854844 2649.95579828
329.614094679 2649.95579828
330.209334513 2649.95579828
330.804574348 2649.95579828
331.399814182 2649.95579828
331.995054017 2649.95579828
332.590293851 2649.95579828
333.185533685 2649.95579828
333.78077352 2649.95579828
334.376013354 2649.95579828
334.971253189 2649.95579828
335.566493023 2649.95579828
336.161732858 2649.95579828
336.756972692 2649.95579828
337.352212527 2649.95579828
337.947452361 2649.95579828
338.542692196 2649.95579828
339.13793203 2649.95579828
339.733171865 2649.95579828
340.328411699 2649.95579828
340.923651534 2649.95579828
341.518891368 2649.95579828
342.114131203 2649.95579828
342.709371037 2649.95579828
343.304610872 2649.95579828
343.899850706 2649.95579828
344.49509054 2649.95579828
345.090330375 2649.95579828
345.685570209 2649.95579828
346.280810044 2649.95579828
346.876049878 2649.95579828
347.471289713 2649.95579828
348.066529547 2649.95579828
348.661769382 2649.95579828
349.257009216 2649.95579828
349.852249051 2649.95579828
350.447488885 2649.95579828
351.04272872 2649.95579828
351.637968554 2649.95579828
352.233208389 2649.95579828
352.828448223 2649.95579828
353.423688058 2649.95579828
354.018927892 2649.95579828
354.614167727 2649.95579828
355.209407561 2649.95579828
355.804647395 2649.95579828
356.39988723 2649.95579828
356.995127064 2649.95579828
357.590366899 2649.95579828
358.185606733 2649.95579828
358.780846568 2649.95579828
359.376086402 2649.95579828
359.971326237 2649.95579828
360.566566071 2649.95579828
361.161805906 2649.95579828
361.75704574 2649.95579828
362.352285575 2649.95579828
362.947525409 2649.95579828
363.542765244 2649.95579828
364.138005078 2649.95579828
364.733244913 2649.95579828
365.328484747 2649.95579828
365.923724581 2649.95579828
366.518964416 2649.95579828
367.11420425 2649.95579828
367.709444085 2649.95579828
368.304683919 2649.95579828
368.899923754 2649.95579828
369.495163588 2649.95579828
370.090403423 2649.95579828
370.685643257 2649.95579828
371.280883092 2649.95579828
371.876122926 2649.95579828
372.471362761 2649.95579828
373.066602595 2649.95579828
373.66184243 2649.95579828
374.257082264 2649.95579828
374.852322099 2649.95579828
375.447561933 2649.95579828
376.042801768 2649.95579828
376.638041602 2649.95579828
377.233281436 2649.95579828
377.828521271 2649.95579828
378.423761105 2649.95579828
379.01900094 2649.95579828
379.614240774 2649.95579828
380.209480609 2649.95579828
380.804720443 2649.95579828
381.399960278 2649.95579828
381.995200112 2649.95579828
382.590439947 2649.95579828
383.185679781 2649.95579828
383.780919616 2649.95579828
384.37615945 2649.95579828
384.971399285 2649.95579828
385.566639119 2649.95579828
386.161878954 2649.95579828
386.757118788 2649.95579828
387.352358623 2649.95579828
387.947598457 2649.95579828
388.542838291 2649.95579828
389.138078126 2649.95579828
389.73331796 2649.95579828
390.328557795 2649.95579828
390.923797629 2649.95579828
391.519037464 2649.95579828
392.114277298 2649.95579828
392.709517133 2649.95579828
393.304756967 2649.95579828
393.899996802 2649.95579828
394.495236636 2649.95579828
395.090476471 2649.95579828
395.685716305 2649.95579828
396.28095614 2649.95579828
396.876195974 2649.95579828
397.471435809 2649.95579828
398.066675643 2649.95579828
398.661915477 2649.95579828
399.257155312 2649.95579828
399.852395146 2649.95579828
400.447634981 2649.95579828
401.042874815 2649.95579828
401.63811465 2649.95579828
402.233354484 2649.95579828
402.828594319 2649.95579828
403.423834153 2649.95579828
404.019073988 2649.95579828
404.614313822 2649.95579828
405.209553657 2649.95579828
405.804793491 2649.95579828
406.400033326 2649.95579828
406.99527316 2649.95579828
407.590512995 2649.95579828
408.185752829 2649.95579828
408.780992664 2649.95579828
409.376232498 2649.95579828
409.971472332 2649.95579828
410.566712167 2649.95579828
411.161952001 2649.95579828
411.757191836 2649.95579828
412.35243167 2649.95579828
412.947671505 2649.95579828
413.542911339 2649.95579828
414.138151174 2649.95579828
414.733391008 2649.95579828
415.328630843 2649.95579828
415.923870677 2649.95579828
416.519110512 2649.95579828
417.114350346 2649.95579828
417.709590181 2649.95579828
418.304830015 2649.95579828
418.90006985 2649.95579828
419.495309684 2649.95579828
420.090549519 2649.95579828
420.685789353 2649.95579828
421.281029187 2649.95579828
421.876269022 2649.95579828
422.471508856 2649.95579828
423.066748691 2649.95579828
423.661988525 2649.95579828
424.25722836 2649.95579828
424.852468194 2649.95579828
425.447708029 2649.95579828
426.042947863 2649.95579828
426.638187698 2649.95579828
427.233427532 2649.95579828
427.828667367 2649.95579828
428.423907201 2649.95579828
429.019147036 2649.95579828
429.61438687 2649.95579828
430.209626705 2649.95579828
430.804866539 2649.95579828
431.400106373 2649.95579828
431.995346208 2649.95579828
432.590586042 2649.95579828
433.185825877 2649.95579828
433.781065711 2649.95579828
434.376305546 2649.95579828
434.97154538 2649.95579828
435.566785215 2649.95579828
436.162025049 2649.95579828
436.757264884 2649.95579828
437.352504718 2649.95579828
437.947744553 2649.95579828
438.542984387 2649.95579828
439.138224222 2649.95579828
439.733464056 2649.95579828
440.328703891 2649.95579828
440.923943725 2649.95579828
441.51918356 2649.95579828
442.114423394 2649.95579828
442.709663228 2649.95579828
443.304903063 2649.95579828
443.900142897 2649.95579828
444.495382732 2649.95579828
445.090622566 2649.95579828
445.685862401 2649.95579828
446.281102235 2649.95579828
446.87634207 2649.95579828
447.471581904 2649.95579828
448.066821739 2649.95579828
448.662061573 2649.95579828
449.257301408 2649.95579828
449.852541242 2649.95579828
450.447781077 2649.95579828
451.043020911 2649.95579828
451.638260746 2649.95579828
452.23350058 2649.95579828
452.828740415 2649.95579828
453.423980249 2649.95579828
454.019220083 2649.95579828
454.614459918 2649.95579828
455.209699752 2649.95579828
455.804939587 2649.95579828
456.400179421 2649.95579828
456.995419256 2649.95579828
457.59065909 2466.19476335
458.185898925 2466.19476335
458.781138759 2466.19476335
459.376378594 2466.19476335
459.971618428 2466.19476335
460.566858263 2466.19476335
461.162098097 2466.19476335
461.757337932 2466.19476335
462.352577766 2466.19476335
462.947817601 2466.19476335
463.543057435 2466.19476335
464.138297269 2466.19476335
464.733537104 2466.19476335
465.328776938 2466.19476335
465.924016773 2466.19476335
466.519256607 2466.19476335
467.114496442 2466.19476335
467.709736276 2466.19476335
468.304976111 2466.19476335
468.900215945 2466.19476335
469.49545578 2466.19476335
470.090695614 2466.19476335
470.685935449 2466.19476335
471.281175283 2466.19476335
471.876415118 2466.19476335
472.471654952 2466.19476335
473.066894787 2466.19476335
473.662134621 2466.19476335
474.257374456 2466.19476335
474.85261429 2466.19476335
475.447854124 2466.19476335
476.043093959 2466.19476335
476.638333793 2466.19476335
477.233573628 2466.19476335
477.828813462 2466.19476335
478.424053297 2466.19476335
479.019293131 2466.19476335
479.614532966 2466.19476335
480.2097728 2466.19476335
480.805012635 2466.19476335
481.400252469 2466.19476335
481.995492304 2466.19476335
482.590732138 2466.19476335
483.185971973 2466.19476335
483.781211807 2466.19476335
484.376451642 2466.19476335
484.971691476 2466.19476335
485.56693131 2466.19476335
486.162171145 2466.19476335
486.757410979 2466.19476335
487.352650814 2466.19476335
487.947890648 2466.19476335
488.543130483 2466.19476335
489.138370317 2466.19476335
489.733610152 2466.19476335
490.328849986 2466.19476335
490.924089821 2466.19476335
491.519329655 2466.19476335
492.11456949 2466.19476335
492.709809324 2466.19476335
493.305049159 2466.19476335
493.900288993 2466.19476335
494.495528828 2466.19476335
495.090768662 2466.19476335
495.686008497 2466.19476335
496.281248331 2466.19476335
496.876488165 2466.19476335
497.471728 2466.19476335
498.066967834 2466.19476335
498.662207669 2466.19476335
499.257447503 2466.19476335
499.852687338 2466.19476335
500.447927172 2466.19476335
501.043167007 2466.19476335
501.638406841 2466.19476335
502.233646676 2466.19476335
502.82888651 2466.19476335
503.424126345 2466.19476335
504.019366179 2466.19476335
504.614606014 2466.19476335
505.209845848 2466.19476335
505.805085683 2466.19476335
506.400325517 2466.19476335
506.995565352 2466.19476335
507.590805186 2466.19476335
508.18604502 2466.19476335
508.781284855 2466.19476335
509.376524689 2466.19476335
509.971764524 2466.19476335
510.567004358 2466.19476335
511.162244193 2466.19476335
511.757484027 2466.19476335
512.352723862 2466.19476335
512.947963696 2466.19476335
513.543203531 2466.19476335
514.138443365 2466.19476335
514.7336832 2466.19476335
515.328923034 2466.19476335
515.924162869 2466.19476335
516.519402703 2466.19476335
517.114642538 2466.19476335
517.709882372 2466.19476335
518.305122206 2466.19476335
518.900362041 2466.19476335
519.495601875 2466.19476335
520.09084171 2466.19476335
520.686081544 2466.19476335
521.281321379 2466.19476335
521.876561213 2466.19476335
522.471801048 2466.19476335
523.067040882 2466.19476335
523.662280717 2466.19476335
524.257520551 2466.19476335
524.852760386 2466.19476335
525.44800022 2466.19476335
526.043240055 2466.19476335
526.638479889 2466.19476335
527.233719724 2466.19476335
527.828959558 2466.19476335
528.424199393 2466.19476335
529.019439227 2466.19476335
529.614679061 2466.19476335
530.209918896 2466.19476335
530.80515873 2466.19476335
531.400398565 2466.19476335
531.995638399 2466.19476335
532.590878234 2466.19476335
533.186118068 2466.19476335
533.781357903 2833.71683321
534.376597737 2833.71683321
534.971837572 2833.71683321
535.567077406 2833.71683321
536.162317241 2833.71683321
536.757557075 2833.71683321
537.35279691 2833.71683321
537.948036744 2833.71683321
538.543276579 2833.71683321
539.138516413 2833.71683321
539.733756248 2833.71683321
540.328996082 2833.71683321
540.924235916 2833.71683321
541.519475751 2833.71683321
542.114715585 2833.71683321
542.70995542 2833.71683321
543.305195254 2833.71683321
543.900435089 2833.71683321
544.495674923 2833.71683321
545.090914758 2833.71683321
545.686154592 2833.71683321
546.281394427 2833.71683321
546.876634261 2833.71683321
547.471874096 2833.71683321
548.06711393 2833.71683321
548.662353765 2833.71683321
549.257593599 2833.71683321
549.852833434 2833.71683321
550.448073268 2833.71683321
551.043313102 2833.71683321
551.638552937 2833.71683321
552.233792771 2833.71683321
552.829032606 2833.71683321
553.42427244 2833.71683321
554.019512275 2833.71683321
554.614752109 2833.71683321
555.209991944 2833.71683321
555.805231778 2833.71683321
556.400471613 2833.71683321
556.995711447 2833.71683321
557.590951282 2833.71683321
558.186191116 2833.71683321
558.781430951 2833.71683321
559.376670785 2833.71683321
559.97191062 2833.71683321
560.567150454 2833.71683321
561.162390289 2833.71683321
561.757630123 2833.71683321
562.352869957 2833.71683321
562.948109792 2833.71683321
563.543349626 2833.71683321
564.138589461 2833.71683321
564.733829295 2833.71683321
565.32906913 2833.71683321
565.924308964 2833.71683321
566.519548799 2833.71683321
567.114788633 2833.71683321
567.710028468 2833.71683321
568.305268302 2833.71683321
568.900508137 2833.71683321
569.495747971 2833.71683321
570.090987806 2833.71683321
570.68622764 2833.71683321
571.281467475 2833.71683321
571.876707309 2833.71683321
572.471947144 2833.71683321
573.067186978 2833.71683321
573.662426812 2833.71683321
574.257666647 2833.71683321
574.852906481 2833.71683321
575.448146316 2833.71683321
576.04338615 2833.71683321
576.638625985 2833.71683321
577.233865819 2833.71683321
577.829105654 2833.71683321
578.424345488 2833.71683321
579.019585323 2833.71683321
579.614825157 2833.71683321
580.210064992 2833.71683321
580.805304826 2833.71683321
581.400544661 2833.71683321
581.995784495 2833.71683321
582.59102433 2833.71683321
583.186264164 2833.71683321
583.781503998 2833.71683321
584.376743833 2833.71683321
584.971983667 2833.71683321
585.567223502 2833.71683321
586.162463336 2833.71683321
586.757703171 2833.71683321
587.352943005 2833.71683321
587.94818284 2833.71683321
588.543422674 2833.71683321
589.138662509 2833.71683321
589.733902343 2833.71683321
590.329142178 2833.71683321
590.924382012 2833.71683321
591.519621847 2833.71683321
592.114861681 2833.71683321
592.710101516 2833.71683321
593.30534135 2833.71683321
593.900581185 2833.71683321
594.495821019 2833.71683321
595.091060853 2833.71683321
595.686300688 2833.71683321
596.281540522 2833.71683321
596.876780357 2833.71683321
597.472020191 2833.71683321
598.067260026 2833.71683321
598.66249986 2833.71683321
599.257739695 2833.71683321
599.852979529 2833.71683321
600.448219364 2833.71683321
601.043459198 2833.71683321
601.638699033 2833.71683321
602.233938867 2833.71683321
602.829178702 2833.71683321
603.424418536 2833.71683321
604.019658371 2833.71683321
604.614898205 2833.71683321
605.21013804 2833.71683321
605.805377874 2833.71683321
606.400617708 2833.71683321
606.995857543 2833.71683321
607.591097377 2833.71683321
608.186337212 2833.71683321
608.781577046 2833.71683321
609.376816881 2833.71683321
609.972056715 5419.91450339
610.56729655 5419.91450339
611.162536384 5419.91450339
611.757776219 5419.91450339
612.353016053 5419.91450339
612.948255888 5419.91450339
613.543495722 5419.91450339
614.138735557 5419.91450339
614.733975391 5419.91450339
615.329215226 5419.91450339
615.92445506 5419.91450339
616.519694894 5419.91450339
617.114934729 5419.91450339
617.710174563 5419.91450339
618.305414398 5419.91450339
618.900654232 5419.91450339
619.495894067 5419.91450339
620.091133901 5419.91450339
620.686373736 5419.91450339
621.28161357 5419.91450339
621.876853405 5419.91450339
622.472093239 5419.91450339
623.067333074 5419.91450339
623.662572908 5419.91450339
624.257812743 5419.91450339
624.853052577 5419.91450339
625.448292412 5419.91450339
626.043532246 5419.91450339
626.638772081 5419.91450339
627.234011915 5419.91450339
627.829251749 5419.91450339
628.424491584 5419.91450339
629.019731418 5419.91450339
629.614971253 5419.91450339
630.210211087 5419.91450339
630.805450922 5419.91450339
631.400690756 5419.91450339
631.995930591 5419.91450339
632.591170425 5419.91450339
633.18641026 5419.91450339
633.781650094 5419.91450339
634.376889929 5419.91450339
634.972129763 5419.91450339
635.567369598 5419.91450339
636.162609432 5419.91450339
636.757849267 5419.91450339
637.353089101 5419.91450339
637.948328935 5419.91450339
638.54356877 6499.84126281
639.138808604 6499.84126281
639.734048439 6499.84126281
640.329288273 6499.84126281
640.924528108 6499.84126281
641.519767942 6499.84126281
642.115007777 6499.84126281
642.710247611 6499.84126281
643.305487446 4339.98774397
643.90072728 4339.98774397
644.495967115 4339.98774397
645.091206949 4339.98774397
645.686446784 4339.98774397
646.281686618 4339.98774397
646.876926453 4339.98774397
647.472166287 4339.98774397
648.067406122 5419.91450339
648.662645956 5419.91450339
649.25788579 5419.91450339
649.853125625 5419.91450339
650.448365459 5419.91450339
651.043605294 5419.91450339
651.638845128 5419.91450339
652.234084963 5419.91450339
652.829324797 5419.91450339
653.424564632 5419.91450339
654.019804466 5419.91450339
654.615044301 5419.91450339
655.210284135 5419.91450339
655.80552397 5419.91450339
656.400763804 5419.91450339
656.996003639 5419.91450339
657.591243473 5419.91450339
658.186483308 5419.91450339
658.781723142 5419.91450339
659.376962977 5419.91450339
659.972202811 5419.91450339
660.567442645 5419.91450339
661.16268248 5419.91450339
661.757922314 5419.91450339
662.353162149 5419.91450339
662.948401983 5419.91450339
663.543641818 5419.91450339
664.138881652 5419.91450339
664.734121487 5419.91450339
665.329361321 5419.91450339
665.924601156 5419.91450339
666.51984099 5419.91450339
667.115080825 5419.91450339
667.710320659 5419.91450339
668.305560494 5419.91450339
668.900800328 5419.91450339
669.496040163 5419.91450339
670.091279997 5419.91450339
670.686519831 5419.91450339
671.281759666 5419.91450339
671.8769995 5419.91450339
672.472239335 5419.91450339
673.067479169 5419.91450339
673.662719004 5419.91450339
674.257958838 5419.91450339
674.853198673 5419.91450339
675.448438507 5419.91450339
676.043678342 5419.91450339
676.638918176 5419.91450339
677.234158011 5419.91450339
677.829397845 5419.91450339
678.42463768 5419.91450339
679.019877514 5419.91450339
679.615117349 5419.91450339
680.210357183 5419.91450339
680.805597018 5419.91450339
681.400836852 5419.91450339
681.996076686 5419.91450339
682.591316521 5419.91450339
683.186556355 5419.91450339
683.78179619 5419.91450339
684.377036024 5419.91450339
684.972275859 5419.91450339
685.567515693 5419.91450339
686.162755528 4652.41128424
686.757995362 4652.41128424
687.353235197 4652.41128424
687.948475031 4652.41128424
688.543714866 4652.41128424
689.1389547 4652.41128424
689.734194535 4652.41128424
690.329434369 4652.41128424
690.924674204 4652.41128424
691.519914038 4652.41128424
692.115153873 4652.41128424
692.710393707 4652.41128424
693.305633541 4652.41128424
693.900873376 4652.41128424
694.49611321 4652.41128424
695.091353045 4652.41128424
695.686592879 4652.41128424
696.281832714 4652.41128424
696.877072548 4652.41128424
697.472312383 4652.41128424
698.067552217 4652.41128424
698.662792052 4652.41128424
699.258031886 4652.41128424
699.853271721 4652.41128424
700.448511555 4652.41128424
701.04375139 4652.41128424
701.638991224 4652.41128424
702.234231059 4652.41128424
702.829470893 4652.41128424
703.424710727 4652.41128424
704.019950562 4652.41128424
704.615190396 4652.41128424
705.210430231 5630.35291121
705.805670065 5630.35291121
706.4009099 5630.35291121
706.996149734 5630.35291121
707.591389569 5630.35291121
708.186629403 5630.35291121
708.781869238 5630.35291121
709.377109072 5630.35291121
709.972348907 5630.35291121
710.567588741 5630.35291121
711.162828576 5630.35291121
711.75806841 5630.35291121
712.353308245 5630.35291121
712.948548079 5630.35291121
713.543787914 5630.35291121
714.139027748 5630.35291121
714.734267582 5630.35291121
715.329507417 5630.35291121
715.924747251 5630.35291121
716.519987086 5630.35291121
717.11522692 5630.35291121
717.710466755 5630.35291121
718.305706589 5630.35291121
718.900946424 5630.35291121
719.496186258 5630.35291121
720.091426093 5630.35291121
720.686665927 5630.35291121
721.281905762 5630.35291121
721.877145596 5630.35291121
722.472385431 5630.35291121
723.067625265 5630.35291121
723.6628651 5630.35291121
724.258104934 5698.44690906
724.853344769 5698.44690906
725.448584603 5698.44690906
726.043824437 5698.44690906
726.639064272 5698.44690906
727.234304106 5698.44690906
727.829543941 5698.44690906
728.424783775 5698.44690906
729.02002361 5698.44690906
729.615263444 5698.44690906
730.210503279 5698.44690906
730.805743113 5698.44690906
731.400982948 5698.44690906
731.996222782 5698.44690906
732.591462617 5698.44690906
733.186702451 5698.44690906
733.781942286 5698.44690906
734.37718212 5698.44690906
734.972421955 5698.44690906
735.567661789 5698.44690906
736.162901623 5698.44690906
736.758141458 5698.44690906
737.353381292 5698.44690906
737.948621127 5698.44690906
738.543860961 5698.44690906
739.139100796 5698.44690906
739.73434063 5698.44690906
740.329580465 5698.44690906
740.924820299 5698.44690906
741.520060134 5698.44690906
742.115299968 5698.44690906
742.710539803 5698.44690906
743.305779637 5698.44690906
743.901019472 5698.44690906
744.496259306 5698.44690906
745.091499141 5698.44690906
745.686738975 5698.44690906
746.28197881 5698.44690906
746.877218644 5698.44690906
747.472458478 5698.44690906
748.067698313 5698.44690906
748.662938147 5698.44690906
749.258177982 5698.44690906
749.853417816 5698.44690906
750.448657651 5698.44690906
751.043897485 5698.44690906
751.63913732 5698.44690906
752.234377154 5698.44690906
752.829616989 5698.44690906
753.424856823 5698.44690906
754.020096658 5698.44690906
754.615336492 5698.44690906
755.210576327 5698.44690906
755.805816161 5698.44690906
756.401055996 5698.44690906
756.99629583 5698.44690906
757.591535665 5698.44690906
758.186775499 5698.44690906
758.782015333 5698.44690906
759.377255168 5698.44690906
759.972495002 5698.44690906
760.567734837 5698.44690906
761.162974671 5698.44690906
761.758214506 5698.44690906
762.35345434 4991.46656785
762.948694175 4991.46656785
763.543934009 4991.46656785
764.139173844 4991.46656785
764.734413678 4991.46656785
765.329653513 4991.46656785
765.924893347 4991.46656785
766.520133182 4991.46656785
767.115373016 4991.46656785
767.710612851 4991.46656785
768.305852685 4991.46656785
768.901092519 4991.46656785
769.496332354 4991.46656785
770.091572188 4991.46656785
770.686812023 4991.46656785
771.282051857 4991.46656785
771.877291692 4991.46656785
772.472531526 4991.46656785
773.067771361 4991.46656785
773.663011195 4991.46656785
774.25825103 4991.46656785
774.853490864 4991.46656785
775.448730699 4991.46656785
776.043970533 4991.46656785
776.639210368 4991.46656785
777.234450202 4991.46656785
777.829690037 4991.46656785
778.424929871 4991.46656785
779.020169706 4991.46656785
779.61540954 4991.46656785
780.210649374 4991.46656785
780.805889209 4991.46656785
781.401129043 4991.46656785
781.996368878 4991.46656785
782.591608712 4991.46656785
783.186848547 4991.46656785
783.782088381 4991.46656785
784.377328216 4991.46656785
784.97256805 4991.46656785
785.567807885 4991.46656785
786.163047719 4991.46656785
786.758287554 4991.46656785
787.353527388 4991.46656785
787.948767223 4991.46656785
788.544007057 4991.46656785
789.139246892 4991.46656785
789.734486726 4991.46656785
790.32972656 4991.46656785
790.924966395 4991.46656785
791.520206229 4991.46656785
792.115446064 4991.46656785
792.710685898 4991.46656785
793.305925733 4991.46656785
793.901165567 4991.46656785
794.496405402 4991.46656785
795.091645236 4991.46656785
795.686885071 4991.46656785
796.282124905 4991.46656785
796.87736474 4991.46656785
797.472604574 4991.46656785
798.067844409 4991.46656785
798.663084243 4991.46656785
799.258324078 4991.46656785
799.853563912 4991.46656785
800.448803747 4481.45646121
801.044043581 4481.45646121
801.639283415 4481.45646121
802.23452325 4481.45646121
802.829763084 4481.45646121
803.425002919 4481.45646121
804.020242753 4481.45646121
804.615482588 4481.45646121
805.210722422 4481.45646121
805.805962257 4481.45646121
806.401202091 4481.45646121
806.996441926 4481.45646121
807.59168176 4481.45646121
808.186921595 4481.45646121
808.782161429 4481.45646121
809.377401264 4481.45646121
809.972641098 4481.45646121
810.567880933 4481.45646121
811.163120767 4481.45646121
811.758360602 4481.45646121
812.353600436 4481.45646121
812.94884027 4481.45646121
813.544080105 4481.45646121
814.139319939 4481.45646121
814.734559774 4481.45646121
815.329799608 4481.45646121
815.925039443 4481.45646121
816.520279277 4481.45646121
817.115519112 4481.45646121
817.710758946 4481.45646121
818.305998781 4481.45646121
818.901238615 4481.45646121
819.49647845 4481.45646121
820.091718284 4481.45646121
820.686958119 4481.45646121
821.282197953 4481.45646121
821.877437788 4481.45646121
822.472677622 4481.45646121
823.067917456 4481.45646121
823.663157291 4481.45646121
824.258397125 4481.45646121
824.85363696 4481.45646121
825.448876794 4481.45646121
826.044116629 4481.45646121
826.639356463 4481.45646121
827.234596298 4481.45646121
827.829836132 4481.45646121
828.425075967 4481.45646121
829.020315801 4481.45646121
829.615555636 4481.45646121
830.21079547 4481.45646121
830.806035305 4481.45646121
831.401275139 4481.45646121
831.996514974 4481.45646121
832.591754808 4481.45646121
833.186994643 4481.45646121
833.782234477 4481.45646121
834.377474311 4481.45646121
834.972714146 4481.45646121
835.56795398 4481.45646121
836.163193815 4481.45646121
836.758433649 4481.45646121
837.353673484 4481.45646121
837.948913318 4481.45646121
838.544153153 6103.36749225
839.139392987 6103.36749225
839.734632822 6103.36749225
840.329872656 6103.36749225
840.925112491 6103.36749225
841.520352325 6103.36749225
842.11559216 6103.36749225
842.710831994 6103.36749225
843.306071829 6103.36749225
843.901311663 6103.36749225
844.496551498 6103.36749225
845.091791332 6103.36749225
845.687031166 6103.36749225
846.282271001 6103.36749225
846.877510835 6103.36749225
847.47275067 6103.36749225
848.067990504 6103.36749225
848.663230339 6103.36749225
849.258470173 6103.36749225
849.853710008 6103.36749225
850.448949842 6103.36749225
851.044189677 6103.36749225
851.639429511 6103.36749225
852.234669346 6103.36749225
852.82990918 6103.36749225
853.425149015 6103.36749225
854.020388849 6103.36749225
854.615628684 6103.36749225
855.210868518 6103.36749225
855.806108352 6103.36749225
856.401348187 6103.36749225
856.996588021 6103.36749225
857.591827856 6103.36749225
858.18706769 6103.36749225
858.782307525 6103.36749225
859.377547359 6103.36749225
859.972787194 6103.36749225
860.568027028 6103.36749225
861.163266863 6103.36749225
861.758506697 6103.36749225
862.353746532 6103.36749225
862.948986366 6103.36749225
863.544226201 6103.36749225
864.139466035 6103.36749225
864.73470587 6103.36749225
865.329945704 6103.36749225
865.925185539 6103.36749225
866.520425373 6103.36749225
867.115665207 6103.36749225
867.710905042 6103.36749225
868.306144876 6103.36749225
868.901384711 6103.36749225
869.496624545 6103.36749225
870.09186438 6103.36749225
870.687104214 6103.36749225
871.282344049 6103.36749225
871.877583883 6103.36749225
872.472823718 6103.36749225
873.068063552 6103.36749225
873.663303387 6103.36749225
874.258543221 6103.36749225
874.853783056 6103.36749225
875.44902289 6103.36749225
876.044262725 6103.36749225
876.639502559 6103.36749225
877.234742394 6103.36749225
877.829982228 6103.36749225
878.425222062 6103.36749225
879.020461897 6103.36749225
879.615701731 6103.36749225
880.210941566 6103.36749225
880.8061814 6103.36749225
881.401421235 6103.36749225
881.996661069 6103.36749225
882.591900904 6103.36749225
883.187140738 6103.36749225
883.782380573 6103.36749225
884.377620407 6103.36749225
884.972860242 6103.36749225
885.568100076 6103.36749225
886.163339911 6103.36749225
886.758579745 6103.36749225
887.35381958 6103.36749225
887.949059414 6103.36749225
888.544299248 6103.36749225
889.139539083 6103.36749225
889.734778917 6103.36749225
890.330018752 6103.36749225
890.925258586 6103.36749225
891.520498421 6103.36749225
892.115738255 6103.36749225
892.71097809 6103.36749225
893.306217924 6103.36749225
893.901457759 6103.36749225
894.496697593 6103.36749225
895.091937428 6103.36749225
895.687177262 6103.36749225
896.282417097 6103.36749225
896.877656931 6103.36749225
897.472896766 6103.36749225
898.0681366 6103.36749225
898.663376435 6103.36749225
899.258616269 6103.36749225
899.853856103 6103.36749225
900.449095938 6103.36749225
901.044335772 6103.36749225
901.639575607 6103.36749225
902.234815441 6103.36749225
902.830055276 6103.36749225
903.42529511 6103.36749225
904.020534945 6103.36749225
904.615774779 6103.36749225
905.211014614 6103.36749225
905.806254448 6103.36749225
906.401494283 6103.36749225
906.996734117 6103.36749225
907.591973952 6103.36749225
908.187213786 6103.36749225
908.782453621 6103.36749225
909.377693455 6103.36749225
909.97293329 6103.36749225
910.568173124 6103.36749225
911.163412958 6103.36749225
911.758652793 6103.36749225
912.353892627 6103.36749225
912.949132462 6103.36749225
913.544372296 6103.36749225
914.139612131 6103.36749225
914.734851965 6546.04609242
915.3300918 6546.04609242
915.925331634 6546.04609242
916.520571469 6546.04609242
917.115811303 6546.04609242
917.711051138 6546.04609242
918.306290972 6546.04609242
918.901530807 6546.04609242
919.496770641 6546.04609242
920.092010476 6546.04609242
920.68725031 6546.04609242
921.282490144 6546.04609242
921.877729979 6546.04609242
922.472969813 6546.04609242
923.068209648 6546.04609242
923.663449482 6546.04609242
924.258689317 6546.04609242
924.853929151 6546.04609242
925.449168986 6546.04609242
926.04440882 6546.04609242
926.639648655 6546.04609242
927.234888489 6546.04609242
927.830128324 6546.04609242
928.425368158 6546.04609242
929.020607993 6546.04609242
929.615847827 6546.04609242
930.211087662 6546.04609242
930.806327496 6546.04609242
931.401567331 6546.04609242
931.996807165 6546.04609242
932.592046999 6546.04609242
933.187286834 6546.04609242
933.782526668 6546.04609242
934.377766503 6546.04609242
934.973006337 6546.04609242
935.568246172 6546.04609242
936.163486006 6546.04609242
936.758725841 6546.04609242
937.353965675 6546.04609242
937.94920551 6546.04609242
938.544445344 6546.04609242
939.139685179 6546.04609242
939.734925013 6546.04609242
940.330164848 6546.04609242
940.925404682 6546.04609242
941.520644517 6546.04609242
942.115884351 6546.04609242
942.711124185 6546.04609242
943.30636402 6546.04609242
943.901603854 6546.04609242
944.496843689 6546.04609242
945.092083523 6546.04609242
945.687323358 6546.04609242
946.282563192 6546.04609242
946.877803027 6546.04609242
947.473042861 6546.04609242
948.068282696 6546.04609242
948.66352253 6546.04609242
949.258762365 6546.04609242
949.854002199 6546.04609242
950.449242034 6546.04609242
951.044481868 6546.04609242
951.639721703 6546.04609242
952.234961537 6546.04609242
952.830201372 6546.04609242
953.425441206 6546.04609242
954.02068104 6546.04609242
954.615920875 6546.04609242
955.211160709 6546.04609242
955.806400544 6546.04609242
956.401640378 6546.04609242
956.996880213 6546.04609242
957.592120047 6546.04609242
958.187359882 6546.04609242
958.782599716 6546.04609242
959.377839551 6546.04609242
959.973079385 6546.04609242
960.56831922 6546.04609242
961.163559054 6546.04609242
961.758798889 6546.04609242
962.354038723 6546.04609242
962.949278558 6546.04609242
963.544518392 6546.04609242
964.139758227 6546.04609242
964.734998061 6546.04609242
965.330237895 6546.04609242
965.92547773 6546.04609242
966.520717564 6546.04609242
967.115957399 6546.04609242
967.711197233 6546.04609242
968.306437068 6546.04609242
968.901676902 6546.04609242
969.496916737 6546.04609242
970.092156571 6546.04609242
970.687396406 6546.04609242
971.28263624 6546.04609242
971.877876075 6546.04609242
972.473115909 6546.04609242
973.068355744 6546.04609242
973.663595578 6546.04609242
974.258835413 6546.04609242
974.854075247 6546.04609242
975.449315081 6546.04609242
976.044554916 6546.04609242
976.63979475 6546.04609242
977.235034585 6546.04609242
977.830274419 6546.04609242
978.425514254 6546.04609242
979.020754088 6546.04609242
979.615993923 6546.04609242
980.211233757 6546.04609242
980.806473592 6546.04609242
981.401713426 6546.04609242
981.996953261 6546.04609242
982.592193095 6546.04609242
983.18743293 6546.04609242
983.782672764 6546.04609242
984.377912599 6546.04609242
984.973152433 6546.04609242
985.568392268 6546.04609242
986.163632102 6546.04609242
986.758871936 6546.04609242
987.354111771 6546.04609242
987.949351605 6546.04609242
988.54459144 6546.04609242
989.139831274 6546.04609242
989.735071109 6546.04609242
990.330310943 6546.04609242
990.925550778 6546.04609242
991.520790612 6546.04609242
992.116030447 6546.04609242
992.711270281 6546.04609242
993.306510116 6546.04609242
993.90174995 6546.04609242
994.496989785 6546.04609242
995.092229619 6546.04609242
995.687469454 6546.04609242
996.282709288 6546.04609242
996.877949123 6546.04609242
997.473188957 6546.04609242
998.068428791 6546.04609242
998.663668626 6546.04609242
999.25890846 6546.04609242
999.854148295 6546.04609242
1000.44938813 6546.04609242
1001.04462796 6546.04609242
1001.6398678 6546.04609242
1002.23510763 6546.04609242
1002.83034747 6546.04609242
1003.4255873 6546.04609242
1004.02082714 6546.04609242
1004.61606697 6546.04609242
1005.21130681 6546.04609242
1005.80654664 6546.04609242
1006.40178647 6546.04609242
1006.99702631 6546.04609242
1007.59226614 6546.04609242
1008.18750598 6546.04609242
1008.78274581 6546.04609242
1009.37798565 6546.04609242
1009.97322548 6546.04609242
1010.56846532 6546.04609242
1011.16370515 6546.04609242
1011.75894498 6546.04609242
1012.35418482 6546.04609242
1012.94942465 6546.04609242
1013.54466449 6546.04609242
1014.13990432 6546.04609242
1014.73514416 6546.04609242
1015.33038399 6546.04609242
1015.92562383 6546.04609242
1016.52086366 6546.04609242
1017.11610349 6546.04609242
1017.71134333 6546.04609242
1018.30658316 6546.04609242
1018.901823 6546.04609242
1019.49706283 6546.04609242
1020.09230267 6546.04609242
1020.6875425 6546.04609242
1021.28278234 6546.04609242
1021.87802217 6546.04609242
1022.473262 6546.04609242
1023.06850184 6546.04609242
1023.66374167 6546.04609242
1024.25898151 6546.04609242
1024.85422134 6546.04609242
1025.44946118 6546.04609242
1026.04470101 6546.04609242
1026.63994085 6546.04609242
1027.23518068 6546.04609242
1027.83042052 6546.04609242
1028.42566035 6546.04609242
1029.02090018 6546.04609242
1029.61614002 6546.04609242
1030.21137985 6546.04609242
1030.80661969 6546.04609242
1031.40185952 6546.04609242
1031.99709936 6546.04609242
1032.59233919 6546.04609242
1033.18757903 6546.04609242
1033.78281886 6546.04609242
1034.37805869 6546.04609242
1034.97329853 6546.04609242
1035.56853836 6546.04609242
1036.1637782 6546.04609242
1036.75901803 6546.04609242
1037.35425787 6546.04609242
1037.9494977 6546.04609242
1038.54473754 6546.04609242
1039.13997737 6546.04609242
1039.7352172 6546.04609242
1040.33045704 6546.04609242
1040.92569687 6546.04609242
1041.52093671 6546.04609242
1042.11617654 6546.04609242
1042.71141638 6546.04609242
1043.30665621 6546.04609242
1043.90189605 6546.04609242
1044.49713588 6546.04609242
1045.09237571 6546.04609242
1045.68761555 6546.04609242
1046.28285538 6546.04609242
1046.87809522 6546.04609242
1047.47333505 6546.04609242
1048.06857489 6546.04609242
1048.66381472 6546.04609242
1049.25905456 6546.04609242
1049.85429439 6546.04609242
1050.44953423 6546.04609242
1051.04477406 6546.04609242
1051.64001389 6546.04609242
1052.23525373 6546.04609242
1052.83049356 6546.04609242
1053.4257334 6546.04609242
1054.02097323 6546.04609242
1054.61621307 6546.04609242
1055.2114529 6546.04609242
1055.80669274 6546.04609242
1056.40193257 6546.04609242
1056.9971724 6546.04609242
1057.59241224 6546.04609242
1058.18765207 6546.04609242
1058.78289191 6546.04609242
1059.37813174 6546.04609242
1059.97337158 6546.04609242
1060.56861141 6546.04609242
1061.16385125 6546.04609242
1061.75909108 6546.04609242
1062.35433091 6546.04609242
1062.94957075 6546.04609242
1063.54481058 6546.04609242
1064.14005042 6546.04609242
1064.73529025 6546.04609242
1065.33053009 6546.04609242
1065.92576992 6546.04609242
1066.52100976 6546.04609242
1067.11624959 6546.04609242
1067.71148942 6546.04609242
1068.30672926 6546.04609242
1068.90196909 6546.04609242
1069.49720893 6546.04609242
1070.09244876 6546.04609242
1070.6876886 6546.04609242
1071.28292843 6546.04609242
1071.87816827 6546.04609242
1072.4734081 6546.04609242
1073.06864794 6546.04609242
1073.66388777 6546.04609242
1074.2591276 6546.04609242
1074.85436744 6546.04609242
1075.44960727 6546.04609242
1076.04484711 6546.04609242
1076.64008694 6546.04609242
1077.23532678 6546.04609242
1077.83056661 6546.04609242
1078.42580645 6546.04609242
1079.02104628 6546.04609242
1079.61628611 6546.04609242
1080.21152595 6546.04609242
1080.80676578 6546.04609242
1081.40200562 6546.04609242
1081.99724545 6546.04609242
1082.59248529 6546.04609242
1083.18772512 6546.04609242
1083.78296496 6546.04609242
1084.37820479 6546.04609242
1084.97344462 6546.04609242
1085.56868446 6546.04609242
1086.16392429 6546.04609242
1086.75916413 6546.04609242
1087.35440396 6546.04609242
1087.9496438 6546.04609242
1088.54488363 6546.04609242
1089.14012347 6546.04609242
1089.7353633 6546.04609242
1090.33060313 6546.04609242
1090.92584297 6546.04609242
1091.5210828 6546.04609242
1092.11632264 6546.04609242
1092.71156247 6546.04609242
1093.30680231 6546.04609242
1093.90204214 6546.04609242
1094.49728198 6546.04609242
1095.09252181 6546.04609242
1095.68776164 6546.04609242
1096.28300148 6546.04609242
1096.87824131 6546.04609242
1097.47348115 6546.04609242
1098.06872098 6546.04609242
1098.66396082 6546.04609242
1099.25920065 6546.04609242
1099.85444049 6546.04609242
1100.44968032 6546.04609242
1101.04492016 6546.04609242
1101.64015999 6546.04609242
1102.23539982 6546.04609242
1102.83063966 6546.04609242
1103.42587949 6546.04609242
1104.02111933 6546.04609242
1104.61635916 6546.04609242
1105.211599 6546.04609242
1105.80683883 6546.04609242
1106.40207867 6546.04609242
1106.9973185 6546.04609242
1107.59255833 6546.04609242
1108.18779817 6546.04609242
1108.783038 6546.04609242
1109.37827784 6546.04609242
1109.97351767 6546.04609242
1110.56875751 6546.04609242
1111.16399734 6546.04609242
1111.75923718 6546.04609242
1112.35447701 6546.04609242
1112.94971684 6546.04609242
1113.54495668 6546.04609242
1114.14019651 6546.04609242
1114.73543635 6546.04609242
1115.33067618 6546.04609242
1115.92591602 6546.04609242
1116.52115585 6546.04609242
1117.11639569 6546.04609242
1117.71163552 6546.04609242
1118.30687535 6546.04609242
1118.90211519 6546.04609242
1119.49735502 6546.04609242
1120.09259486 6546.04609242
1120.68783469 6546.04609242
1121.28307453 6546.04609242
1121.87831436 6546.04609242
1122.4735542 6546.04609242
1123.06879403 6546.04609242
1123.66403387 6546.04609242
1124.2592737 6546.04609242
1124.85451353 6546.04609242
1125.44975337 6546.04609242
1126.0449932 6546.04609242
1126.64023304 6546.04609242
1127.23547287 6546.04609242
1127.83071271 6546.04609242
1128.42595254 6546.04609242
1129.02119238 6546.04609242
1129.61643221 6546.04609242
1130.21167204 6546.04609242
1130.80691188 6546.04609242
1131.40215171 6546.04609242
1131.99739155 6546.04609242
1132.59263138 6546.04609242
1133.18787122 6546.04609242
1133.78311105 6546.04609242
1134.37835089 6546.04609242
1134.97359072 6546.04609242
1135.56883055 6546.04609242
1136.16407039 6546.04609242
1136.75931022 6546.04609242
1137.35455006 6546.04609242
1137.94978989 6546.04609242
1138.54502973 6546.04609242
1139.14026956 6546.04609242
1139.7355094 6546.04609242
1140.33074923 6546.04609242
1140.92598906 6546.04609242
1141.5212289 6546.04609242
1142.11646873 6546.04609242
1142.71170857 6546.04609242
1143.3069484 6546.04609242
1143.90218824 6546.04609242
1144.49742807 6546.04609242
1145.09266791 6546.04609242
1145.68790774 6546.04609242
1146.28314758 6546.04609242
1146.87838741 6546.04609242
1147.47362724 6546.04609242
1148.06886708 6546.04609242
1148.66410691 6546.04609242
1149.25934675 6546.04609242
1149.85458658 6546.04609242
1150.44982642 6546.04609242
1151.04506625 6546.04609242
1151.64030609 6546.04609242
1152.23554592 6546.04609242
1152.83078575 6546.04609242
1153.42602559 6546.04609242
1154.02126542 6546.04609242
1154.61650526 6546.04609242
1155.21174509 6546.04609242
1155.80698493 6546.04609242
1156.40222476 6546.04609242
1156.9974646 6546.04609242
1157.59270443 6546.04609242
1158.18794426 6546.04609242
1158.7831841 6546.04609242
1159.37842393 6546.04609242
1159.97366377 6546.04609242
1160.5689036 6546.04609242
1161.16414344 6546.04609242
1161.75938327 6546.04609242
1162.35462311 6546.04609242
1162.94986294 6546.04609242
1163.54510277 6546.04609242
1164.14034261 6546.04609242
1164.73558244 6546.04609242
1165.33082228 6546.04609242
1165.92606211 6546.04609242
1166.52130195 6546.04609242
1167.11654178 6546.04609242
1167.71178162 6546.04609242
1168.30702145 6546.04609242
1168.90226129 6546.04609242
1169.49750112 6546.04609242
1170.09274095 6546.04609242
1170.68798079 6546.04609242
1171.28322062 6546.04609242
1171.87846046 6546.04609242
1172.47370029 6546.04609242
1173.06894013 6546.04609242
1173.66417996 6546.04609242
1174.2594198 6546.04609242
1174.85465963 6546.04609242
1175.44989946 6546.04609242
1176.0451393 6546.04609242
1176.64037913 6546.04609242
1177.23561897 6546.04609242
1177.8308588 6546.04609242
1178.42609864 6546.04609242
1179.02133847 6546.04609242
1179.61657831 6546.04609242
1180.21181814 6546.04609242
1180.80705797 6546.04609242
1181.40229781 6546.04609242
1181.99753764 6546.04609242
1182.59277748 6546.04609242
1183.18801731 6546.04609242
1183.78325715 6546.04609242
1184.37849698 6546.04609242
1184.97373682 6546.04609242
1185.56897665 6546.04609242
1186.16421648 6546.04609242
1186.75945632 6546.04609242
1187.35469615 6546.04609242
1187.94993599 6546.04609242
1188.54517582 6546.04609242
1189.14041566 6546.04609242
1189.73565549 6546.04609242
1190.33089533 6546.04609242
1190.92613516 6546.04609242
1191.521375 6546.04609242
1192.11661483 6546.04609242
1192.71185466 6546.04609242
1193.3070945 6546.04609242
1193.90233433 6546.04609242
1194.49757417 6546.04609242
1195.092814 6546.04609242
1195.68805384 6546.04609242
1196.28329367 6546.04609242
1196.87853351 6546.04609242
1197.47377334 6546.04609242
1198.06901317 6546.04609242
1198.66425301 6546.04609242
1199.25949284 6546.04609242
1199.85473268 6546.04609242
1200.44997251 6546.04609242
1201.04521235 6546.04609242
1201.64045218 6546.04609242
1202.23569202 6546.04609242
1202.83093185 6546.04609242
1203.42617168 6546.04609242
1204.02141152 6546.04609242
1204.61665135 6546.04609242
1205.21189119 6546.04609242
1205.80713102 6546.04609242
1206.40237086 6546.04609242
1206.99761069 6546.04609242
1207.59285053 6546.04609242
1208.18809036 6546.04609242
1208.78333019 6546.04609242
1209.37857003 6546.04609242
1209.97380986 6546.04609242
1210.5690497 6546.04609242
1211.16428953 6546.04609242
1211.75952937 6546.04609242
1212.3547692 6546.04609242
1212.95000904 6546.04609242
1213.54524887 6546.04609242
1214.14048871 6546.04609242
1214.73572854 6546.04609242
1215.33096837 6546.04609242
1215.92620821 6546.04609242
1216.52144804 6546.04609242
1217.11668788 6546.04609242
1217.71192771 6546.04609242
1218.30716755 6546.04609242
1218.90240738 6546.04609242
