0.446466215283 4870.34078811
1.04170604976 4870.34078811
1.63694588423 4870.34078811
2.2321857187 4870.34078811
2.82742555317 4870.34078811
3.42266538765 4870.34078811
4.01790522212 4870.34078811
4.61314505659 4870.34078811
5.20838489106 4870.34078811
5.80362472554 4870.34078811
6.39886456001 4870.34078811
6.99410439448 4870.34078811
7.58934422895 4870.34078811
8.18458406343 4870.34078811
8.7798238979 4870.34078811
9.37506373237 4870.34078811
9.97030356685 4870.34078811
10.5655434013 4870.34078811
11.1607832358 4870.34078811
11.7560230703 4870.34078811
12.3512629047 4870.34078811
12.9465027392 4870.34078811
13.5417425737 4870.34078811
14.1369824082 4870.34078811
14.7322222426 4870.34078811
15.3274620771 4870.34078811
15.9227019116 4870.34078811
16.517941746 4870.34078811
17.1131815805 4870.34078811
17.708421415 4870.34078811
18.3036612495 4870.34078811
18.8989010839 4870.34078811
19.4941409184 4870.34078811
20.0893807529 4870.34078811
20.6846205874 4870.34078811
21.2798604218 4870.34078811
21.8751002563 4870.34078811
22.4703400908 4870.34078811
23.0655799252 4870.34078811
23.6608197597 4870.34078811
24.2560595942 4870.34078811
24.8512994287 4870.34078811
25.4465392631 4870.34078811
26.0417790976 4870.34078811
26.6370189321 4870.34078811
27.2322587666 4870.34078811
27.827498601 4870.34078811
28.4227384355 4870.34078811
29.01797827 4870.34078811
29.6132181044 4870.34078811
30.2084579389 4870.34078811
30.8036977734 4870.34078811
31.3989376079 4870.34078811
31.9941774423 4870.34078811
32.5894172768 4870.34078811
33.1846571113 4870.34078811
33.7798969458 4870.34078811
34.3751367802 4870.34078811
34.9703766147 4870.34078811
35.5656164492 4870.34078811
36.1608562836 4870.34078811
36.7560961181 4870.34078811
37.3513359526 4870.34078811
37.9465757871 4870.34078811
38.5418156215 4870.34078811
39.137055456 4870.34078811
39.7322952905 4870.34078811
40.327535125 4870.34078811
40.9227749594 4870.34078811
41.5180147939 4870.34078811
42.1132546284 4870.34078811
42.7084944628 4870.34078811
43.3037342973 4870.34078811
43.8989741318 4870.34078811
44.4942139663 4870.34078811
45.0894538007 4870.34078811
45.6846936352 4870.34078811
46.2799334697 4870.34078811
46.8751733041 4870.34078811
47.4704131386 4870.34078811
48.0656529731 4870.34078811
48.6608928076 4870.34078811
49.256132642 4870.34078811
49.8513724765 4870.34078811
50.446612311 4870.34078811
51.0418521455 4870.34078811
51.6370919799 4870.34078811
52.2323318144 4870.34078811
52.8275716489 4870.34078811
53.4228114833 4870.34078811
54.0180513178 4870.34078811
54.6132911523 4870.34078811
55.2085309868 4870.34078811
55.8037708212 4870.34078811
56.3990106557 4870.34078811
56.9942504902 4870.34078811
57.5894903247 4870.34078811
58.1847301591 4870.34078811
58.7799699936 4870.34078811
59.3752098281 4870.34078811
59.9704496625 4870.34078811
60.565689497 4870.34078811
61.1609293315 4870.34078811
61.756169166 4870.34078811
62.3514090004 4870.34078811
62.9466488349 4870.34078811
63.5418886694 4870.34078811
64.1371285039 4870.34078811
64.7323683383 4870.34078811
65.3276081728 4870.34078811
65.9228480073 4870.34078811
66.5180878417 4870.34078811
67.1133276762 4870.34078811
67.7085675107 4870.34078811
68.3038073452 4870.34078811
68.8990471796 4870.34078811
69.4942870141 4870.34078811
70.0895268486 4870.34078811
70.6847666831 4870.34078811
71.2800065175 4870.34078811
71.875246352 4870.34078811
72.4704861865 4870.34078811
73.0657260209 4870.34078811
73.6609658554 4870.34078811
74.2562056899 4870.34078811
74.8514455244 4870.34078811
75.4466853588 4870.34078811
76.0419251933 4870.34078811
76.6371650278 4870.34078811
77.2324048623 4870.34078811
77.8276446967 4870.34078811
78.4228845312 4870.34078811
79.0181243657 4870.34078811
79.6133642001 4870.34078811
80.2086040346 4870.34078811
80.8038438691 4870.34078811
81.3990837036 4870.34078811
81.994323538 4870.34078811
82.5895633725 4870.34078811
83.184803207 4870.34078811
83.7800430415 4870.34078811
84.3752828759 4870.34078811
84.9705227104 4870.34078811
85.5657625449 4870.34078811
86.1610023793 4870.34078811
86.7562422138 4870.34078811
87.3514820483 4870.34078811
87.9467218828 4870.34078811
88.5419617172 4870.34078811
89.1372015517 4870.34078811
89.7324413862 4870.34078811
90.3276812207 4870.34078811
90.9229210551 4870.34078811
91.5181608896 4870.34078811
92.1134007241 4870.34078811
92.7086405585 4870.34078811
93.303880393 4870.34078811
93.8991202275 4870.34078811
94.494360062 4870.34078811
95.0895998964 4870.34078811
95.6848397309 4870.34078811
96.2800795654 4870.34078811
96.8753193999 4870.34078811
97.4705592343 4870.34078811
98.0657990688 4870.34078811
98.6610389033 4870.34078811
99.2562787377 4870.34078811
99.8515185722 4870.34078811
100.446758407 4870.34078811
101.041998241 4870.34078811
101.637238076 4870.34078811
102.23247791 4870.34078811
102.827717745 4870.34078811
103.422957579 4870.34078811
104.018197414 4870.34078811
104.613437248 4870.34078811
105.208677082 4870.34078811
105.803916917 4870.34078811
106.399156751 4870.34078811
106.994396586 4870.34078811
107.58963642 4870.34078811
108.184876255 4870.34078811
108.780116089 4870.34078811
109.375355924 4870.34078811
109.970595758 4870.34078811
110.565835593 4870.34078811
111.161075427 4870.34078811
111.756315262 4870.34078811
112.351555096 4870.34078811
112.946794931 4870.34078811
113.542034765 4870.34078811
114.1372746 4870.34078811
114.732514434 4870.34078811
115.327754269 4870.34078811
115.922994103 4870.34078811
116.518233937 4870.34078811
117.113473772 4870.34078811
117.708713606 4870.34078811
118.303953441 4870.34078811
118.899193275 4870.34078811
119.49443311 4870.34078811
120.089672944 4870.34078811
120.684912779 4870.34078811
121.280152613 4870.34078811
121.875392448 4870.34078811
122.470632282 4870.34078811
123.065872117 4870.34078811
123.661111951 4870.34078811
124.256351786 4870.34078811
124.85159162 4870.34078811
125.446831455 4870.34078811
126.042071289 4870.34078811
126.637311123 4870.34078811
127.232550958 4870.34078811
127.827790792 4870.34078811
128.423030627 4870.34078811
129.018270461 4870.34078811
129.613510296 4870.34078811
130.20875013 4870.34078811
130.803989965 4870.34078811
131.399229799 4870.34078811
131.994469634 4870.34078811
132.589709468 4870.34078811
133.184949303 4870.34078811
133.780189137 4870.34078811
134.375428972 4870.34078811
134.970668806 4870.34078811
135.565908641 4870.34078811
136.161148475 4870.34078811
136.75638831 4870.34078811
137.351628144 4870.34078811
137.946867978 4870.34078811
138.542107813 4870.34078811
139.137347647 4870.34078811
139.732587482 4870.34078811
140.327827316 4870.34078811
140.923067151 4870.34078811
141.518306985 4870.34078811
142.11354682 4870.34078811
142.708786654 4870.34078811
143.304026489 4870.34078811
143.899266323 4870.34078811
144.494506158 4870.34078811
145.089745992 4870.34078811
145.684985827 4870.34078811
146.280225661 4870.34078811
146.875465496 4870.34078811
147.47070533 4870.34078811
148.065945165 4870.34078811
148.661184999 4870.34078811
149.256424833 4870.34078811
149.851664668 4870.34078811
150.446904502 4870.34078811
151.042144337 4870.34078811
151.637384171 4870.34078811
152.232624006 4870.34078811
152.82786384 4870.34078811
153.423103675 4870.34078811
154.018343509 4870.34078811
154.613583344 4870.34078811
155.208823178 4870.34078811
155.804063013 4870.34078811
156.399302847 4870.34078811
156.994542682 4870.34078811
157.589782516 4870.34078811
158.185022351 4870.34078811
158.780262185 4870.34078811
159.375502019 4870.34078811
159.970741854 4870.34078811
160.565981688 4870.34078811
161.161221523 4870.34078811
161.756461357 4870.34078811
162.351701192 4870.34078811
162.946941026 4870.34078811
163.542180861 4870.34078811
164.137420695 4870.34078811
164.73266053 4870.34078811
165.327900364 4870.34078811
165.923140199 4870.34078811
166.518380033 4870.34078811
167.113619868 4870.34078811
167.708859702 4870.34078811
168.304099537 4870.34078811
168.899339371 4870.34078811
169.494579206 4870.34078811
170.08981904 4870.34078811
170.685058874 4870.34078811
171.280298709 4870.34078811
171.875538543 4870.34078811
172.470778378 4870.34078811
173.066018212 4870.34078811
173.661258047 4870.34078811
174.256497881 4870.34078811
174.851737716 4870.34078811
175.44697755 4870.34078811
176.042217385 4870.34078811
176.637457219 4870.34078811
177.232697054 4870.34078811
177.827936888 4870.34078811
178.423176723 4870.34078811
179.018416557 4870.34078811
179.613656392 4870.34078811
180.208896226 4870.34078811
180.80413606 4870.34078811
181.399375895 4870.34078811
181.994615729 4870.34078811
182.589855564 4870.34078811
183.185095398 4870.34078811
183.780335233 4870.34078811
184.375575067 4870.34078811
184.970814902 4870.34078811
185.566054736 4870.34078811
186.161294571 4870.34078811
186.756534405 4870.34078811
187.35177424 4870.34078811
187.947014074 4870.34078811
188.542253909 4870.34078811
189.137493743 4870.34078811
189.732733578 4870.34078811
190.327973412 4870.34078811
190.923213247 4870.34078811
191.518453081 4870.34078811
192.113692915 4870.34078811
192.70893275 4870.34078811
193.304172584 4870.34078811
193.899412419 4870.34078811
194.494652253 4870.34078811
195.089892088 4870.34078811
195.685131922 4870.34078811
196.280371757 4870.34078811
196.875611591 4870.34078811
197.470851426 4870.34078811
198.06609126 4870.34078811
198.661331095 4870.34078811
199.256570929 4870.34078811
199.851810764 4870.34078811
200.447050598 4870.34078811
201.042290433 4870.34078811
201.637530267 4870.34078811
202.232770102 4870.34078811
202.828009936 4870.34078811
203.42324977 4870.34078811
204.018489605 4870.34078811
204.613729439 4870.34078811
205.208969274 4870.34078811
205.804209108 4870.34078811
206.399448943 4870.34078811
206.994688777 4870.34078811
207.589928612 4870.34078811
208.185168446 4870.34078811
208.780408281 4870.34078811
209.375648115 4870.34078811
209.97088795 4870.34078811
210.566127784 4870.34078811
211.161367619 4870.34078811
211.756607453 4870.34078811
212.351847288 4870.34078811
212.947087122 4870.34078811
213.542326956 4870.34078811
214.137566791 4870.34078811
214.732806625 4870.34078811
215.32804646 4870.34078811
215.923286294 4870.34078811
216.518526129 4870.34078811
217.113765963 4870.34078811
217.709005798 4870.34078811
218.304245632 4870.34078811
218.899485467 4870.34078811
219.494725301 4870.34078811
220.089965136 4870.34078811
220.68520497 4870.34078811
221.280444805 4870.34078811
221.875684639 4870.34078811
222.470924474 4870.34078811
223.066164308 4870.34078811
223.661404143 4870.34078811
224.256643977 4870.34078811
224.851883811 4870.34078811
225.447123646 4870.34078811
226.04236348 4870.34078811
226.637603315 4870.34078811
227.232843149 4870.34078811
227.828082984 4870.34078811
228.423322818 4870.34078811
229.018562653 4870.34078811
229.613802487 4870.34078811
230.209042322 4870.34078811
230.804282156 4870.34078811
231.399521991 4870.34078811
231.994761825 4870.34078811
232.59000166 4870.34078811
233.185241494 4870.34078811
233.780481329 4870.34078811
234.375721163 4870.34078811
234.970960998 4870.34078811
235.566200832 4870.34078811
236.161440666 4870.34078811
236.756680501 4870.34078811
237.351920335 4870.34078811
237.94716017 4870.34078811
238.542400004 4870.34078811
239.137639839 4870.34078811
239.732879673 4870.34078811
240.328119508 4870.34078811
240.923359342 4870.34078811
241.518599177 4870.34078811
242.113839011 4870.34078811
242.709078846 4870.34078811
243.30431868 4870.34078811
243.899558515 4870.34078811
244.494798349 4870.34078811
245.090038184 4870.34078811
245.685278018 4870.34078811
246.280517852 4870.34078811
246.875757687 4870.34078811
247.470997521 4870.34078811
248.066237356 4870.34078811
248.66147719 4870.34078811
249.256717025 4870.34078811
249.851956859 4870.34078811
250.447196694 4870.34078811
251.042436528 4870.34078811
251.637676363 4870.34078811
252.232916197 4870.34078811
252.828156032 4870.34078811
253.423395866 4870.34078811
254.018635701 4870.34078811
254.613875535 4870.34078811
255.20911537 4870.34078811
255.804355204 4870.34078811
256.399595039 4870.34078811
256.994834873 4870.34078811
257.590074707 4870.34078811
258.185314542 4870.34078811
258.780554376 4870.34078811
259.375794211 4870.34078811
259.971034045 4870.34078811
260.56627388 4870.34078811
261.161513714 4870.34078811
261.756753549 4870.34078811
262.351993383 4870.34078811
262.947233218 4870.34078811
263.542473052 4870.34078811
264.137712887 4870.34078811
264.732952721 4870.34078811
265.328192556 4870.34078811
265.92343239 4870.34078811
266.518672225 4870.34078811
267.113912059 4870.34078811
267.709151894 4870.34078811
268.304391728 4870.34078811
268.899631562 4870.34078811
269.494871397 4870.34078811
270.090111231 4870.34078811
270.685351066 4870.34078811
271.2805909 4870.34078811
271.875830735 4870.34078811
272.471070569 4870.34078811
273.066310404 4870.34078811
273.661550238 4870.34078811
274.256790073 4870.34078811
274.852029907 4870.34078811
275.447269742 4870.34078811
276.042509576 4870.34078811
276.637749411 4870.34078811
277.232989245 4870.34078811
277.82822908 4870.34078811
278.423468914 4870.34078811
279.018708748 4870.34078811
279.613948583 4870.34078811
280.209188417 4870.34078811
280.804428252 4870.34078811
281.399668086 4870.34078811
281.994907921 4870.34078811
282.590147755 4870.34078811
283.18538759 4870.34078811
283.780627424 4870.34078811
284.375867259 4870.34078811
284.971107093 4870.34078811
285.566346928 4870.34078811
286.161586762 4870.34078811
286.756826597 4870.34078811
287.352066431 4870.34078811
287.947306266 4870.34078811
288.5425461 4870.34078811
289.137785935 4870.34078811
289.733025769 4870.34078811
290.328265603 4870.34078811
290.923505438 4870.34078811
291.518745272 4870.34078811
292.113985107 4870.34078811
292.709224941 4870.34078811
293.304464776 4870.34078811
293.89970461 4870.34078811
294.494944445 4870.34078811
295.090184279 4870.34078811
295.685424114 4870.34078811
296.280663948 4870.34078811
296.875903783 4870.34078811
297.471143617 4870.34078811
298.066383452 4870.34078811
298.661623286 4870.34078811
299.256863121 4870.34078811
299.852102955 4870.34078811
300.44734279 4870.34078811
301.042582624 4870.34078811
301.637822458 4870.34078811
302.233062293 4870.34078811
302.828302127 4870.34078811
303.423541962 4870.34078811
304.018781796 4870.34078811
304.614021631 4870.34078811
305.209261465 4664.89008721
305.8045013 4664.89008721
306.399741134 4664.89008721
306.994980969 4664.89008721
307.590220803 4664.89008721
308.185460638 4664.89008721
308.780700472 4664.89008721
309.375940307 4664.89008721
309.971180141 4664.89008721
310.566419976 4664.89008721
311.16165981 4664.89008721
311.756899644 4664.89008721
312.352139479 4664.89008721
312.947379313 4664.89008721
313.542619148 4664.89008721
314.137858982 4664.89008721
314.733098817 4664.89008721
315.328338651 4664.89008721
315.923578486 4664.89008721
316.51881832 4664.89008721
317.114058155 4664.89008721
317.709297989 4664.89008721
318.304537824 4664.89008721
318.899777658 4664.89008721
319.495017493 4664.89008721
320.090257327 4664.89008721
320.685497162 4664.89008721
321.280736996 4664.89008721
321.875976831 4664.89008721
322.471216665 4664.89008721
323.066456499 4664.89008721
323.661696334 4664.89008721
324.256936168 4664.89008721
324.852176003 4664.89008721
325.447415837 4664.89008721
326.042655672 4664.89008721
326.637895506 4664.89008721
327.233135341 4664.89008721
327.828375175 4664.89008721
328.42361501 4664.89008721
329.018854844 4664.89008721
329.614094679 4664.89008721
330.209334513 4664.89008721
330.804574348 4664.89008721
331.399814182 4664.89008721
331.995054017 4664.89008721
332.590293851 4664.89008721
333.185533685 4664.89008721
333.78077352 4664.89008721
334.376013354 4664.89008721
334.971253189 4664.89008721
335.566493023 4664.89008721
336.161732858 4664.89008721
336.756972692 4664.89008721
337.352212527 4664.89008721
337.947452361 4664.89008721
338.542692196 4664.89008721
339.13793203 4664.89008721
339.733171865 4664.89008721
340.328411699 4664.89008721
340.923651534 4664.89008721
341.518891368 4664.89008721
342.114131203 4664.89008721
342.709371037 4664.89008721
343.304610872 4664.89008721
343.899850706 4664.89008721
344.49509054 4664.89008721
345.090330375 4664.89008721
345.685570209 4664.89008721
346.280810044 4664.89008721
346.876049878 4664.89008721
347.471289713 4664.89008721
348.066529547 4664.89008721
348.661769382 4664.89008721
349.257009216 4664.89008721
349.852249051 4664.89008721
350.447488885 4664.89008721
351.04272872 4664.89008721
351.637968554 4664.89008721
352.233208389 4664.89008721
352.828448223 4664.89008721
353.423688058 4664.89008721
354.018927892 4664.89008721
354.614167727 4664.89008721
355.209407561 4664.89008721
355.804647395 4664.89008721
356.39988723 4664.89008721
356.995127064 4664.89008721
357.590366899 4664.89008721
358.185606733 4664.89008721
358.780846568 4664.89008721
359.376086402 4664.89008721
359.971326237 4664.89008721
360.566566071 4664.89008721
361.161805906 4664.89008721
361.75704574 4664.89008721
362.352285575 4664.89008721
362.947525409 4664.89008721
363.542765244 4664.89008721
364.138005078 4664.89008721
364.733244913 4664.89008721
365.328484747 4664.89008721
365.923724581 4664.89008721
366.518964416 4664.89008721
367.11420425 4664.89008721
367.709444085 4664.89008721
368.304683919 4664.89008721
368.899923754 4664.89008721
369.495163588 4664.89008721
370.090403423 4664.89008721
370.685643257 4664.89008721
371.280883092 4664.89008721
371.876122926 4664.89008721
372.471362761 4664.89008721
373.066602595 4664.89008721
373.66184243 4664.89008721
374.257082264 4664.89008721
374.852322099 4664.89008721
375.447561933 4664.89008721
376.042801768 4664.89008721
376.638041602 4664.89008721
377.233281436 4664.89008721
377.828521271 4664.89008721
378.423761105 4664.89008721
379.01900094 4664.89008721
379.614240774 4664.89008721
380.209480609 4664.89008721
380.804720443 4664.89008721
381.399960278 4664.89008721
381.995200112 4664.89008721
382.590439947 4664.89008721
383.185679781 4664.89008721
383.780919616 4664.89008721
384.37615945 4664.89008721
384.971399285 4664.89008721
385.566639119 4664.89008721
386.161878954 4664.89008721
386.757118788 4664.89008721
387.352358623 4664.89008721
387.947598457 4664.89008721
388.542838291 4664.89008721
389.138078126 4664.89008721
389.73331796 4664.89008721
390.328557795 4664.89008721
390.923797629 4664.89008721
391.519037464 4664.89008721
392.114277298 4664.89008721
392.709517133 4664.89008721
393.304756967 4664.89008721
393.899996802 4664.89008721
394.495236636 4664.89008721
395.090476471 4664.89008721
395.685716305 4664.89008721
396.28095614 4664.89008721
396.876195974 4664.89008721
397.471435809 4664.89008721
398.066675643 4664.89008721
398.661915477 4664.89008721
399.257155312 4664.89008721
399.852395146 4664.89008721
400.447634981 4664.89008721
401.042874815 4664.89008721
401.63811465 4664.89008721
402.233354484 4664.89008721
402.828594319 4664.89008721
403.423834153 4664.89008721
404.019073988 4664.89008721
404.614313822 4664.89008721
405.209553657 4664.89008721
405.804793491 4664.89008721
406.400033326 4664.89008721
406.99527316 4664.89008721
407.590512995 4664.89008721
408.185752829 4664.89008721
408.780992664 4664.89008721
409.376232498 4664.89008721
409.971472332 4664.89008721
410.566712167 4664.89008721
411.161952001 4664.89008721
411.757191836 4664.89008721
412.35243167 4664.89008721
412.947671505 4664.89008721
413.542911339 4664.89008721
414.138151174 4664.89008721
414.733391008 4664.89008721
415.328630843 4664.89008721
415.923870677 4664.89008721
416.519110512 4664.89008721
417.114350346 4664.89008721
417.709590181 4664.89008721
418.304830015 4664.89008721
418.90006985 4664.89008721
419.495309684 4664.89008721
420.090549519 4664.89008721
420.685789353 4664.89008721
421.281029187 4664.89008721
421.876269022 4664.89008721
422.471508856 4664.89008721
423.066748691 4664.89008721
423.661988525 4664.89008721
424.25722836 4664.89008721
424.852468194 4664.89008721
425.447708029 4664.89008721
426.042947863 4664.89008721
426.638187698 4664.89008721
427.233427532 4664.89008721
427.828667367 4664.89008721
428.423907201 4664.89008721
429.019147036 4664.89008721
429.61438687 4664.89008721
430.209626705 4664.89008721
430.804866539 4664.89008721
431.400106373 4664.89008721
431.995346208 4664.89008721
432.590586042 4664.89008721
433.185825877 4664.89008721
433.781065711 4664.89008721
434.376305546 4664.89008721
434.97154538 4664.89008721
435.566785215 4664.89008721
436.162025049 4664.89008721
436.757264884 4664.89008721
437.352504718 4664.89008721
437.947744553 4664.89008721
438.542984387 4664.89008721
439.138224222 4664.89008721
439.733464056 4664.89008721
440.328703891 4664.89008721
440.923943725 4664.89008721
441.51918356 4664.89008721
442.114423394 4664.89008721
442.709663228 4664.89008721
443.304903063 4664.89008721
443.900142897 4664.89008721
444.495382732 4664.89008721
445.090622566 4664.89008721
445.685862401 4664.89008721
446.281102235 4664.89008721
446.87634207 4664.89008721
447.471581904 4664.89008721
448.066821739 4664.89008721
448.662061573 4664.89008721
449.257301408 4664.89008721
449.852541242 4664.89008721
450.447781077 4664.89008721
451.043020911 4664.89008721
451.638260746 4664.89008721
452.23350058 4664.89008721
452.828740415 4664.89008721
453.423980249 4664.89008721
454.019220083 4664.89008721
454.614459918 4664.89008721
455.209699752 4664.89008721
455.804939587 4664.89008721
456.400179421 4664.89008721
456.995419256 4664.89008721
457.59065909 4493.92360508
458.185898925 4493.92360508
458.781138759 4493.92360508
459.376378594 4493.92360508
459.971618428 4493.92360508
460.566858263 4493.92360508
461.162098097 4493.92360508
461.757337932 4493.92360508
462.352577766 4493.92360508
462.947817601 4493.92360508
463.543057435 4493.92360508
464.138297269 4493.92360508
464.733537104 4493.92360508
465.328776938 4493.92360508
465.924016773 4493.92360508
466.519256607 4493.92360508
467.114496442 4493.92360508
467.709736276 4493.92360508
468.304976111 4493.92360508
468.900215945 4493.92360508
469.49545578 4493.92360508
470.090695614 4493.92360508
470.685935449 4493.92360508
471.281175283 4493.92360508
471.876415118 4493.92360508
472.471654952 4493.92360508
473.066894787 4493.92360508
473.662134621 4493.92360508
474.257374456 4493.92360508
474.85261429 4493.92360508
475.447854124 4493.92360508
476.043093959 4493.92360508
476.638333793 4493.92360508
477.233573628 4493.92360508
477.828813462 4493.92360508
478.424053297 4493.92360508
479.019293131 4493.92360508
479.614532966 4493.92360508
480.2097728 4493.92360508
480.805012635 4493.92360508
481.400252469 4493.92360508
481.995492304 4493.92360508
482.590732138 4493.92360508
483.185971973 4493.92360508
483.781211807 4493.92360508
484.376451642 4493.92360508
484.971691476 4493.92360508
485.56693131 4493.92360508
486.162171145 4493.92360508
486.757410979 4493.92360508
487.352650814 4493.92360508
487.947890648 4493.92360508
488.543130483 4493.92360508
489.138370317 4493.92360508
489.733610152 4493.92360508
490.328849986 4493.92360508
490.924089821 4493.92360508
491.519329655 4493.92360508
492.11456949 4493.92360508
492.709809324 4493.92360508
493.305049159 4493.92360508
493.900288993 4493.92360508
494.495528828 4493.92360508
495.090768662 4493.92360508
495.686008497 4493.92360508
496.281248331 4493.92360508
496.876488165 4493.92360508
497.471728 4493.92360508
498.066967834 4493.92360508
498.662207669 4493.92360508
499.257447503 4493.92360508
499.852687338 4493.92360508
500.447927172 4493.92360508
501.043167007 4493.92360508
501.638406841 4493.92360508
502.233646676 4493.92360508
502.82888651 4493.92360508
503.424126345 4493.92360508
504.019366179 4493.92360508
504.614606014 4493.92360508
505.209845848 4493.92360508
505.805085683 4493.92360508
506.400325517 4493.92360508
506.995565352 4493.92360508
507.590805186 4493.92360508
508.18604502 4493.92360508
508.781284855 4493.92360508
509.376524689 4493.92360508
509.971764524 4493.92360508
510.567004358 4493.92360508
511.162244193 4493.92360508
511.757484027 4493.92360508
512.352723862 4493.92360508
512.947963696 4493.92360508
513.543203531 4493.92360508
514.138443365 4493.92360508
514.7336832 4493.92360508
515.328923034 4493.92360508
515.924162869 4493.92360508
516.519402703 4493.92360508
517.114642538 4493.92360508
517.709882372 4493.92360508
518.305122206 4493.92360508
518.900362041 4493.92360508
519.495601875 4493.92360508
520.09084171 4493.92360508
520.686081544 4493.92360508
521.281321379 4493.92360508
521.876561213 4493.92360508
522.471801048 4493.92360508
523.067040882 4493.92360508
523.662280717 4493.92360508
524.257520551 4493.92360508
524.852760386 4493.92360508
525.44800022 4493.92360508
526.043240055 4493.92360508
526.638479889 4493.92360508
527.233719724 4493.92360508
527.828959558 4493.92360508
528.424199393 4493.92360508
529.019439227 4493.92360508
529.614679061 4493.92360508
530.209918896 4493.92360508
530.80515873 4493.92360508
531.400398565 4493.92360508
531.995638399 4493.92360508
532.590878234 4493.92360508
533.186118068 4493.92360508
533.781357903 4835.85656934
534.376597737 4835.85656934
534.971837572 4835.85656934
535.567077406 4835.85656934
536.162317241 4835.85656934
536.757557075 4835.85656934
537.35279691 4835.85656934
537.948036744 4835.85656934
538.543276579 4835.85656934
539.138516413 4835.85656934
539.733756248 4835.85656934
540.328996082 4835.85656934
540.924235916 4835.85656934
541.519475751 4835.85656934
542.114715585 4835.85656934
542.70995542 4835.85656934
543.305195254 4835.85656934
543.900435089 4835.85656934
544.495674923 4835.85656934
545.090914758 4835.85656934
545.686154592 4835.85656934
546.281394427 4835.85656934
546.876634261 4835.85656934
547.471874096 4835.85656934
548.06711393 4835.85656934
548.662353765 4835.85656934
549.257593599 4835.85656934
549.852833434 4835.85656934
550.448073268 4835.85656934
551.043313102 4835.85656934
551.638552937 4835.85656934
552.233792771 4835.85656934
552.829032606 4835.85656934
553.42427244 4835.85656934
554.019512275 4835.85656934
554.614752109 4835.85656934
555.209991944 4835.85656934
555.805231778 4835.85656934
556.400471613 4835.85656934
556.995711447 4835.85656934
557.590951282 4835.85656934
558.186191116 4835.85656934
558.781430951 4835.85656934
559.376670785 4835.85656934
559.97191062 4835.85656934
560.567150454 4835.85656934
561.162390289 4835.85656934
561.757630123 4835.85656934
562.352869957 4835.85656934
562.948109792 4835.85656934
563.543349626 4835.85656934
564.138589461 4835.85656934
564.733829295 4835.85656934
565.32906913 4835.85656934
565.924308964 4835.85656934
566.519548799 4835.85656934
567.114788633 4835.85656934
567.710028468 4835.85656934
568.305268302 4835.85656934
568.900508137 4835.85656934
569.495747971 4835.85656934
570.090987806 4835.85656934
570.68622764 4835.85656934
571.281467475 4835.85656934
571.876707309 4835.85656934
572.471947144 4835.85656934
573.067186978 4835.85656934
573.662426812 4835.85656934
574.257666647 4835.85656934
574.852906481 4835.85656934
575.448146316 4835.85656934
576.04338615 4835.85656934
576.638625985 4835.85656934
577.233865819 4835.85656934
577.829105654 4835.85656934
578.424345488 4835.85656934
579.019585323 4835.85656934
579.614825157 4835.85656934
580.210064992 4835.85656934
580.805304826 4835.85656934
581.400544661 4835.85656934
581.995784495 4835.85656934
582.59102433 4835.85656934
583.186264164 4835.85656934
583.781503998 4835.85656934
584.376743833 4835.85656934
584.971983667 4835.85656934
585.567223502 4835.85656934
586.162463336 4835.85656934
586.757703171 4835.85656934
587.352943005 4835.85656934
587.94818284 4835.85656934
588.543422674 4835.85656934
589.138662509 4835.85656934
589.733902343 4835.85656934
590.329142178 4835.85656934
590.924382012 4835.85656934
591.519621847 4835.85656934
592.114861681 4835.85656934
592.710101516 4835.85656934
593.30534135 4835.85656934
593.900581185 4835.85656934
594.495821019 4835.85656934
595.091060853 4835.85656934
595.686300688 4835.85656934
596.281540522 4835.85656934
596.876780357 4835.85656934
597.472020191 4835.85656934
598.067260026 4835.85656934
598.66249986 4835.85656934
599.257739695 4835.85656934
599.852979529 4835.85656934
600.448219364 4835.85656934
601.043459198 4835.85656934
601.638699033 4835.85656934
602.233938867 4835.85656934
602.829178702 4835.85656934
603.424418536 4835.85656934
604.019658371 4835.85656934
604.614898205 4835.85656934
605.21013804 4835.85656934
605.805377874 4835.85656934
606.400617708 4835.85656934
606.995857543 4835.85656934
607.591097377 4835.85656934
608.186337212 4835.85656934
608.781577046 4835.85656934
609.376816881 4835.85656934
609.972056715 2963.50801836
610.56729655 2963.50801836
611.162536384 2963.50801836
611.757776219 2963.50801836
612.353016053 2963.50801836
612.948255888 2963.50801836
613.543495722 2963.50801836
614.138735557 2963.50801836
614.733975391 2963.50801836
615.329215226 2963.50801836
615.92445506 2963.50801836
616.519694894 2963.50801836
617.114934729 2963.50801836
617.710174563 2963.50801836
618.305414398 2963.50801836
618.900654232 2963.50801836
619.495894067 2963.50801836
620.091133901 2963.50801836
620.686373736 2963.50801836
621.28161357 2963.50801836
621.876853405 2963.50801836
622.472093239 2963.50801836
623.067333074 2963.50801836
623.662572908 2963.50801836
624.257812743 2963.50801836
624.853052577 2963.50801836
625.448292412 2963.50801836
626.043532246 2963.50801836
626.638772081 2963.50801836
627.234011915 2963.50801836
627.829251749 2963.50801836
628.424491584 2963.50801836
629.019731418 2963.50801836
629.614971253 2963.50801836
630.210211087 2963.50801836
630.805450922 2963.50801836
631.400690756 2963.50801836
631.995930591 2963.50801836
632.591170425 2963.50801836
633.18641026 2963.50801836
633.781650094 2963.50801836
634.376889929 2963.50801836
634.972129763 2963.50801836
635.567369598 2963.50801836
636.162609432 2963.50801836
636.757849267 2963.50801836
637.353089101 2963.50801836
637.948328935 2963.50801836
638.54356877 4177.42207892
639.138808604 4177.42207892
639.734048439 4177.42207892
640.329288273 4177.42207892
640.924528108 4177.42207892
641.519767942 4177.42207892
642.115007777 4177.42207892
642.710247611 4177.42207892
643.305487446 1749.5939578
643.90072728 1749.5939578
644.495967115 1749.5939578
645.091206949 1749.5939578
645.686446784 1749.5939578
646.281686618 1749.5939578
646.876926453 1749.5939578
647.472166287 1749.5939578
648.067406122 2963.50801836
648.662645956 2963.50801836
649.25788579 2963.50801836
649.853125625 2963.50801836
650.448365459 2963.50801836
651.043605294 2963.50801836
651.638845128 2963.50801836
652.234084963 2963.50801836
652.829324797 2963.50801836
653.424564632 2963.50801836
654.019804466 2963.50801836
654.615044301 2963.50801836
655.210284135 2963.50801836
655.80552397 2963.50801836
656.400763804 2963.50801836
656.996003639 2963.50801836
657.591243473 2963.50801836
658.186483308 2963.50801836
658.781723142 2963.50801836
659.376962977 2963.50801836
659.972202811 2963.50801836
660.567442645 2963.50801836
661.16268248 2963.50801836
661.757922314 2963.50801836
662.353162149 2963.50801836
662.948401983 2963.50801836
663.543641818 2963.50801836
664.138881652 2963.50801836
664.734121487 2963.50801836
665.329361321 2963.50801836
665.924601156 2963.50801836
666.51984099 2963.50801836
667.115080825 2963.50801836
667.710320659 2963.50801836
668.305560494 2963.50801836
668.900800328 2963.50801836
669.496040163 2963.50801836
670.091279997 2963.50801836
670.686519831 2963.50801836
671.281759666 2963.50801836
671.8769995 2963.50801836
672.472239335 2963.50801836
673.067479169 2963.50801836
673.662719004 2963.50801836
674.257958838 2963.50801836
674.853198673 2963.50801836
675.448438507 2963.50801836
676.043678342 2963.50801836
676.638918176 2963.50801836
677.234158011 2963.50801836
677.829397845 2963.50801836
678.42463768 2963.50801836
679.019877514 2963.50801836
679.615117349 2963.50801836
680.210357183 2963.50801836
680.805597018 2963.50801836
681.400836852 2963.50801836
681.996076686 2963.50801836
682.591316521 2963.50801836
683.186556355 2963.50801836
683.78179619 2963.50801836
684.377036024 2963.50801836
684.972275859 2963.50801836
685.567515693 2963.50801836
686.162755528 1575.60848348
686.757995362 1575.60848348
687.353235197 1575.60848348
687.948475031 1575.60848348
688.543714866 1575.60848348
689.1389547 1575.60848348
689.734194535 1575.60848348
690.329434369 1575.60848348
690.924674204 1575.60848348
691.519914038 1575.60848348
692.115153873 1575.60848348
692.710393707 1575.60848348
693.305633541 1575.60848348
693.900873376 1575.60848348
694.49611321 1575.60848348
695.091353045 1575.60848348
695.686592879 1575.60848348
696.281832714 1575.60848348
696.877072548 1575.60848348
697.472312383 1575.60848348
698.067552217 1575.60848348
698.662792052 1575.60848348
699.258031886 1575.60848348
699.853271721 1575.60848348
700.448511555 1575.60848348
701.04375139 1575.60848348
701.638991224 1575.60848348
702.234231059 1575.60848348
702.829470893 1575.60848348
703.424710727 1575.60848348
704.019950562 1575.60848348
704.615190396 1575.60848348
705.210430231 3328.23673008
705.805670065 3328.23673008
706.4009099 3328.23673008
706.996149734 3328.23673008
707.591389569 3328.23673008
708.186629403 3328.23673008
708.781869238 3328.23673008
709.377109072 3328.23673008
709.972348907 3328.23673008
710.567588741 3328.23673008
711.162828576 3328.23673008
711.75806841 3328.23673008
712.353308245 3328.23673008
712.948548079 3328.23673008
713.543787914 3328.23673008
714.139027748 3328.23673008
714.734267582 3328.23673008
715.329507417 3328.23673008
715.924747251 3328.23673008
716.519987086 3328.23673008
717.11522692 3328.23673008
717.710466755 3328.23673008
718.305706589 3328.23673008
718.900946424 3328.23673008
719.496186258 3328.23673008
720.091426093 3328.23673008
720.686665927 3328.23673008
721.281905762 3328.23673008
721.877145596 3328.23673008
722.472385431 3328.23673008
723.067625265 3328.23673008
723.6628651 3328.23673008
724.258104934 3475.09342994
724.853344769 3475.09342994
725.448584603 3475.09342994
726.043824437 3475.09342994
726.639064272 3475.09342994
727.234304106 3475.09342994
727.829543941 3475.09342994
728.424783775 3475.09342994
729.02002361 3475.09342994
729.615263444 3475.09342994
730.210503279 3475.09342994
730.805743113 3475.09342994
731.400982948 3475.09342994
731.996222782 3475.09342994
732.591462617 3475.09342994
733.186702451 3475.09342994
733.781942286 3475.09342994
734.37718212 3475.09342994
734.972421955 3475.09342994
735.567661789 3475.09342994
736.162901623 3475.09342994
736.758141458 3475.09342994
737.353381292 3475.09342994
737.948621127 3475.09342994
738.543860961 3475.09342994
739.139100796 3475.09342994
739.73434063 3475.09342994
740.329580465 3475.09342994
740.924820299 3475.09342994
741.520060134 3475.09342994
742.115299968 3475.09342994
742.710539803 3475.09342994
743.305779637 3475.09342994
743.901019472 3475.09342994
744.496259306 3475.09342994
745.091499141 3475.09342994
745.686738975 3475.09342994
746.28197881 3475.09342994
746.877218644 3475.09342994
747.472458478 3475.09342994
748.067698313 3475.09342994
748.662938147 3475.09342994
749.258177982 3475.09342994
749.853417816 3475.09342994
750.448657651 3475.09342994
751.043897485 3475.09342994
751.63913732 3475.09342994
752.234377154 3475.09342994
752.829616989 3475.09342994
753.424856823 3475.09342994
754.020096658 3475.09342994
754.615336492 3475.09342994
755.210576327 3475.09342994
755.805816161 3475.09342994
756.401055996 3475.09342994
756.99629583 3475.09342994
757.591535665 3475.09342994
758.186775499 3475.09342994
758.782015333 3475.09342994
759.377255168 3475.09342994
759.972495002 3475.09342994
760.567734837 3475.09342994
761.162974671 3475.09342994
761.758214506 3475.09342994
762.35345434 3028.59699551
762.948694175 3028.59699551
763.543934009 3028.59699551
764.139173844 3028.59699551
764.734413678 3028.59699551
765.329653513 3028.59699551
765.924893347 3028.59699551
766.520133182 3028.59699551
767.115373016 3028.59699551
767.710612851 3028.59699551
768.305852685 3028.59699551
768.901092519 3028.59699551
769.496332354 3028.59699551
770.091572188 3028.59699551
770.686812023 3028.59699551
771.282051857 3028.59699551
771.877291692 3028.59699551
772.472531526 3028.59699551
773.067771361 3028.59699551
773.663011195 3028.59699551
774.25825103 3028.59699551
774.853490864 3028.59699551
775.448730699 3028.59699551
776.043970533 3028.59699551
776.639210368 3028.59699551
777.234450202 3028.59699551
777.829690037 3028.59699551
778.424929871 3028.59699551
779.020169706 3028.59699551
779.61540954 3028.59699551
780.210649374 3028.59699551
780.805889209 3028.59699551
781.401129043 3028.59699551
781.996368878 3028.59699551
782.591608712 3028.59699551
783.186848547 3028.59699551
783.782088381 3028.59699551
784.377328216 3028.59699551
784.97256805 3028.59699551
785.567807885 3028.59699551
786.163047719 3028.59699551
786.758287554 3028.59699551
787.353527388 3028.59699551
787.948767223 3028.59699551
788.544007057 3028.59699551
789.139246892 3028.59699551
789.734486726 3028.59699551
790.32972656 3028.59699551
790.924966395 3028.59699551
791.520206229 3028.59699551
792.115446064 3028.59699551
792.710685898 3028.59699551
793.305925733 3028.59699551
793.901165567 3028.59699551
794.496405402 3028.59699551
795.091645236 3028.59699551
795.686885071 3028.59699551
796.282124905 3028.59699551
796.87736474 3028.59699551
797.472604574 3028.59699551
798.067844409 3028.59699551
798.663084243 3028.59699551
799.258324078 3028.59699551
799.853563912 3028.59699551
800.448803747 1930.26308942
801.044043581 1930.26308942
801.639283415 1930.26308942
802.23452325 1930.26308942
802.829763084 1930.26308942
803.425002919 1930.26308942
804.020242753 1930.26308942
804.615482588 1930.26308942
805.210722422 1930.26308942
805.805962257 1930.26308942
806.401202091 1930.26308942
806.996441926 1930.26308942
807.59168176 1930.26308942
808.186921595 1930.26308942
808.782161429 1930.26308942
809.377401264 1930.26308942
809.972641098 1930.26308942
810.567880933 1930.26308942
811.163120767 1930.26308942
811.758360602 1930.26308942
812.353600436 1930.26308942
812.94884027 1930.26308942
813.544080105 1930.26308942
814.139319939 1930.26308942
814.734559774 1930.26308942
815.329799608 1930.26308942
815.925039443 1930.26308942
816.520279277 1930.26308942
817.115519112 1930.26308942
817.710758946 1930.26308942
818.305998781 1930.26308942
818.901238615 1930.26308942
819.49647845 1930.26308942
820.091718284 1930.26308942
820.686958119 1930.26308942
821.282197953 1930.26308942
821.877437788 1930.26308942
822.472677622 1930.26308942
823.067917456 1930.26308942
823.663157291 1930.26308942
824.258397125 1930.26308942
824.85363696 1930.26308942
825.448876794 1930.26308942
826.044116629 1930.26308942
826.639356463 1930.26308942
827.234596298 1930.26308942
827.829836132 1930.26308942
828.425075967 1930.26308942
829.020315801 1930.26308942
829.615555636 1930.26308942
830.21079547 1930.26308942
830.806035305 1930.26308942
831.401275139 1930.26308942
831.996514974 1930.26308942
832.591754808 1930.26308942
833.186994643 1930.26308942
833.782234477 1930.26308942
834.377474311 1930.26308942
834.972714146 1930.26308942
835.56795398 1930.26308942
836.163193815 1930.26308942
836.758433649 1930.26308942
837.353673484 1930.26308942
837.948913318 1930.26308942
838.544153153 3447.58599426
839.139392987 3447.58599426
839.734632822 3447.58599426
840.329872656 3447.58599426
840.925112491 3447.58599426
841.520352325 3447.58599426
842.11559216 3447.58599426
842.710831994 3447.58599426
843.306071829 3447.58599426
843.901311663 3447.58599426
844.496551498 3447.58599426
845.091791332 3447.58599426
845.687031166 3447.58599426
846.282271001 3447.58599426
846.877510835 3447.58599426
847.47275067 3447.58599426
848.067990504 3447.58599426
848.663230339 3447.58599426
849.258470173 3447.58599426
849.853710008 3447.58599426
850.448949842 3447.58599426
851.044189677 3447.58599426
851.639429511 3447.58599426
852.234669346 3447.58599426
852.82990918 3447.58599426
853.425149015 3447.58599426
854.020388849 3447.58599426
854.615628684 3447.58599426
855.210868518 3447.58599426
855.806108352 3447.58599426
856.401348187 3447.58599426
856.996588021 3447.58599426
857.591827856 3447.58599426
858.18706769 3447.58599426
858.782307525 3447.58599426
859.377547359 3447.58599426
859.972787194 3447.58599426
860.568027028 3447.58599426
861.163266863 3447.58599426
861.758506697 3447.58599426
862.353746532 3447.58599426
862.948986366 3447.58599426
863.544226201 3447.58599426
864.139466035 3447.58599426
864.73470587 3447.58599426
865.329945704 3447.58599426
865.925185539 3447.58599426
866.520425373 3447.58599426
867.115665207 3447.58599426
867.710905042 3447.58599426
868.306144876 3447.58599426
868.901384711 3447.58599426
869.496624545 3447.58599426
870.09186438 3447.58599426
870.687104214 3447.58599426
871.282344049 3447.58599426
871.877583883 3447.58599426
872.472823718 3447.58599426
873.068063552 3447.58599426
873.663303387 3447.58599426
874.258543221 3447.58599426
874.853783056 3447.58599426
875.44902289 3447.58599426
876.044262725 3447.58599426
876.639502559 3447.58599426
877.234742394 3447.58599426
877.829982228 3447.58599426
878.425222062 3447.58599426
879.020461897 3447.58599426
879.615701731 3447.58599426
880.210941566 3447.58599426
880.8061814 3447.58599426
881.401421235 3447.58599426
881.996661069 3447.58599426
882.591900904 3447.58599426
883.187140738 3447.58599426
883.782380573 3447.58599426
884.377620407 3447.58599426
884.972860242 3447.58599426
885.568100076 3447.58599426
886.163339911 3447.58599426
886.758579745 3447.58599426
887.35381958 3447.58599426
887.949059414 3447.58599426
888.544299248 3447.58599426
889.139539083 3447.58599426
889.734778917 3447.58599426
890.330018752 3447.58599426
890.925258586 3447.58599426
891.520498421 3447.58599426
892.115738255 3447.58599426
892.71097809 3447.58599426
893.306217924 3447.58599426
893.901457759 3447.58599426
894.496697593 3447.58599426
895.091937428 3447.58599426
895.687177262 3447.58599426
896.282417097 3447.58599426
896.877656931 3447.58599426
897.472896766 3447.58599426
898.0681366 3447.58599426
898.663376435 3447.58599426
899.258616269 3447.58599426
899.853856103 3447.58599426
900.449095938 3447.58599426
901.044335772 3447.58599426
901.639575607 3447.58599426
902.234815441 3447.58599426
902.830055276 3447.58599426
903.42529511 3447.58599426
904.020534945 3447.58599426
904.615774779 3447.58599426
905.211014614 3447.58599426
905.806254448 3447.58599426
906.401494283 3447.58599426
906.996734117 3447.58599426
907.591973952 3447.58599426
908.187213786 3447.58599426
908.782453621 3447.58599426
909.377693455 3447.58599426
909.97293329 3447.58599426
910.568173124 3447.58599426
911.163412958 3447.58599426
911.758652793 3447.58599426
912.353892627 3447.58599426
912.949132462 3447.58599426
913.544372296 3447.58599426
914.139612131 3447.58599426
914.734851965 5992.71660501
915.3300918 5992.71660501
915.925331634 5992.71660501
916.520571469 5992.71660501
917.115811303 5992.71660501
917.711051138 5992.71660501
918.306290972 5992.71660501
918.901530807 5992.71660501
919.496770641 5992.71660501
920.092010476 5992.71660501
920.68725031 5992.71660501
921.282490144 5992.71660501
921.877729979 5992.71660501
922.472969813 5992.71660501
923.068209648 5992.71660501
923.663449482 5992.71660501
924.258689317 5992.71660501
924.853929151 5992.71660501
925.449168986 5992.71660501
926.04440882 5992.71660501
926.639648655 5992.71660501
927.234888489 5992.71660501
927.830128324 5992.71660501
928.425368158 5992.71660501
929.020607993 5992.71660501
929.615847827 5992.71660501
930.211087662 5992.71660501
930.806327496 5992.71660501
931.401567331 5992.71660501
931.996807165 5992.71660501
932.592046999 5992.71660501
933.187286834 5992.71660501
933.782526668 5992.71660501
934.377766503 5992.71660501
934.973006337 5992.71660501
935.568246172 5992.71660501
936.163486006 5992.71660501
936.758725841 5992.71660501
937.353965675 5992.71660501
937.94920551 5992.71660501
938.544445344 5992.71660501
939.139685179 5992.71660501
939.734925013 5992.71660501
940.330164848 5992.71660501
940.925404682 5992.71660501
941.520644517 5992.71660501
942.115884351 5992.71660501
942.711124185 5992.71660501
943.30636402 5992.71660501
943.901603854 5992.71660501
944.496843689 5992.71660501
945.092083523 5992.71660501
945.687323358 5992.71660501
946.282563192 5992.71660501
946.877803027 5992.71660501
947.473042861 5992.71660501
948.068282696 5992.71660501
948.66352253 5992.71660501
949.258762365 5992.71660501
949.854002199 5992.71660501
950.449242034 5992.71660501
951.044481868 5992.71660501
951.639721703 5992.71660501
952.234961537 5992.71660501
952.830201372 5992.71660501
953.425441206 5992.71660501
954.02068104 5992.71660501
954.615920875 5992.71660501
955.211160709 5992.71660501
955.806400544 5992.71660501
956.401640378 5992.71660501
956.996880213 5992.71660501
957.592120047 5992.71660501
958.187359882 5992.71660501
958.782599716 5992.71660501
959.377839551 5992.71660501
959.973079385 5992.71660501
960.56831922 5992.71660501
961.163559054 5992.71660501
961.758798889 5992.71660501
962.354038723 5992.71660501
962.949278558 5992.71660501
963.544518392 5992.71660501
964.139758227 5992.71660501
964.734998061 5992.71660501
965.330237895 5992.71660501
965.92547773 5992.71660501
966.520717564 5992.71660501
967.115957399 5992.71660501
967.711197233 5992.71660501
968.306437068 5992.71660501
968.901676902 5992.71660501
969.496916737 5992.71660501
970.092156571 5992.71660501
970.687396406 5992.71660501
971.28263624 5992.71660501
971.877876075 5992.71660501
972.473115909 5992.71660501
973.068355744 5992.71660501
973.663595578 5992.71660501
974.258835413 5992.71660501
974.854075247 5992.71660501
975.449315081 5992.71660501
976.044554916 5992.71660501
976.63979475 5992.71660501
977.235034585 5992.71660501
977.830274419 5992.71660501
978.425514254 5992.71660501
979.020754088 5992.71660501
979.615993923 5992.71660501
980.211233757 5992.71660501
980.806473592 5992.71660501
981.401713426 5992.71660501
981.996953261 5992.71660501
982.592193095 5992.71660501
983.18743293 5992.71660501
983.782672764 5992.71660501
984.377912599 5992.71660501
984.973152433 5992.71660501
985.568392268 5992.71660501
986.163632102 5992.71660501
986.758871936 5992.71660501
987.354111771 5992.71660501
987.949351605 5992.71660501
988.54459144 5992.71660501
989.139831274 5992.71660501
989.735071109 5992.71660501
990.330310943 5992.71660501
990.925550778 5992.71660501
991.520790612 5992.71660501
992.116030447 5992.71660501
992.711270281 5992.71660501
993.306510116 5992.71660501
993.90174995 5992.71660501
994.496989785 5992.71660501
995.092229619 5992.71660501
995.687469454 5992.71660501
996.282709288 5992.71660501
996.877949123 5992.71660501
997.473188957 5992.71660501
998.068428791 5992.71660501
998.663668626 5992.71660501
999.25890846 5992.71660501
999.854148295 5992.71660501
1000.44938813 5992.71660501
1001.04462796 5992.71660501
1001.6398678 5992.71660501
1002.23510763 5992.71660501
1002.83034747 5992.71660501
1003.4255873 5992.71660501
1004.02082714 5992.71660501
1004.61606697 5992.71660501
1005.21130681 5992.71660501
1005.80654664 5992.71660501
1006.40178647 5992.71660501
1006.99702631 5992.71660501
1007.59226614 5992.71660501
1008.18750598 5992.71660501
1008.78274581 5992.71660501
1009.37798565 5992.71660501
1009.97322548 5992.71660501
1010.56846532 5992.71660501
1011.16370515 5992.71660501
1011.75894498 5992.71660501
1012.35418482 5992.71660501
1012.94942465 5992.71660501
1013.54466449 5992.71660501
1014.13990432 5992.71660501
1014.73514416 5992.71660501
1015.33038399 5992.71660501
1015.92562383 5992.71660501
1016.52086366 5992.71660501
1017.11610349 5992.71660501
1017.71134333 5992.71660501
1018.30658316 5992.71660501
1018.901823 5992.71660501
1019.49706283 5992.71660501
1020.09230267 5992.71660501
1020.6875425 5992.71660501
1021.28278234 5992.71660501
1021.87802217 5992.71660501
1022.473262 5992.71660501
1023.06850184 5992.71660501
1023.66374167 5992.71660501
1024.25898151 5992.71660501
1024.85422134 5992.71660501
1025.44946118 5992.71660501
1026.04470101 5992.71660501
1026.63994085 5992.71660501
1027.23518068 5992.71660501
1027.83042052 5992.71660501
1028.42566035 5992.71660501
1029.02090018 5992.71660501
1029.61614002 5992.71660501
1030.21137985 5992.71660501
1030.80661969 5992.71660501
1031.40185952 5992.71660501
1031.99709936 5992.71660501
1032.59233919 5992.71660501
1033.18757903 5992.71660501
1033.78281886 5992.71660501
1034.37805869 5992.71660501
1034.97329853 5992.71660501
1035.56853836 5992.71660501
1036.1637782 5992.71660501
1036.75901803 5992.71660501
1037.35425787 5992.71660501
1037.9494977 5992.71660501
1038.54473754 5992.71660501
1039.13997737 5992.71660501
1039.7352172 5992.71660501
1040.33045704 5992.71660501
1040.92569687 5992.71660501
1041.52093671 5992.71660501
1042.11617654 5992.71660501
1042.71141638 5992.71660501
1043.30665621 5992.71660501
1043.90189605 5992.71660501
1044.49713588 5992.71660501
1045.09237571 5992.71660501
1045.68761555 5992.71660501
1046.28285538 5992.71660501
1046.87809522 5992.71660501
1047.47333505 5992.71660501
1048.06857489 5992.71660501
1048.66381472 5992.71660501
1049.25905456 5992.71660501
1049.85429439 5992.71660501
1050.44953423 5992.71660501
1051.04477406 5992.71660501
1051.64001389 5992.71660501
1052.23525373 5992.71660501
1052.83049356 5992.71660501
1053.4257334 5992.71660501
1054.02097323 5992.71660501
1054.61621307 5992.71660501
1055.2114529 5992.71660501
1055.80669274 5992.71660501
1056.40193257 5992.71660501
1056.9971724 5992.71660501
1057.59241224 5992.71660501
1058.18765207 5992.71660501
1058.78289191 5992.71660501
1059.37813174 5992.71660501
1059.97337158 5992.71660501
1060.56861141 5992.71660501
1061.16385125 5992.71660501
1061.75909108 5992.71660501
1062.35433091 5992.71660501
1062.94957075 5992.71660501
1063.54481058 5992.71660501
1064.14005042 5992.71660501
1064.73529025 5992.71660501
1065.33053009 5992.71660501
1065.92576992 5992.71660501
1066.52100976 5992.71660501
1067.11624959 5992.71660501
1067.71148942 5992.71660501
1068.30672926 5992.71660501
1068.90196909 5992.71660501
1069.49720893 5992.71660501
1070.09244876 5992.71660501
1070.6876886 5992.71660501
1071.28292843 5992.71660501
1071.87816827 5992.71660501
1072.4734081 5992.71660501
1073.06864794 5992.71660501
1073.66388777 5992.71660501
1074.2591276 5992.71660501
1074.85436744 5992.71660501
1075.44960727 5992.71660501
1076.04484711 5992.71660501
1076.64008694 5992.71660501
1077.23532678 5992.71660501
1077.83056661 5992.71660501
1078.42580645 5992.71660501
1079.02104628 5992.71660501
1079.61628611 5992.71660501
1080.21152595 5992.71660501
1080.80676578 5992.71660501
1081.40200562 5992.71660501
1081.99724545 5992.71660501
1082.59248529 5992.71660501
1083.18772512 5992.71660501
1083.78296496 5992.71660501
1084.37820479 5992.71660501
1084.97344462 5992.71660501
1085.56868446 5992.71660501
1086.16392429 5992.71660501
1086.75916413 5992.71660501
1087.35440396 5992.71660501
1087.9496438 5992.71660501
1088.54488363 5992.71660501
1089.14012347 5992.71660501
1089.7353633 5992.71660501
1090.33060313 5992.71660501
1090.92584297 5992.71660501
1091.5210828 5992.71660501
1092.11632264 5992.71660501
1092.71156247 5992.71660501
1093.30680231 5992.71660501
1093.90204214 5992.71660501
1094.49728198 5992.71660501
1095.09252181 5992.71660501
1095.68776164 5992.71660501
1096.28300148 5992.71660501
1096.87824131 5992.71660501
1097.47348115 5992.71660501
1098.06872098 5992.71660501
1098.66396082 5992.71660501
1099.25920065 5992.71660501
1099.85444049 5992.71660501
1100.44968032 5992.71660501
1101.04492016 5992.71660501
1101.64015999 5992.71660501
1102.23539982 5992.71660501
1102.83063966 5992.71660501
1103.42587949 5992.71660501
1104.02111933 5992.71660501
1104.61635916 5992.71660501
1105.211599 5992.71660501
1105.80683883 5992.71660501
1106.40207867 5992.71660501
1106.9973185 5992.71660501
1107.59255833 5992.71660501
1108.18779817 5992.71660501
1108.783038 5992.71660501
1109.37827784 5992.71660501
1109.97351767 5992.71660501
1110.56875751 5992.71660501
1111.16399734 5992.71660501
1111.75923718 5992.71660501
1112.35447701 5992.71660501
1112.94971684 5992.71660501
1113.54495668 5992.71660501
1114.14019651 5992.71660501
1114.73543635 5992.71660501
1115.33067618 5992.71660501
1115.92591602 5992.71660501
1116.52115585 5992.71660501
1117.11639569 5992.71660501
1117.71163552 5992.71660501
1118.30687535 5992.71660501
1118.90211519 5992.71660501
1119.49735502 5992.71660501
1120.09259486 5992.71660501
1120.68783469 5992.71660501
1121.28307453 5992.71660501
1121.87831436 5992.71660501
1122.4735542 5992.71660501
1123.06879403 5992.71660501
1123.66403387 5992.71660501
1124.2592737 5992.71660501
1124.85451353 5992.71660501
1125.44975337 5992.71660501
1126.0449932 5992.71660501
1126.64023304 5992.71660501
1127.23547287 5992.71660501
1127.83071271 5992.71660501
1128.42595254 5992.71660501
1129.02119238 5992.71660501
1129.61643221 5992.71660501
1130.21167204 5992.71660501
1130.80691188 5992.71660501
1131.40215171 5992.71660501
1131.99739155 5992.71660501
1132.59263138 5992.71660501
1133.18787122 5992.71660501
1133.78311105 5992.71660501
1134.37835089 5992.71660501
1134.97359072 5992.71660501
1135.56883055 5992.71660501
1136.16407039 5992.71660501
1136.75931022 5992.71660501
1137.35455006 5992.71660501
1137.94978989 5992.71660501
1138.54502973 5992.71660501
1139.14026956 5992.71660501
1139.7355094 5992.71660501
1140.33074923 5992.71660501
1140.92598906 5992.71660501
1141.5212289 5992.71660501
1142.11646873 5992.71660501
1142.71170857 5992.71660501
1143.3069484 5992.71660501
1143.90218824 5992.71660501
1144.49742807 5992.71660501
1145.09266791 5992.71660501
1145.68790774 5992.71660501
1146.28314758 5992.71660501
1146.87838741 5992.71660501
1147.47362724 5992.71660501
1148.06886708 5992.71660501
1148.66410691 5992.71660501
1149.25934675 5992.71660501
1149.85458658 5992.71660501
1150.44982642 5992.71660501
1151.04506625 5992.71660501
1151.64030609 5992.71660501
1152.23554592 5992.71660501
1152.83078575 5992.71660501
1153.42602559 5992.71660501
1154.02126542 5992.71660501
1154.61650526 5992.71660501
1155.21174509 5992.71660501
1155.80698493 5992.71660501
1156.40222476 5992.71660501
1156.9974646 5992.71660501
1157.59270443 5992.71660501
1158.18794426 5992.71660501
1158.7831841 5992.71660501
1159.37842393 5992.71660501
1159.97366377 5992.71660501
1160.5689036 5992.71660501
1161.16414344 5992.71660501
1161.75938327 5992.71660501
1162.35462311 5992.71660501
1162.94986294 5992.71660501
1163.54510277 5992.71660501
1164.14034261 5992.71660501
1164.73558244 5992.71660501
1165.33082228 5992.71660501
1165.92606211 5992.71660501
1166.52130195 5992.71660501
1167.11654178 5992.71660501
1167.71178162 5992.71660501
1168.30702145 5992.71660501
1168.90226129 5992.71660501
1169.49750112 5992.71660501
1170.09274095 5992.71660501
1170.68798079 5992.71660501
1171.28322062 5992.71660501
1171.87846046 5992.71660501
1172.47370029 5992.71660501
1173.06894013 5992.71660501
1173.66417996 5992.71660501
1174.2594198 5992.71660501
1174.85465963 5992.71660501
1175.44989946 5992.71660501
1176.0451393 5992.71660501
1176.64037913 5992.71660501
1177.23561897 5992.71660501
1177.8308588 5992.71660501
1178.42609864 5992.71660501
1179.02133847 5992.71660501
1179.61657831 5992.71660501
1180.21181814 5992.71660501
1180.80705797 5992.71660501
1181.40229781 5992.71660501
1181.99753764 5992.71660501
1182.59277748 5992.71660501
1183.18801731 5992.71660501
1183.78325715 5992.71660501
1184.37849698 5992.71660501
1184.97373682 5992.71660501
1185.56897665 5992.71660501
1186.16421648 5992.71660501
1186.75945632 5992.71660501
1187.35469615 5992.71660501
1187.94993599 5992.71660501
1188.54517582 5992.71660501
1189.14041566 5992.71660501
1189.73565549 5992.71660501
1190.33089533 5992.71660501
1190.92613516 5992.71660501
1191.521375 5992.71660501
1192.11661483 5992.71660501
1192.71185466 5992.71660501
1193.3070945 5992.71660501
1193.90233433 5992.71660501
1194.49757417 5992.71660501
1195.092814 5992.71660501
1195.68805384 5992.71660501
1196.28329367 5992.71660501
1196.87853351 5992.71660501
1197.47377334 5992.71660501
1198.06901317 5992.71660501
1198.66425301 5992.71660501
1199.25949284 5992.71660501
1199.85473268 5992.71660501
1200.44997251 5992.71660501
1201.04521235 5992.71660501
1201.64045218 5992.71660501
1202.23569202 5992.71660501
1202.83093185 5992.71660501
1203.42617168 5992.71660501
1204.02141152 5992.71660501
1204.61665135 5992.71660501
1205.21189119 5992.71660501
1205.80713102 5992.71660501
1206.40237086 5992.71660501
1206.99761069 5992.71660501
1207.59285053 5992.71660501
1208.18809036 5992.71660501
1208.78333019 5992.71660501
1209.37857003 5992.71660501
1209.97380986 5992.71660501
1210.5690497 5992.71660501
1211.16428953 5992.71660501
1211.75952937 5992.71660501
1212.3547692 5992.71660501
1212.95000904 5992.71660501
1213.54524887 5992.71660501
1214.14048871 5992.71660501
1214.73572854 5992.71660501
1215.33096837 5992.71660501
1215.92620821 5992.71660501
1216.52144804 5992.71660501
1217.11668788 5992.71660501
1217.71192771 5992.71660501
1218.30716755 5992.71660501
1218.90240738 5992.71660501
