0.446466215283 3334.30975743
1.04170604976 3334.30975743
1.63694588423 3334.30975743
2.2321857187 3334.30975743
2.82742555317 3334.30975743
3.42266538765 3334.30975743
4.01790522212 3334.30975743
4.61314505659 3334.30975743
5.20838489106 3334.30975743
5.80362472554 3334.30975743
6.39886456001 3334.30975743
6.99410439448 3334.30975743
7.58934422895 3334.30975743
8.18458406343 3334.30975743
8.7798238979 3334.30975743
9.37506373237 3334.30975743
9.97030356685 3334.30975743
10.5655434013 3334.30975743
11.1607832358 3334.30975743
11.7560230703 3334.30975743
12.3512629047 3334.30975743
12.9465027392 3334.30975743
13.5417425737 3334.30975743
14.1369824082 3334.30975743
14.7322222426 3334.30975743
15.3274620771 3334.30975743
15.9227019116 3334.30975743
16.517941746 3334.30975743
17.1131815805 3334.30975743
17.708421415 3334.30975743
18.3036612495 3334.30975743
18.8989010839 3334.30975743
19.4941409184 3334.30975743
20.0893807529 3334.30975743
20.6846205874 3334.30975743
21.2798604218 3334.30975743
21.8751002563 3334.30975743
22.4703400908 3334.30975743
23.0655799252 3334.30975743
23.6608197597 3334.30975743
24.2560595942 3334.30975743
24.8512994287 3334.30975743
25.4465392631 3334.30975743
26.0417790976 3334.30975743
26.6370189321 3334.30975743
27.2322587666 3334.30975743
27.827498601 3334.30975743
28.4227384355 3334.30975743
29.01797827 3334.30975743
29.6132181044 3334.30975743
30.2084579389 3334.30975743
30.8036977734 3334.30975743
31.3989376079 3334.30975743
31.9941774423 3334.30975743
32.5894172768 3334.30975743
33.1846571113 3334.30975743
33.7798969458 3334.30975743
34.3751367802 3334.30975743
34.9703766147 3334.30975743
35.5656164492 3334.30975743
36.1608562836 3334.30975743
36.7560961181 3334.30975743
37.3513359526 3334.30975743
37.9465757871 3334.30975743
38.5418156215 3334.30975743
39.137055456 3334.30975743
39.7322952905 3334.30975743
40.327535125 3334.30975743
40.9227749594 3334.30975743
41.5180147939 3334.30975743
42.1132546284 3334.30975743
42.7084944628 3334.30975743
43.3037342973 3334.30975743
43.8989741318 3334.30975743
44.4942139663 3334.30975743
45.0894538007 3334.30975743
45.6846936352 3334.30975743
46.2799334697 3334.30975743
46.8751733041 3334.30975743
47.4704131386 3334.30975743
48.0656529731 3334.30975743
48.6608928076 3334.30975743
49.256132642 3334.30975743
49.8513724765 3334.30975743
50.446612311 3334.30975743
51.0418521455 3334.30975743
51.6370919799 3334.30975743
52.2323318144 3334.30975743
52.8275716489 3334.30975743
53.4228114833 3334.30975743
54.0180513178 3334.30975743
54.6132911523 3334.30975743
55.2085309868 3334.30975743
55.8037708212 3334.30975743
56.3990106557 3334.30975743
56.9942504902 3334.30975743
57.5894903247 3334.30975743
58.1847301591 3334.30975743
58.7799699936 3334.30975743
59.3752098281 3334.30975743
59.9704496625 3334.30975743
60.565689497 3334.30975743
61.1609293315 3334.30975743
61.756169166 3334.30975743
62.3514090004 3334.30975743
62.9466488349 3334.30975743
63.5418886694 3334.30975743
64.1371285039 3334.30975743
64.7323683383 3334.30975743
65.3276081728 3334.30975743
65.9228480073 3334.30975743
66.5180878417 3334.30975743
67.1133276762 3334.30975743
67.7085675107 3334.30975743
68.3038073452 3334.30975743
68.8990471796 3334.30975743
69.4942870141 3334.30975743
70.0895268486 3334.30975743
70.6847666831 3334.30975743
71.2800065175 3334.30975743
71.875246352 3334.30975743
72.4704861865 3334.30975743
73.0657260209 3334.30975743
73.6609658554 3334.30975743
74.2562056899 3334.30975743
74.8514455244 3334.30975743
75.4466853588 3334.30975743
76.0419251933 3334.30975743
76.6371650278 3334.30975743
77.2324048623 3334.30975743
77.8276446967 3334.30975743
78.4228845312 3334.30975743
79.0181243657 3334.30975743
79.6133642001 3334.30975743
80.2086040346 3334.30975743
80.8038438691 3334.30975743
81.3990837036 3334.30975743
81.994323538 3334.30975743
82.5895633725 3334.30975743
83.184803207 3334.30975743
83.7800430415 3334.30975743
84.3752828759 3334.30975743
84.9705227104 3334.30975743
85.5657625449 3334.30975743
86.1610023793 3334.30975743
86.7562422138 3334.30975743
87.3514820483 3334.30975743
87.9467218828 3334.30975743
88.5419617172 3334.30975743
89.1372015517 3334.30975743
89.7324413862 3334.30975743
90.3276812207 3334.30975743
90.9229210551 3334.30975743
91.5181608896 3334.30975743
92.1134007241 3334.30975743
92.7086405585 3334.30975743
93.303880393 3334.30975743
93.8991202275 3334.30975743
94.494360062 3334.30975743
95.0895998964 3334.30975743
95.6848397309 3334.30975743
96.2800795654 3334.30975743
96.8753193999 3334.30975743
97.4705592343 3334.30975743
98.0657990688 3334.30975743
98.6610389033 3334.30975743
99.2562787377 3334.30975743
99.8515185722 3334.30975743
100.446758407 3334.30975743
101.041998241 3334.30975743
101.637238076 3334.30975743
102.23247791 3334.30975743
102.827717745 3334.30975743
103.422957579 3334.30975743
104.018197414 3334.30975743
104.613437248 3334.30975743
105.208677082 3334.30975743
105.803916917 3334.30975743
106.399156751 3334.30975743
106.994396586 3334.30975743
107.58963642 3334.30975743
108.184876255 3334.30975743
108.780116089 3334.30975743
109.375355924 3334.30975743
109.970595758 3334.30975743
110.565835593 3334.30975743
111.161075427 3334.30975743
111.756315262 3334.30975743
112.351555096 3334.30975743
112.946794931 3334.30975743
113.542034765 3334.30975743
114.1372746 3334.30975743
114.732514434 3334.30975743
115.327754269 3334.30975743
115.922994103 3334.30975743
116.518233937 3334.30975743
117.113473772 3334.30975743
117.708713606 3334.30975743
118.303953441 3334.30975743
118.899193275 3334.30975743
119.49443311 3334.30975743
120.089672944 3334.30975743
120.684912779 3334.30975743
121.280152613 3334.30975743
121.875392448 3334.30975743
122.470632282 3334.30975743
123.065872117 3334.30975743
123.661111951 3334.30975743
124.256351786 3334.30975743
124.85159162 3334.30975743
125.446831455 3334.30975743
126.042071289 3334.30975743
126.637311123 3334.30975743
127.232550958 3334.30975743
127.827790792 3334.30975743
128.423030627 3334.30975743
129.018270461 3334.30975743
129.613510296 3334.30975743
130.20875013 3334.30975743
130.803989965 3334.30975743
131.399229799 3334.30975743
131.994469634 3334.30975743
132.589709468 3334.30975743
133.184949303 3334.30975743
133.780189137 3334.30975743
134.375428972 3334.30975743
134.970668806 3334.30975743
135.565908641 3334.30975743
136.161148475 3334.30975743
136.75638831 3334.30975743
137.351628144 3334.30975743
137.946867978 3334.30975743
138.542107813 3334.30975743
139.137347647 3334.30975743
139.732587482 3334.30975743
140.327827316 3334.30975743
140.923067151 3334.30975743
141.518306985 3334.30975743
142.11354682 3334.30975743
142.708786654 3334.30975743
143.304026489 3334.30975743
143.899266323 3334.30975743
144.494506158 3334.30975743
145.089745992 3334.30975743
145.684985827 3334.30975743
146.280225661 3334.30975743
146.875465496 3334.30975743
147.47070533 3334.30975743
148.065945165 3334.30975743
148.661184999 3334.30975743
149.256424833 3334.30975743
149.851664668 3334.30975743
150.446904502 3334.30975743
151.042144337 3334.30975743
151.637384171 3334.30975743
152.232624006 3334.30975743
152.82786384 3334.30975743
153.423103675 3334.30975743
154.018343509 3334.30975743
154.613583344 3334.30975743
155.208823178 3334.30975743
155.804063013 3334.30975743
156.399302847 3334.30975743
156.994542682 3334.30975743
157.589782516 3334.30975743
158.185022351 3334.30975743
158.780262185 3334.30975743
159.375502019 3334.30975743
159.970741854 3334.30975743
160.565981688 3334.30975743
161.161221523 3334.30975743
161.756461357 3334.30975743
162.351701192 3334.30975743
162.946941026 3334.30975743
163.542180861 3334.30975743
164.137420695 3334.30975743
164.73266053 3334.30975743
165.327900364 3334.30975743
165.923140199 3334.30975743
166.518380033 3334.30975743
167.113619868 3334.30975743
167.708859702 3334.30975743
168.304099537 3334.30975743
168.899339371 3334.30975743
169.494579206 3334.30975743
170.08981904 3334.30975743
170.685058874 3334.30975743
171.280298709 3334.30975743
171.875538543 3334.30975743
172.470778378 3334.30975743
173.066018212 3334.30975743
173.661258047 3334.30975743
174.256497881 3334.30975743
174.851737716 3334.30975743
175.44697755 3334.30975743
176.042217385 3334.30975743
176.637457219 3334.30975743
177.232697054 3334.30975743
177.827936888 3334.30975743
178.423176723 3334.30975743
179.018416557 3334.30975743
179.613656392 3334.30975743
180.208896226 3334.30975743
180.80413606 3334.30975743
181.399375895 3334.30975743
181.994615729 3334.30975743
182.589855564 3334.30975743
183.185095398 3334.30975743
183.780335233 3334.30975743
184.375575067 3334.30975743
184.970814902 3334.30975743
185.566054736 3334.30975743
186.161294571 3334.30975743
186.756534405 3334.30975743
187.35177424 3334.30975743
187.947014074 3334.30975743
188.542253909 3334.30975743
189.137493743 3334.30975743
189.732733578 3334.30975743
190.327973412 3334.30975743
190.923213247 3334.30975743
191.518453081 3334.30975743
192.113692915 3334.30975743
192.70893275 3334.30975743
193.304172584 3334.30975743
193.899412419 3334.30975743
194.494652253 3334.30975743
195.089892088 3334.30975743
195.685131922 3334.30975743
196.280371757 3334.30975743
196.875611591 3334.30975743
197.470851426 3334.30975743
198.06609126 3334.30975743
198.661331095 3334.30975743
199.256570929 3334.30975743
199.851810764 3334.30975743
200.447050598 3334.30975743
201.042290433 3334.30975743
201.637530267 3334.30975743
202.232770102 3334.30975743
202.828009936 3334.30975743
203.42324977 3334.30975743
204.018489605 3334.30975743
204.613729439 3334.30975743
205.208969274 3334.30975743
205.804209108 3334.30975743
206.399448943 3334.30975743
206.994688777 3334.30975743
207.589928612 3334.30975743
208.185168446 3334.30975743
208.780408281 3334.30975743
209.375648115 3334.30975743
209.97088795 3334.30975743
210.566127784 3334.30975743
211.161367619 3334.30975743
211.756607453 3334.30975743
212.351847288 3334.30975743
212.947087122 3334.30975743
213.542326956 3334.30975743
214.137566791 3334.30975743
214.732806625 3334.30975743
215.32804646 3334.30975743
215.923286294 3334.30975743
216.518526129 3334.30975743
217.113765963 3334.30975743
217.709005798 3334.30975743
218.304245632 3334.30975743
218.899485467 3334.30975743
219.494725301 3334.30975743
220.089965136 3334.30975743
220.68520497 3334.30975743
221.280444805 3334.30975743
221.875684639 3334.30975743
222.470924474 3334.30975743
223.066164308 3334.30975743
223.661404143 3334.30975743
224.256643977 3334.30975743
224.851883811 3334.30975743
225.447123646 3334.30975743
226.04236348 3334.30975743
226.637603315 3334.30975743
227.232843149 3334.30975743
227.828082984 3334.30975743
228.423322818 3334.30975743
229.018562653 3334.30975743
229.613802487 3334.30975743
230.209042322 3334.30975743
230.804282156 3334.30975743
231.399521991 3334.30975743
231.994761825 3334.30975743
232.59000166 3334.30975743
233.185241494 3334.30975743
233.780481329 3334.30975743
234.375721163 3334.30975743
234.970960998 3334.30975743
235.566200832 3334.30975743
236.161440666 3334.30975743
236.756680501 3334.30975743
237.351920335 3334.30975743
237.94716017 3334.30975743
238.542400004 3334.30975743
239.137639839 3334.30975743
239.732879673 3334.30975743
240.328119508 3334.30975743
240.923359342 3334.30975743
241.518599177 3334.30975743
242.113839011 3334.30975743
242.709078846 3334.30975743
243.30431868 3334.30975743
243.899558515 3334.30975743
244.494798349 3334.30975743
245.090038184 3334.30975743
245.685278018 3334.30975743
246.280517852 3334.30975743
246.875757687 3334.30975743
247.470997521 3334.30975743
248.066237356 3334.30975743
248.66147719 3334.30975743
249.256717025 3334.30975743
249.851956859 3334.30975743
250.447196694 3334.30975743
251.042436528 3334.30975743
251.637676363 3334.30975743
252.232916197 3334.30975743
252.828156032 3334.30975743
253.423395866 3334.30975743
254.018635701 3334.30975743
254.613875535 3334.30975743
255.20911537 3334.30975743
255.804355204 3334.30975743
256.399595039 3334.30975743
256.994834873 3334.30975743
257.590074707 3334.30975743
258.185314542 3334.30975743
258.780554376 3334.30975743
259.375794211 3334.30975743
259.971034045 3334.30975743
260.56627388 3334.30975743
261.161513714 3334.30975743
261.756753549 3334.30975743
262.351993383 3334.30975743
262.947233218 3334.30975743
263.542473052 3334.30975743
264.137712887 3334.30975743
264.732952721 3334.30975743
265.328192556 3334.30975743
265.92343239 3334.30975743
266.518672225 3334.30975743
267.113912059 3334.30975743
267.709151894 3334.30975743
268.304391728 3334.30975743
268.899631562 3334.30975743
269.494871397 3334.30975743
270.090111231 3334.30975743
270.685351066 3334.30975743
271.2805909 3334.30975743
271.875830735 3334.30975743
272.471070569 3334.30975743
273.066310404 3334.30975743
273.661550238 3334.30975743
274.256790073 3334.30975743
274.852029907 3334.30975743
275.447269742 3334.30975743
276.042509576 3334.30975743
276.637749411 3334.30975743
277.232989245 3334.30975743
277.82822908 3334.30975743
278.423468914 3334.30975743
279.018708748 3334.30975743
279.613948583 3334.30975743
280.209188417 3334.30975743
280.804428252 3334.30975743
281.399668086 3334.30975743
281.994907921 3334.30975743
282.590147755 3334.30975743
283.18538759 3334.30975743
283.780627424 3334.30975743
284.375867259 3334.30975743
284.971107093 3334.30975743
285.566346928 3334.30975743
286.161586762 3334.30975743
286.756826597 3334.30975743
287.352066431 3334.30975743
287.947306266 3334.30975743
288.5425461 3334.30975743
289.137785935 3334.30975743
289.733025769 3334.30975743
290.328265603 3334.30975743
290.923505438 3334.30975743
291.518745272 3334.30975743
292.113985107 3334.30975743
292.709224941 3334.30975743
293.304464776 3334.30975743
293.89970461 3334.30975743
294.494944445 3334.30975743
295.090184279 3334.30975743
295.685424114 3334.30975743
296.280663948 3334.30975743
296.875903783 3334.30975743
297.471143617 3334.30975743
298.066383452 3334.30975743
298.661623286 3334.30975743
299.256863121 3334.30975743
299.852102955 3334.30975743
300.44734279 3334.30975743
301.042582624 3334.30975743
301.637822458 3334.30975743
302.233062293 3334.30975743
302.828302127 3334.30975743
303.423541962 3334.30975743
304.018781796 3334.30975743
304.614021631 3334.30975743
305.209261465 2567.7700711
305.8045013 2567.7700711
306.399741134 2567.7700711
306.994980969 2567.7700711
307.590220803 2567.7700711
308.185460638 2567.7700711
308.780700472 2567.7700711
309.375940307 2567.7700711
309.971180141 2567.7700711
310.566419976 2567.7700711
311.16165981 2567.7700711
311.756899644 2567.7700711
312.352139479 2567.7700711
312.947379313 2567.7700711
313.542619148 2567.7700711
314.137858982 2567.7700711
314.733098817 2567.7700711
315.328338651 2567.7700711
315.923578486 2567.7700711
316.51881832 2567.7700711
317.114058155 2567.7700711
317.709297989 2567.7700711
318.304537824 2567.7700711
318.899777658 2567.7700711
319.495017493 2567.7700711
320.090257327 2567.7700711
320.685497162 2567.7700711
321.280736996 2567.7700711
321.875976831 2567.7700711
322.471216665 2567.7700711
323.066456499 2567.7700711
323.661696334 2567.7700711
324.256936168 2567.7700711
324.852176003 2567.7700711
325.447415837 2567.7700711
326.042655672 2567.7700711
326.637895506 2567.7700711
327.233135341 2567.7700711
327.828375175 2567.7700711
328.42361501 2567.7700711
329.018854844 2567.7700711
329.614094679 2567.7700711
330.209334513 2567.7700711
330.804574348 2567.7700711
331.399814182 2567.7700711
331.995054017 2567.7700711
332.590293851 2567.7700711
333.185533685 2567.7700711
333.78077352 2567.7700711
334.376013354 2567.7700711
334.971253189 2567.7700711
335.566493023 2567.7700711
336.161732858 2567.7700711
336.756972692 2567.7700711
337.352212527 2567.7700711
337.947452361 2567.7700711
338.542692196 2567.7700711
339.13793203 2567.7700711
339.733171865 2567.7700711
340.328411699 2567.7700711
340.923651534 2567.7700711
341.518891368 2567.7700711
342.114131203 2567.7700711
342.709371037 2567.7700711
343.304610872 2567.7700711
343.899850706 2567.7700711
344.49509054 2567.7700711
345.090330375 2567.7700711
345.685570209 2567.7700711
346.280810044 2567.7700711
346.876049878 2567.7700711
347.471289713 2567.7700711
348.066529547 2567.7700711
348.661769382 2567.7700711
349.257009216 2567.7700711
349.852249051 2567.7700711
350.447488885 2567.7700711
351.04272872 2567.7700711
351.637968554 2567.7700711
352.233208389 2567.7700711
352.828448223 2567.7700711
353.423688058 2567.7700711
354.018927892 2567.7700711
354.614167727 2567.7700711
355.209407561 2567.7700711
355.804647395 2567.7700711
356.39988723 2567.7700711
356.995127064 2567.7700711
357.590366899 2567.7700711
358.185606733 2567.7700711
358.780846568 2567.7700711
359.376086402 2567.7700711
359.971326237 2567.7700711
360.566566071 2567.7700711
361.161805906 2567.7700711
361.75704574 2567.7700711
362.352285575 2567.7700711
362.947525409 2567.7700711
363.542765244 2567.7700711
364.138005078 2567.7700711
364.733244913 2567.7700711
365.328484747 2567.7700711
365.923724581 2567.7700711
366.518964416 2567.7700711
367.11420425 2567.7700711
367.709444085 2567.7700711
368.304683919 2567.7700711
368.899923754 2567.7700711
369.495163588 2567.7700711
370.090403423 2567.7700711
370.685643257 2567.7700711
371.280883092 2567.7700711
371.876122926 2567.7700711
372.471362761 2567.7700711
373.066602595 2567.7700711
373.66184243 2567.7700711
374.257082264 2567.7700711
374.852322099 2567.7700711
375.447561933 2567.7700711
376.042801768 2567.7700711
376.638041602 2567.7700711
377.233281436 2567.7700711
377.828521271 2567.7700711
378.423761105 2567.7700711
379.01900094 2567.7700711
379.614240774 2567.7700711
380.209480609 2567.7700711
380.804720443 2567.7700711
381.399960278 2567.7700711
381.995200112 2567.7700711
382.590439947 2567.7700711
383.185679781 2567.7700711
383.780919616 2567.7700711
384.37615945 2567.7700711
384.971399285 2567.7700711
385.566639119 2567.7700711
386.161878954 2567.7700711
386.757118788 2567.7700711
387.352358623 2567.7700711
387.947598457 2567.7700711
388.542838291 2567.7700711
389.138078126 2567.7700711
389.73331796 2567.7700711
390.328557795 2567.7700711
390.923797629 2567.7700711
391.519037464 2567.7700711
392.114277298 2567.7700711
392.709517133 2567.7700711
393.304756967 2567.7700711
393.899996802 2567.7700711
394.495236636 2567.7700711
395.090476471 2567.7700711
395.685716305 2567.7700711
396.28095614 2567.7700711
396.876195974 2567.7700711
397.471435809 2567.7700711
398.066675643 2567.7700711
398.661915477 2567.7700711
399.257155312 2567.7700711
399.852395146 2567.7700711
400.447634981 2567.7700711
401.042874815 2567.7700711
401.63811465 2567.7700711
402.233354484 2567.7700711
402.828594319 2567.7700711
403.423834153 2567.7700711
404.019073988 2567.7700711
404.614313822 2567.7700711
405.209553657 2567.7700711
405.804793491 2567.7700711
406.400033326 2567.7700711
406.99527316 2567.7700711
407.590512995 2567.7700711
408.185752829 2567.7700711
408.780992664 2567.7700711
409.376232498 2567.7700711
409.971472332 2567.7700711
410.566712167 2567.7700711
411.161952001 2567.7700711
411.757191836 2567.7700711
412.35243167 2567.7700711
412.947671505 2567.7700711
413.542911339 2567.7700711
414.138151174 2567.7700711
414.733391008 2567.7700711
415.328630843 2567.7700711
415.923870677 2567.7700711
416.519110512 2567.7700711
417.114350346 2567.7700711
417.709590181 2567.7700711
418.304830015 2567.7700711
418.90006985 2567.7700711
419.495309684 2567.7700711
420.090549519 2567.7700711
420.685789353 2567.7700711
421.281029187 2567.7700711
421.876269022 2567.7700711
422.471508856 2567.7700711
423.066748691 2567.7700711
423.661988525 2567.7700711
424.25722836 2567.7700711
424.852468194 2567.7700711
425.447708029 2567.7700711
426.042947863 2567.7700711
426.638187698 2567.7700711
427.233427532 2567.7700711
427.828667367 2567.7700711
428.423907201 2567.7700711
429.019147036 2567.7700711
429.61438687 2567.7700711
430.209626705 2567.7700711
430.804866539 2567.7700711
431.400106373 2567.7700711
431.995346208 2567.7700711
432.590586042 2567.7700711
433.185825877 2567.7700711
433.781065711 2567.7700711
434.376305546 2567.7700711
434.97154538 2567.7700711
435.566785215 2567.7700711
436.162025049 2567.7700711
436.757264884 2567.7700711
437.352504718 2567.7700711
437.947744553 2567.7700711
438.542984387 2567.7700711
439.138224222 2567.7700711
439.733464056 2567.7700711
440.328703891 2567.7700711
440.923943725 2567.7700711
441.51918356 2567.7700711
442.114423394 2567.7700711
442.709663228 2567.7700711
443.304903063 2567.7700711
443.900142897 2567.7700711
444.495382732 2567.7700711
445.090622566 2567.7700711
445.685862401 2567.7700711
446.281102235 2567.7700711
446.87634207 2567.7700711
447.471581904 2567.7700711
448.066821739 2567.7700711
448.662061573 2567.7700711
449.257301408 2567.7700711
449.852541242 2567.7700711
450.447781077 2567.7700711
451.043020911 2567.7700711
451.638260746 2567.7700711
452.23350058 2567.7700711
452.828740415 2567.7700711
453.423980249 2567.7700711
454.019220083 2567.7700711
454.614459918 2567.7700711
455.209699752 2567.7700711
455.804939587 2567.7700711
456.400179421 2567.7700711
456.995419256 2567.7700711
457.59065909 2252.05892818
458.185898925 2252.05892818
458.781138759 2252.05892818
459.376378594 2252.05892818
459.971618428 2252.05892818
460.566858263 2252.05892818
461.162098097 2252.05892818
461.757337932 2252.05892818
462.352577766 2252.05892818
462.947817601 2252.05892818
463.543057435 2252.05892818
464.138297269 2252.05892818
464.733537104 2252.05892818
465.328776938 2252.05892818
465.924016773 2252.05892818
466.519256607 2252.05892818
467.114496442 2252.05892818
467.709736276 2252.05892818
468.304976111 2252.05892818
468.900215945 2252.05892818
469.49545578 2252.05892818
470.090695614 2252.05892818
470.685935449 2252.05892818
471.281175283 2252.05892818
471.876415118 2252.05892818
472.471654952 2252.05892818
473.066894787 2252.05892818
473.662134621 2252.05892818
474.257374456 2252.05892818
474.85261429 2252.05892818
475.447854124 2252.05892818
476.043093959 2252.05892818
476.638333793 2252.05892818
477.233573628 2252.05892818
477.828813462 2252.05892818
478.424053297 2252.05892818
479.019293131 2252.05892818
479.614532966 2252.05892818
480.2097728 2252.05892818
480.805012635 2252.05892818
481.400252469 2252.05892818
481.995492304 2252.05892818
482.590732138 2252.05892818
483.185971973 2252.05892818
483.781211807 2252.05892818
484.376451642 2252.05892818
484.971691476 2252.05892818
485.56693131 2252.05892818
486.162171145 2252.05892818
486.757410979 2252.05892818
487.352650814 2252.05892818
487.947890648 2252.05892818
488.543130483 2252.05892818
489.138370317 2252.05892818
489.733610152 2252.05892818
490.328849986 2252.05892818
490.924089821 2252.05892818
491.519329655 2252.05892818
492.11456949 2252.05892818
492.709809324 2252.05892818
493.305049159 2252.05892818
493.900288993 2252.05892818
494.495528828 2252.05892818
495.090768662 2252.05892818
495.686008497 2252.05892818
496.281248331 2252.05892818
496.876488165 2252.05892818
497.471728 2252.05892818
498.066967834 2252.05892818
498.662207669 2252.05892818
499.257447503 2252.05892818
499.852687338 2252.05892818
500.447927172 2252.05892818
501.043167007 2252.05892818
501.638406841 2252.05892818
502.233646676 2252.05892818
502.82888651 2252.05892818
503.424126345 2252.05892818
504.019366179 2252.05892818
504.614606014 2252.05892818
505.209845848 2252.05892818
505.805085683 2252.05892818
506.400325517 2252.05892818
506.995565352 2252.05892818
507.590805186 2252.05892818
508.18604502 2252.05892818
508.781284855 2252.05892818
509.376524689 2252.05892818
509.971764524 2252.05892818
510.567004358 2252.05892818
511.162244193 2252.05892818
511.757484027 2252.05892818
512.352723862 2252.05892818
512.947963696 2252.05892818
513.543203531 2252.05892818
514.138443365 2252.05892818
514.7336832 2252.05892818
515.328923034 2252.05892818
515.924162869 2252.05892818
516.519402703 2252.05892818
517.114642538 2252.05892818
517.709882372 2252.05892818
518.305122206 2252.05892818
518.900362041 2252.05892818
519.495601875 2252.05892818
520.09084171 2252.05892818
520.686081544 2252.05892818
521.281321379 2252.05892818
521.876561213 2252.05892818
522.471801048 2252.05892818
523.067040882 2252.05892818
523.662280717 2252.05892818
524.257520551 2252.05892818
524.852760386 2252.05892818
525.44800022 2252.05892818
526.043240055 2252.05892818
526.638479889 2252.05892818
527.233719724 2252.05892818
527.828959558 2252.05892818
528.424199393 2252.05892818
529.019439227 2252.05892818
529.614679061 2252.05892818
530.209918896 2252.05892818
530.80515873 2252.05892818
531.400398565 2252.05892818
531.995638399 2252.05892818
532.590878234 2252.05892818
533.186118068 2252.05892818
533.781357903 2883.48121403
534.376597737 2883.48121403
534.971837572 2883.48121403
535.567077406 2883.48121403
536.162317241 2883.48121403
536.757557075 2883.48121403
537.35279691 2883.48121403
537.948036744 2883.48121403
538.543276579 2883.48121403
539.138516413 2883.48121403
539.733756248 2883.48121403
540.328996082 2883.48121403
540.924235916 2883.48121403
541.519475751 2883.48121403
542.114715585 2883.48121403
542.70995542 2883.48121403
543.305195254 2883.48121403
543.900435089 2883.48121403
544.495674923 2883.48121403
545.090914758 2883.48121403
545.686154592 2883.48121403
546.281394427 2883.48121403
546.876634261 2883.48121403
547.471874096 2883.48121403
548.06711393 2883.48121403
548.662353765 2883.48121403
549.257593599 2883.48121403
549.852833434 2883.48121403
550.448073268 2883.48121403
551.043313102 2883.48121403
551.638552937 2883.48121403
552.233792771 2883.48121403
552.829032606 2883.48121403
553.42427244 2883.48121403
554.019512275 2883.48121403
554.614752109 2883.48121403
555.209991944 2883.48121403
555.805231778 2883.48121403
556.400471613 2883.48121403
556.995711447 2883.48121403
557.590951282 2883.48121403
558.186191116 2883.48121403
558.781430951 2883.48121403
559.376670785 2883.48121403
559.97191062 2883.48121403
560.567150454 2883.48121403
561.162390289 2883.48121403
561.757630123 2883.48121403
562.352869957 2883.48121403
562.948109792 2883.48121403
563.543349626 2883.48121403
564.138589461 2883.48121403
564.733829295 2883.48121403
565.32906913 2883.48121403
565.924308964 2883.48121403
566.519548799 2883.48121403
567.114788633 2883.48121403
567.710028468 2883.48121403
568.305268302 2883.48121403
568.900508137 2883.48121403
569.495747971 2883.48121403
570.090987806 2883.48121403
570.68622764 2883.48121403
571.281467475 2883.48121403
571.876707309 2883.48121403
572.471947144 2883.48121403
573.067186978 2883.48121403
573.662426812 2883.48121403
574.257666647 2883.48121403
574.852906481 2883.48121403
575.448146316 2883.48121403
576.04338615 2883.48121403
576.638625985 2883.48121403
577.233865819 2883.48121403
577.829105654 2883.48121403
578.424345488 2883.48121403
579.019585323 2883.48121403
579.614825157 2883.48121403
580.210064992 2883.48121403
580.805304826 2883.48121403
581.400544661 2883.48121403
581.995784495 2883.48121403
582.59102433 2883.48121403
583.186264164 2883.48121403
583.781503998 2883.48121403
584.376743833 2883.48121403
584.971983667 2883.48121403
585.567223502 2883.48121403
586.162463336 2883.48121403
586.757703171 2883.48121403
587.352943005 2883.48121403
587.94818284 2883.48121403
588.543422674 2883.48121403
589.138662509 2883.48121403
589.733902343 2883.48121403
590.329142178 2883.48121403
590.924382012 2883.48121403
591.519621847 2883.48121403
592.114861681 2883.48121403
592.710101516 2883.48121403
593.30534135 2883.48121403
593.900581185 2883.48121403
594.495821019 2883.48121403
595.091060853 2883.48121403
595.686300688 2883.48121403
596.281540522 2883.48121403
596.876780357 2883.48121403
597.472020191 2883.48121403
598.067260026 2883.48121403
598.66249986 2883.48121403
599.257739695 2883.48121403
599.852979529 2883.48121403
600.448219364 2883.48121403
601.043459198 2883.48121403
601.638699033 2883.48121403
602.233938867 2883.48121403
602.829178702 2883.48121403
603.424418536 2883.48121403
604.019658371 2883.48121403
604.614898205 2883.48121403
605.21013804 2883.48121403
605.805377874 2883.48121403
606.400617708 2883.48121403
606.995857543 2883.48121403
607.591097377 2883.48121403
608.186337212 2883.48121403
608.781577046 2883.48121403
609.376816881 2883.48121403
609.972056715 6060.33096222
610.56729655 6060.33096222
611.162536384 6060.33096222
611.757776219 6060.33096222
612.353016053 6060.33096222
612.948255888 6060.33096222
613.543495722 6060.33096222
614.138735557 6060.33096222
614.733975391 6060.33096222
615.329215226 6060.33096222
615.92445506 6060.33096222
616.519694894 6060.33096222
617.114934729 6060.33096222
617.710174563 6060.33096222
618.305414398 6060.33096222
618.900654232 6060.33096222
619.495894067 6060.33096222
620.091133901 6060.33096222
620.686373736 6060.33096222
621.28161357 6060.33096222
621.876853405 6060.33096222
622.472093239 6060.33096222
623.067333074 6060.33096222
623.662572908 6060.33096222
624.257812743 6060.33096222
624.853052577 6060.33096222
625.448292412 6060.33096222
626.043532246 6060.33096222
626.638772081 6060.33096222
627.234011915 6060.33096222
627.829251749 6060.33096222
628.424491584 6060.33096222
629.019731418 6060.33096222
629.614971253 6060.33096222
630.210211087 6060.33096222
630.805450922 6060.33096222
631.400690756 6060.33096222
631.995930591 6060.33096222
632.591170425 6060.33096222
633.18641026 6060.33096222
633.781650094 6060.33096222
634.376889929 6060.33096222
634.972129763 6060.33096222
635.567369598 6060.33096222
636.162609432 6060.33096222
636.757849267 6060.33096222
637.353089101 6060.33096222
637.948328935 6060.33096222
638.54356877 6657.81075125
639.138808604 6657.81075125
639.734048439 6657.81075125
640.329288273 6657.81075125
640.924528108 6657.81075125
641.519767942 6657.81075125
642.115007777 6657.81075125
642.710247611 6657.81075125
643.305487446 5462.85117319
643.90072728 5462.85117319
644.495967115 5462.85117319
645.091206949 5462.85117319
645.686446784 5462.85117319
646.281686618 5462.85117319
646.876926453 5462.85117319
647.472166287 5462.85117319
648.067406122 6060.33096222
648.662645956 6060.33096222
649.25788579 6060.33096222
649.853125625 6060.33096222
650.448365459 6060.33096222
651.043605294 6060.33096222
651.638845128 6060.33096222
652.234084963 6060.33096222
652.829324797 6060.33096222
653.424564632 6060.33096222
654.019804466 6060.33096222
654.615044301 6060.33096222
655.210284135 6060.33096222
655.80552397 6060.33096222
656.400763804 6060.33096222
656.996003639 6060.33096222
657.591243473 6060.33096222
658.186483308 6060.33096222
658.781723142 6060.33096222
659.376962977 6060.33096222
659.972202811 6060.33096222
660.567442645 6060.33096222
661.16268248 6060.33096222
661.757922314 6060.33096222
662.353162149 6060.33096222
662.948401983 6060.33096222
663.543641818 6060.33096222
664.138881652 6060.33096222
664.734121487 6060.33096222
665.329361321 6060.33096222
665.924601156 6060.33096222
666.51984099 6060.33096222
667.115080825 6060.33096222
667.710320659 6060.33096222
668.305560494 6060.33096222
668.900800328 6060.33096222
669.496040163 6060.33096222
670.091279997 6060.33096222
670.686519831 6060.33096222
671.281759666 6060.33096222
671.8769995 6060.33096222
672.472239335 6060.33096222
673.067479169 6060.33096222
673.662719004 6060.33096222
674.257958838 6060.33096222
674.853198673 6060.33096222
675.448438507 6060.33096222
676.043678342 6060.33096222
676.638918176 6060.33096222
677.234158011 6060.33096222
677.829397845 6060.33096222
678.42463768 6060.33096222
679.019877514 6060.33096222
679.615117349 6060.33096222
680.210357183 6060.33096222
680.805597018 6060.33096222
681.400836852 6060.33096222
681.996076686 6060.33096222
682.591316521 6060.33096222
683.186556355 6060.33096222
683.78179619 6060.33096222
684.377036024 6060.33096222
684.972275859 6060.33096222
685.567515693 6060.33096222
686.162755528 5070.25136943
686.757995362 5070.25136943
687.353235197 5070.25136943
687.948475031 5070.25136943
688.543714866 5070.25136943
689.1389547 5070.25136943
689.734194535 5070.25136943
690.329434369 5070.25136943
690.924674204 5070.25136943
691.519914038 5070.25136943
692.115153873 5070.25136943
692.710393707 5070.25136943
693.305633541 5070.25136943
693.900873376 5070.25136943
694.49611321 5070.25136943
695.091353045 5070.25136943
695.686592879 5070.25136943
696.281832714 5070.25136943
696.877072548 5070.25136943
697.472312383 5070.25136943
698.067552217 5070.25136943
698.662792052 5070.25136943
699.258031886 5070.25136943
699.853271721 5070.25136943
700.448511555 5070.25136943
701.04375139 5070.25136943
701.638991224 5070.25136943
702.234231059 5070.25136943
702.829470893 5070.25136943
703.424710727 5070.25136943
704.019950562 5070.25136943
704.615190396 5070.25136943
705.210430231 6316.882689
705.805670065 6316.882689
706.4009099 6316.882689
706.996149734 6316.882689
707.591389569 6316.882689
708.186629403 6316.882689
708.781869238 6316.882689
709.377109072 6316.882689
709.972348907 6316.882689
710.567588741 6316.882689
711.162828576 6316.882689
711.75806841 6316.882689
712.353308245 6316.882689
712.948548079 6316.882689
713.543787914 6316.882689
714.139027748 6316.882689
714.734267582 6316.882689
715.329507417 6316.882689
715.924747251 6316.882689
716.519987086 6316.882689
717.11522692 6316.882689
717.710466755 6316.882689
718.305706589 6316.882689
718.900946424 6316.882689
719.496186258 6316.882689
720.091426093 6316.882689
720.686665927 6316.882689
721.281905762 6316.882689
721.877145596 6316.882689
722.472385431 6316.882689
723.067625265 6316.882689
723.6628651 6316.882689
724.258104934 6427.09489523
724.853344769 6427.09489523
725.448584603 6427.09489523
726.043824437 6427.09489523
726.639064272 6427.09489523
727.234304106 6427.09489523
727.829543941 6427.09489523
728.424783775 6427.09489523
729.02002361 6427.09489523
729.615263444 6427.09489523
730.210503279 6427.09489523
730.805743113 6427.09489523
731.400982948 6427.09489523
731.996222782 6427.09489523
732.591462617 6427.09489523
733.186702451 6427.09489523
733.781942286 6427.09489523
734.37718212 6427.09489523
734.972421955 6427.09489523
735.567661789 6427.09489523
736.162901623 6427.09489523
736.758141458 6427.09489523
737.353381292 6427.09489523
737.948621127 6427.09489523
738.543860961 6427.09489523
739.139100796 6427.09489523
739.73434063 6427.09489523
740.329580465 6427.09489523
740.924820299 6427.09489523
741.520060134 6427.09489523
742.115299968 6427.09489523
742.710539803 6427.09489523
743.305779637 6427.09489523
743.901019472 6427.09489523
744.496259306 6427.09489523
745.091499141 6427.09489523
745.686738975 6427.09489523
746.28197881 6427.09489523
746.877218644 6427.09489523
747.472458478 6427.09489523
748.067698313 6427.09489523
748.662938147 6427.09489523
749.258177982 6427.09489523
749.853417816 6427.09489523
750.448657651 6427.09489523
751.043897485 6427.09489523
751.63913732 6427.09489523
752.234377154 6427.09489523
752.829616989 6427.09489523
753.424856823 6427.09489523
754.020096658 6427.09489523
754.615336492 6427.09489523
755.210576327 6427.09489523
755.805816161 6427.09489523
756.401055996 6427.09489523
756.99629583 6427.09489523
757.591535665 6427.09489523
758.186775499 6427.09489523
758.782015333 6427.09489523
759.377255168 6427.09489523
759.972495002 6427.09489523
760.567734837 6427.09489523
761.162974671 6427.09489523
761.758214506 6427.09489523
762.35345434 5677.98837086
762.948694175 5677.98837086
763.543934009 5677.98837086
764.139173844 5677.98837086
764.734413678 5677.98837086
765.329653513 5677.98837086
765.924893347 5677.98837086
766.520133182 5677.98837086
767.115373016 5677.98837086
767.710612851 5677.98837086
768.305852685 5677.98837086
768.901092519 5677.98837086
769.496332354 5677.98837086
770.091572188 5677.98837086
770.686812023 5677.98837086
771.282051857 5677.98837086
771.877291692 5677.98837086
772.472531526 5677.98837086
773.067771361 5677.98837086
773.663011195 5677.98837086
774.25825103 5677.98837086
774.853490864 5677.98837086
775.448730699 5677.98837086
776.043970533 5677.98837086
776.639210368 5677.98837086
777.234450202 5677.98837086
777.829690037 5677.98837086
778.424929871 5677.98837086
779.020169706 5677.98837086
779.61540954 5677.98837086
780.210649374 5677.98837086
780.805889209 5677.98837086
781.401129043 5677.98837086
781.996368878 5677.98837086
782.591608712 5677.98837086
783.186848547 5677.98837086
783.782088381 5677.98837086
784.377328216 5677.98837086
784.97256805 5677.98837086
785.567807885 5677.98837086
786.163047719 5677.98837086
786.758287554 5677.98837086
787.353527388 5677.98837086
787.948767223 5677.98837086
788.544007057 5677.98837086
789.139246892 5677.98837086
789.734486726 5677.98837086
790.32972656 5677.98837086
790.924966395 5677.98837086
791.520206229 5677.98837086
792.115446064 5677.98837086
792.710685898 5677.98837086
793.305925733 5677.98837086
793.901165567 5677.98837086
794.496405402 5677.98837086
795.091645236 5677.98837086
795.686885071 5677.98837086
796.282124905 5677.98837086
796.87736474 5677.98837086
797.472604574 5677.98837086
798.067844409 5677.98837086
798.663084243 5677.98837086
799.258324078 5677.98837086
799.853563912 5677.98837086
800.448803747 5171.05841282
801.044043581 5171.05841282
801.639283415 5171.05841282
802.23452325 5171.05841282
802.829763084 5171.05841282
803.425002919 5171.05841282
804.020242753 5171.05841282
804.615482588 5171.05841282
805.210722422 5171.05841282
805.805962257 5171.05841282
806.401202091 5171.05841282
806.996441926 5171.05841282
807.59168176 5171.05841282
808.186921595 5171.05841282
808.782161429 5171.05841282
809.377401264 5171.05841282
809.972641098 5171.05841282
810.567880933 5171.05841282
811.163120767 5171.05841282
811.758360602 5171.05841282
812.353600436 5171.05841282
812.94884027 5171.05841282
813.544080105 5171.05841282
814.139319939 5171.05841282
814.734559774 5171.05841282
815.329799608 5171.05841282
815.925039443 5171.05841282
816.520279277 5171.05841282
817.115519112 5171.05841282
817.710758946 5171.05841282
818.305998781 5171.05841282
818.901238615 5171.05841282
819.49647845 5171.05841282
820.091718284 5171.05841282
820.686958119 5171.05841282
821.282197953 5171.05841282
821.877437788 5171.05841282
822.472677622 5171.05841282
823.067917456 5171.05841282
823.663157291 5171.05841282
824.258397125 5171.05841282
824.85363696 5171.05841282
825.448876794 5171.05841282
826.044116629 5171.05841282
826.639356463 5171.05841282
827.234596298 5171.05841282
827.829836132 5171.05841282
828.425075967 5171.05841282
829.020315801 5171.05841282
829.615555636 5171.05841282
830.21079547 5171.05841282
830.806035305 5171.05841282
831.401275139 5171.05841282
831.996514974 5171.05841282
832.591754808 5171.05841282
833.186994643 5171.05841282
833.782234477 5171.05841282
834.377474311 5171.05841282
834.972714146 5171.05841282
835.56795398 5171.05841282
836.163193815 5171.05841282
836.758433649 5171.05841282
837.353673484 5171.05841282
837.948913318 5171.05841282
838.544153153 6696.1385326
839.139392987 6696.1385326
839.734632822 6696.1385326
840.329872656 6696.1385326
840.925112491 6696.1385326
841.520352325 6696.1385326
842.11559216 6696.1385326
842.710831994 6696.1385326
843.306071829 6696.1385326
843.901311663 6696.1385326
844.496551498 6696.1385326
845.091791332 6696.1385326
845.687031166 6696.1385326
846.282271001 6696.1385326
846.877510835 6696.1385326
847.47275067 6696.1385326
848.067990504 6696.1385326
848.663230339 6696.1385326
849.258470173 6696.1385326
849.853710008 6696.1385326
850.448949842 6696.1385326
851.044189677 6696.1385326
851.639429511 6696.1385326
852.234669346 6696.1385326
852.82990918 6696.1385326
853.425149015 6696.1385326
854.020388849 6696.1385326
854.615628684 6696.1385326
855.210868518 6696.1385326
855.806108352 6696.1385326
856.401348187 6696.1385326
856.996588021 6696.1385326
857.591827856 6696.1385326
858.18706769 6696.1385326
858.782307525 6696.1385326
859.377547359 6696.1385326
859.972787194 6696.1385326
860.568027028 6696.1385326
861.163266863 6696.1385326
861.758506697 6696.1385326
862.353746532 6696.1385326
862.948986366 6696.1385326
863.544226201 6696.1385326
864.139466035 6696.1385326
864.73470587 6696.1385326
865.329945704 6696.1385326
865.925185539 6696.1385326
866.520425373 6696.1385326
867.115665207 6696.1385326
867.710905042 6696.1385326
868.306144876 6696.1385326
868.901384711 6696.1385326
869.496624545 6696.1385326
870.09186438 6696.1385326
870.687104214 6696.1385326
871.282344049 6696.1385326
871.877583883 6696.1385326
872.472823718 6696.1385326
873.068063552 6696.1385326
873.663303387 6696.1385326
874.258543221 6696.1385326
874.853783056 6696.1385326
875.44902289 6696.1385326
876.044262725 6696.1385326
876.639502559 6696.1385326
877.234742394 6696.1385326
877.829982228 6696.1385326
878.425222062 6696.1385326
879.020461897 6696.1385326
879.615701731 6696.1385326
880.210941566 6696.1385326
880.8061814 6696.1385326
881.401421235 6696.1385326
881.996661069 6696.1385326
882.591900904 6696.1385326
883.187140738 6696.1385326
883.782380573 6696.1385326
884.377620407 6696.1385326
884.972860242 6696.1385326
885.568100076 6696.1385326
886.163339911 6696.1385326
886.758579745 6696.1385326
887.35381958 6696.1385326
887.949059414 6696.1385326
888.544299248 6696.1385326
889.139539083 6696.1385326
889.734778917 6696.1385326
890.330018752 6696.1385326
890.925258586 6696.1385326
891.520498421 6696.1385326
892.115738255 6696.1385326
892.71097809 6696.1385326
893.306217924 6696.1385326
893.901457759 6696.1385326
894.496697593 6696.1385326
895.091937428 6696.1385326
895.687177262 6696.1385326
896.282417097 6696.1385326
896.877656931 6696.1385326
897.472896766 6696.1385326
898.0681366 6696.1385326
898.663376435 6696.1385326
899.258616269 6696.1385326
899.853856103 6696.1385326
900.449095938 6696.1385326
901.044335772 6696.1385326
901.639575607 6696.1385326
902.234815441 6696.1385326
902.830055276 6696.1385326
903.42529511 6696.1385326
904.020534945 6696.1385326
904.615774779 6696.1385326
905.211014614 6696.1385326
905.806254448 6696.1385326
906.401494283 6696.1385326
906.996734117 6696.1385326
907.591973952 6696.1385326
908.187213786 6696.1385326
908.782453621 6696.1385326
909.377693455 6696.1385326
909.97293329 6696.1385326
910.568173124 6696.1385326
911.163412958 6696.1385326
911.758652793 6696.1385326
912.353892627 6696.1385326
912.949132462 6696.1385326
913.544372296 6696.1385326
914.139612131 6696.1385326
914.734851965 6244.84280437
915.3300918 6244.84280437
915.925331634 6244.84280437
916.520571469 6244.84280437
917.115811303 6244.84280437
917.711051138 6244.84280437
918.306290972 6244.84280437
918.901530807 6244.84280437
919.496770641 6244.84280437
920.092010476 6244.84280437
920.68725031 6244.84280437
921.282490144 6244.84280437
921.877729979 6244.84280437
922.472969813 6244.84280437
923.068209648 6244.84280437
923.663449482 6244.84280437
924.258689317 6244.84280437
924.853929151 6244.84280437
925.449168986 6244.84280437
926.04440882 6244.84280437
926.639648655 6244.84280437
927.234888489 6244.84280437
927.830128324 6244.84280437
928.425368158 6244.84280437
929.020607993 6244.84280437
929.615847827 6244.84280437
930.211087662 6244.84280437
930.806327496 6244.84280437
931.401567331 6244.84280437
931.996807165 6244.84280437
932.592046999 6244.84280437
933.187286834 6244.84280437
933.782526668 6244.84280437
934.377766503 6244.84280437
934.973006337 6244.84280437
935.568246172 6244.84280437
936.163486006 6244.84280437
936.758725841 6244.84280437
937.353965675 6244.84280437
937.94920551 6244.84280437
938.544445344 6244.84280437
939.139685179 6244.84280437
939.734925013 6244.84280437
940.330164848 6244.84280437
940.925404682 6244.84280437
941.520644517 6244.84280437
942.115884351 6244.84280437
942.711124185 6244.84280437
943.30636402 6244.84280437
943.901603854 6244.84280437
944.496843689 6244.84280437
945.092083523 6244.84280437
945.687323358 6244.84280437
946.282563192 6244.84280437
946.877803027 6244.84280437
947.473042861 6244.84280437
948.068282696 6244.84280437
948.66352253 6244.84280437
949.258762365 6244.84280437
949.854002199 6244.84280437
950.449242034 6244.84280437
951.044481868 6244.84280437
951.639721703 6244.84280437
952.234961537 6244.84280437
952.830201372 6244.84280437
953.425441206 6244.84280437
954.02068104 6244.84280437
954.615920875 6244.84280437
955.211160709 6244.84280437
955.806400544 6244.84280437
956.401640378 6244.84280437
956.996880213 6244.84280437
957.592120047 6244.84280437
958.187359882 6244.84280437
958.782599716 6244.84280437
959.377839551 6244.84280437
959.973079385 6244.84280437
960.56831922 6244.84280437
961.163559054 6244.84280437
961.758798889 6244.84280437
962.354038723 6244.84280437
962.949278558 6244.84280437
963.544518392 6244.84280437
964.139758227 6244.84280437
964.734998061 6244.84280437
965.330237895 6244.84280437
965.92547773 6244.84280437
966.520717564 6244.84280437
967.115957399 6244.84280437
967.711197233 6244.84280437
968.306437068 6244.84280437
968.901676902 6244.84280437
969.496916737 6244.84280437
970.092156571 6244.84280437
970.687396406 6244.84280437
971.28263624 6244.84280437
971.877876075 6244.84280437
972.473115909 6244.84280437
973.068355744 6244.84280437
973.663595578 6244.84280437
974.258835413 6244.84280437
974.854075247 6244.84280437
975.449315081 6244.84280437
976.044554916 6244.84280437
976.63979475 6244.84280437
977.235034585 6244.84280437
977.830274419 6244.84280437
978.425514254 6244.84280437
979.020754088 6244.84280437
979.615993923 6244.84280437
980.211233757 6244.84280437
980.806473592 6244.84280437
981.401713426 6244.84280437
981.996953261 6244.84280437
982.592193095 6244.84280437
983.18743293 6244.84280437
983.782672764 6244.84280437
984.377912599 6244.84280437
984.973152433 6244.84280437
985.568392268 6244.84280437
986.163632102 6244.84280437
986.758871936 6244.84280437
987.354111771 6244.84280437
987.949351605 6244.84280437
988.54459144 6244.84280437
989.139831274 6244.84280437
989.735071109 6244.84280437
990.330310943 6244.84280437
990.925550778 6244.84280437
991.520790612 6244.84280437
992.116030447 6244.84280437
992.711270281 6244.84280437
993.306510116 6244.84280437
993.90174995 6244.84280437
994.496989785 6244.84280437
995.092229619 6244.84280437
995.687469454 6244.84280437
996.282709288 6244.84280437
996.877949123 6244.84280437
997.473188957 6244.84280437
998.068428791 6244.84280437
998.663668626 6244.84280437
999.25890846 6244.84280437
999.854148295 6244.84280437
1000.44938813 6244.84280437
1001.04462796 6244.84280437
1001.6398678 6244.84280437
1002.23510763 6244.84280437
1002.83034747 6244.84280437
1003.4255873 6244.84280437
1004.02082714 6244.84280437
1004.61606697 6244.84280437
1005.21130681 6244.84280437
1005.80654664 6244.84280437
1006.40178647 6244.84280437
1006.99702631 6244.84280437
1007.59226614 6244.84280437
1008.18750598 6244.84280437
1008.78274581 6244.84280437
1009.37798565 6244.84280437
1009.97322548 6244.84280437
1010.56846532 6244.84280437
1011.16370515 6244.84280437
1011.75894498 6244.84280437
1012.35418482 6244.84280437
1012.94942465 6244.84280437
1013.54466449 6244.84280437
1014.13990432 6244.84280437
1014.73514416 6244.84280437
1015.33038399 6244.84280437
1015.92562383 6244.84280437
1016.52086366 6244.84280437
1017.11610349 6244.84280437
1017.71134333 6244.84280437
1018.30658316 6244.84280437
1018.901823 6244.84280437
1019.49706283 6244.84280437
1020.09230267 6244.84280437
1020.6875425 6244.84280437
1021.28278234 6244.84280437
1021.87802217 6244.84280437
1022.473262 6244.84280437
1023.06850184 6244.84280437
1023.66374167 6244.84280437
1024.25898151 6244.84280437
1024.85422134 6244.84280437
1025.44946118 6244.84280437
1026.04470101 6244.84280437
1026.63994085 6244.84280437
1027.23518068 6244.84280437
1027.83042052 6244.84280437
1028.42566035 6244.84280437
1029.02090018 6244.84280437
1029.61614002 6244.84280437
1030.21137985 6244.84280437
1030.80661969 6244.84280437
1031.40185952 6244.84280437
1031.99709936 6244.84280437
1032.59233919 6244.84280437
1033.18757903 6244.84280437
1033.78281886 6244.84280437
1034.37805869 6244.84280437
1034.97329853 6244.84280437
1035.56853836 6244.84280437
1036.1637782 6244.84280437
1036.75901803 6244.84280437
1037.35425787 6244.84280437
1037.9494977 6244.84280437
1038.54473754 6244.84280437
1039.13997737 6244.84280437
1039.7352172 6244.84280437
1040.33045704 6244.84280437
1040.92569687 6244.84280437
1041.52093671 6244.84280437
1042.11617654 6244.84280437
1042.71141638 6244.84280437
1043.30665621 6244.84280437
1043.90189605 6244.84280437
1044.49713588 6244.84280437
1045.09237571 6244.84280437
1045.68761555 6244.84280437
1046.28285538 6244.84280437
1046.87809522 6244.84280437
1047.47333505 6244.84280437
1048.06857489 6244.84280437
1048.66381472 6244.84280437
1049.25905456 6244.84280437
1049.85429439 6244.84280437
1050.44953423 6244.84280437
1051.04477406 6244.84280437
1051.64001389 6244.84280437
1052.23525373 6244.84280437
1052.83049356 6244.84280437
1053.4257334 6244.84280437
1054.02097323 6244.84280437
1054.61621307 6244.84280437
1055.2114529 6244.84280437
1055.80669274 6244.84280437
1056.40193257 6244.84280437
1056.9971724 6244.84280437
1057.59241224 6244.84280437
1058.18765207 6244.84280437
1058.78289191 6244.84280437
1059.37813174 6244.84280437
1059.97337158 6244.84280437
1060.56861141 6244.84280437
1061.16385125 6244.84280437
1061.75909108 6244.84280437
1062.35433091 6244.84280437
1062.94957075 6244.84280437
1063.54481058 6244.84280437
1064.14005042 6244.84280437
1064.73529025 6244.84280437
1065.33053009 6244.84280437
1065.92576992 6244.84280437
1066.52100976 6244.84280437
1067.11624959 6244.84280437
1067.71148942 6244.84280437
1068.30672926 6244.84280437
1068.90196909 6244.84280437
1069.49720893 6244.84280437
1070.09244876 6244.84280437
1070.6876886 6244.84280437
1071.28292843 6244.84280437
1071.87816827 6244.84280437
1072.4734081 6244.84280437
1073.06864794 6244.84280437
1073.66388777 6244.84280437
1074.2591276 6244.84280437
1074.85436744 6244.84280437
1075.44960727 6244.84280437
1076.04484711 6244.84280437
1076.64008694 6244.84280437
1077.23532678 6244.84280437
1077.83056661 6244.84280437
1078.42580645 6244.84280437
1079.02104628 6244.84280437
1079.61628611 6244.84280437
1080.21152595 6244.84280437
1080.80676578 6244.84280437
1081.40200562 6244.84280437
1081.99724545 6244.84280437
1082.59248529 6244.84280437
1083.18772512 6244.84280437
1083.78296496 6244.84280437
1084.37820479 6244.84280437
1084.97344462 6244.84280437
1085.56868446 6244.84280437
1086.16392429 6244.84280437
1086.75916413 6244.84280437
1087.35440396 6244.84280437
1087.9496438 6244.84280437
1088.54488363 6244.84280437
1089.14012347 6244.84280437
1089.7353633 6244.84280437
1090.33060313 6244.84280437
1090.92584297 6244.84280437
1091.5210828 6244.84280437
1092.11632264 6244.84280437
1092.71156247 6244.84280437
1093.30680231 6244.84280437
1093.90204214 6244.84280437
1094.49728198 6244.84280437
1095.09252181 6244.84280437
1095.68776164 6244.84280437
1096.28300148 6244.84280437
1096.87824131 6244.84280437
1097.47348115 6244.84280437
1098.06872098 6244.84280437
1098.66396082 6244.84280437
1099.25920065 6244.84280437
1099.85444049 6244.84280437
1100.44968032 6244.84280437
1101.04492016 6244.84280437
1101.64015999 6244.84280437
1102.23539982 6244.84280437
1102.83063966 6244.84280437
1103.42587949 6244.84280437
1104.02111933 6244.84280437
1104.61635916 6244.84280437
1105.211599 6244.84280437
1105.80683883 6244.84280437
1106.40207867 6244.84280437
1106.9973185 6244.84280437
1107.59255833 6244.84280437
1108.18779817 6244.84280437
1108.783038 6244.84280437
1109.37827784 6244.84280437
1109.97351767 6244.84280437
1110.56875751 6244.84280437
1111.16399734 6244.84280437
1111.75923718 6244.84280437
1112.35447701 6244.84280437
1112.94971684 6244.84280437
1113.54495668 6244.84280437
1114.14019651 6244.84280437
1114.73543635 6244.84280437
1115.33067618 6244.84280437
1115.92591602 6244.84280437
1116.52115585 6244.84280437
1117.11639569 6244.84280437
1117.71163552 6244.84280437
1118.30687535 6244.84280437
1118.90211519 6244.84280437
1119.49735502 6244.84280437
1120.09259486 6244.84280437
1120.68783469 6244.84280437
1121.28307453 6244.84280437
1121.87831436 6244.84280437
1122.4735542 6244.84280437
1123.06879403 6244.84280437
1123.66403387 6244.84280437
1124.2592737 6244.84280437
1124.85451353 6244.84280437
1125.44975337 6244.84280437
1126.0449932 6244.84280437
1126.64023304 6244.84280437
1127.23547287 6244.84280437
1127.83071271 6244.84280437
1128.42595254 6244.84280437
1129.02119238 6244.84280437
1129.61643221 6244.84280437
1130.21167204 6244.84280437
1130.80691188 6244.84280437
1131.40215171 6244.84280437
1131.99739155 6244.84280437
1132.59263138 6244.84280437
1133.18787122 6244.84280437
1133.78311105 6244.84280437
1134.37835089 6244.84280437
1134.97359072 6244.84280437
1135.56883055 6244.84280437
1136.16407039 6244.84280437
1136.75931022 6244.84280437
1137.35455006 6244.84280437
1137.94978989 6244.84280437
1138.54502973 6244.84280437
1139.14026956 6244.84280437
1139.7355094 6244.84280437
1140.33074923 6244.84280437
1140.92598906 6244.84280437
1141.5212289 6244.84280437
1142.11646873 6244.84280437
1142.71170857 6244.84280437
1143.3069484 6244.84280437
1143.90218824 6244.84280437
1144.49742807 6244.84280437
1145.09266791 6244.84280437
1145.68790774 6244.84280437
1146.28314758 6244.84280437
1146.87838741 6244.84280437
1147.47362724 6244.84280437
1148.06886708 6244.84280437
1148.66410691 6244.84280437
1149.25934675 6244.84280437
1149.85458658 6244.84280437
1150.44982642 6244.84280437
1151.04506625 6244.84280437
1151.64030609 6244.84280437
1152.23554592 6244.84280437
1152.83078575 6244.84280437
1153.42602559 6244.84280437
1154.02126542 6244.84280437
1154.61650526 6244.84280437
1155.21174509 6244.84280437
1155.80698493 6244.84280437
1156.40222476 6244.84280437
1156.9974646 6244.84280437
1157.59270443 6244.84280437
1158.18794426 6244.84280437
1158.7831841 6244.84280437
1159.37842393 6244.84280437
1159.97366377 6244.84280437
1160.5689036 6244.84280437
1161.16414344 6244.84280437
1161.75938327 6244.84280437
1162.35462311 6244.84280437
1162.94986294 6244.84280437
1163.54510277 6244.84280437
1164.14034261 6244.84280437
1164.73558244 6244.84280437
1165.33082228 6244.84280437
1165.92606211 6244.84280437
1166.52130195 6244.84280437
1167.11654178 6244.84280437
1167.71178162 6244.84280437
1168.30702145 6244.84280437
1168.90226129 6244.84280437
1169.49750112 6244.84280437
1170.09274095 6244.84280437
1170.68798079 6244.84280437
1171.28322062 6244.84280437
1171.87846046 6244.84280437
1172.47370029 6244.84280437
1173.06894013 6244.84280437
1173.66417996 6244.84280437
1174.2594198 6244.84280437
1174.85465963 6244.84280437
1175.44989946 6244.84280437
1176.0451393 6244.84280437
1176.64037913 6244.84280437
1177.23561897 6244.84280437
1177.8308588 6244.84280437
1178.42609864 6244.84280437
1179.02133847 6244.84280437
1179.61657831 6244.84280437
1180.21181814 6244.84280437
1180.80705797 6244.84280437
1181.40229781 6244.84280437
1181.99753764 6244.84280437
1182.59277748 6244.84280437
1183.18801731 6244.84280437
1183.78325715 6244.84280437
1184.37849698 6244.84280437
1184.97373682 6244.84280437
1185.56897665 6244.84280437
1186.16421648 6244.84280437
1186.75945632 6244.84280437
1187.35469615 6244.84280437
1187.94993599 6244.84280437
1188.54517582 6244.84280437
1189.14041566 6244.84280437
1189.73565549 6244.84280437
1190.33089533 6244.84280437
1190.92613516 6244.84280437
1191.521375 6244.84280437
1192.11661483 6244.84280437
1192.71185466 6244.84280437
1193.3070945 6244.84280437
1193.90233433 6244.84280437
1194.49757417 6244.84280437
1195.092814 6244.84280437
1195.68805384 6244.84280437
1196.28329367 6244.84280437
1196.87853351 6244.84280437
1197.47377334 6244.84280437
1198.06901317 6244.84280437
1198.66425301 6244.84280437
1199.25949284 6244.84280437
1199.85473268 6244.84280437
1200.44997251 6244.84280437
1201.04521235 6244.84280437
1201.64045218 6244.84280437
1202.23569202 6244.84280437
1202.83093185 6244.84280437
1203.42617168 6244.84280437
1204.02141152 6244.84280437
1204.61665135 6244.84280437
1205.21189119 6244.84280437
1205.80713102 6244.84280437
1206.40237086 6244.84280437
1206.99761069 6244.84280437
1207.59285053 6244.84280437
1208.18809036 6244.84280437
1208.78333019 6244.84280437
1209.37857003 6244.84280437
1209.97380986 6244.84280437
1210.5690497 6244.84280437
1211.16428953 6244.84280437
1211.75952937 6244.84280437
1212.3547692 6244.84280437
1212.95000904 6244.84280437
1213.54524887 6244.84280437
1214.14048871 6244.84280437
1214.73572854 6244.84280437
1215.33096837 6244.84280437
1215.92620821 6244.84280437
1216.52144804 6244.84280437
1217.11668788 6244.84280437
1217.71192771 6244.84280437
1218.30716755 6244.84280437
1218.90240738 6244.84280437
