0.446466215283 1775.935434
1.04170604976 1775.935434
1.63694588423 1775.935434
2.2321857187 1775.935434
2.82742555317 1775.935434
3.42266538765 1775.935434
4.01790522212 1775.935434
4.61314505659 1775.935434
5.20838489106 1775.935434
5.80362472554 1775.935434
6.39886456001 1775.935434
6.99410439448 1775.935434
7.58934422895 1775.935434
8.18458406343 1775.935434
8.7798238979 1775.935434
9.37506373237 1775.935434
9.97030356685 1775.935434
10.5655434013 1775.935434
11.1607832358 1775.935434
11.7560230703 1775.935434
12.3512629047 1775.935434
12.9465027392 1775.935434
13.5417425737 1775.935434
14.1369824082 1775.935434
14.7322222426 1775.935434
15.3274620771 1775.935434
15.9227019116 1775.935434
16.517941746 1775.935434
17.1131815805 1775.935434
17.708421415 1775.935434
18.3036612495 1775.935434
18.8989010839 1775.935434
19.4941409184 1775.935434
20.0893807529 1775.935434
20.6846205874 1775.935434
21.2798604218 1775.935434
21.8751002563 1775.935434
22.4703400908 1775.935434
23.0655799252 1775.935434
23.6608197597 1775.935434
24.2560595942 1775.935434
24.8512994287 1775.935434
25.4465392631 1775.935434
26.0417790976 1775.935434
26.6370189321 1775.935434
27.2322587666 1775.935434
27.827498601 1775.935434
28.4227384355 1775.935434
29.01797827 1775.935434
29.6132181044 1775.935434
30.2084579389 1775.935434
30.8036977734 1775.935434
31.3989376079 1775.935434
31.9941774423 1775.935434
32.5894172768 1775.935434
33.1846571113 1775.935434
33.7798969458 1775.935434
34.3751367802 1775.935434
34.9703766147 1775.935434
35.5656164492 1775.935434
36.1608562836 1775.935434
36.7560961181 1775.935434
37.3513359526 1775.935434
37.9465757871 1775.935434
38.5418156215 1775.935434
39.137055456 1775.935434
39.7322952905 1775.935434
40.327535125 1775.935434
40.9227749594 1775.935434
41.5180147939 1775.935434
42.1132546284 1775.935434
42.7084944628 1775.935434
43.3037342973 1775.935434
43.8989741318 1775.935434
44.4942139663 1775.935434
45.0894538007 1775.935434
45.6846936352 1775.935434
46.2799334697 1775.935434
46.8751733041 1775.935434
47.4704131386 1775.935434
48.0656529731 1775.935434
48.6608928076 1775.935434
49.256132642 1775.935434
49.8513724765 1775.935434
50.446612311 1775.935434
51.0418521455 1775.935434
51.6370919799 1775.935434
52.2323318144 1775.935434
52.8275716489 1775.935434
53.4228114833 1775.935434
54.0180513178 1775.935434
54.6132911523 1775.935434
55.2085309868 1775.935434
55.8037708212 1775.935434
56.3990106557 1775.935434
56.9942504902 1775.935434
57.5894903247 1775.935434
58.1847301591 1775.935434
58.7799699936 1775.935434
59.3752098281 1775.935434
59.9704496625 1775.935434
60.565689497 1775.935434
61.1609293315 1775.935434
61.756169166 1775.935434
62.3514090004 1775.935434
62.9466488349 1775.935434
63.5418886694 1775.935434
64.1371285039 1775.935434
64.7323683383 1775.935434
65.3276081728 1775.935434
65.9228480073 1775.935434
66.5180878417 1775.935434
67.1133276762 1775.935434
67.7085675107 1775.935434
68.3038073452 1775.935434
68.8990471796 1775.935434
69.4942870141 1775.935434
70.0895268486 1775.935434
70.6847666831 1775.935434
71.2800065175 1775.935434
71.875246352 1775.935434
72.4704861865 1775.935434
73.0657260209 1775.935434
73.6609658554 1775.935434
74.2562056899 1775.935434
74.8514455244 1775.935434
75.4466853588 1775.935434
76.0419251933 1775.935434
76.6371650278 1775.935434
77.2324048623 1775.935434
77.8276446967 1775.935434
78.4228845312 1775.935434
79.0181243657 1775.935434
79.6133642001 1775.935434
80.2086040346 1775.935434
80.8038438691 1775.935434
81.3990837036 1775.935434
81.994323538 1775.935434
82.5895633725 1775.935434
83.184803207 1775.935434
83.7800430415 1775.935434
84.3752828759 1775.935434
84.9705227104 1775.935434
85.5657625449 1775.935434
86.1610023793 1775.935434
86.7562422138 1775.935434
87.3514820483 1775.935434
87.9467218828 1775.935434
88.5419617172 1775.935434
89.1372015517 1775.935434
89.7324413862 1775.935434
90.3276812207 1775.935434
90.9229210551 1775.935434
91.5181608896 1775.935434
92.1134007241 1775.935434
92.7086405585 1775.935434
93.303880393 1775.935434
93.8991202275 1775.935434
94.494360062 1775.935434
95.0895998964 1775.935434
95.6848397309 1775.935434
96.2800795654 1775.935434
96.8753193999 1775.935434
97.4705592343 1775.935434
98.0657990688 1775.935434
98.6610389033 1775.935434
99.2562787377 1775.935434
99.8515185722 1775.935434
100.446758407 1775.935434
101.041998241 1775.935434
101.637238076 1775.935434
102.23247791 1775.935434
102.827717745 1775.935434
103.422957579 1775.935434
104.018197414 1775.935434
104.613437248 1775.935434
105.208677082 1775.935434
105.803916917 1775.935434
106.399156751 1775.935434
106.994396586 1775.935434
107.58963642 1775.935434
108.184876255 1775.935434
108.780116089 1775.935434
109.375355924 1775.935434
109.970595758 1775.935434
110.565835593 1775.935434
111.161075427 1775.935434
111.756315262 1775.935434
112.351555096 1775.935434
112.946794931 1775.935434
113.542034765 1775.935434
114.1372746 1775.935434
114.732514434 1775.935434
115.327754269 1775.935434
115.922994103 1775.935434
116.518233937 1775.935434
117.113473772 1775.935434
117.708713606 1775.935434
118.303953441 1775.935434
118.899193275 1775.935434
119.49443311 1775.935434
120.089672944 1775.935434
120.684912779 1775.935434
121.280152613 1775.935434
121.875392448 1775.935434
122.470632282 1775.935434
123.065872117 1775.935434
123.661111951 1775.935434
124.256351786 1775.935434
124.85159162 1775.935434
125.446831455 1775.935434
126.042071289 1775.935434
126.637311123 1775.935434
127.232550958 1775.935434
127.827790792 1775.935434
128.423030627 1775.935434
129.018270461 1775.935434
129.613510296 1775.935434
130.20875013 1775.935434
130.803989965 1775.935434
131.399229799 1775.935434
131.994469634 1775.935434
132.589709468 1775.935434
133.184949303 1775.935434
133.780189137 1775.935434
134.375428972 1775.935434
134.970668806 1775.935434
135.565908641 1775.935434
136.161148475 1775.935434
136.75638831 1775.935434
137.351628144 1775.935434
137.946867978 1775.935434
138.542107813 1775.935434
139.137347647 1775.935434
139.732587482 1775.935434
140.327827316 1775.935434
140.923067151 1775.935434
141.518306985 1775.935434
142.11354682 1775.935434
142.708786654 1775.935434
143.304026489 1775.935434
143.899266323 1775.935434
144.494506158 1775.935434
145.089745992 1775.935434
145.684985827 1775.935434
146.280225661 1775.935434
146.875465496 1775.935434
147.47070533 1775.935434
148.065945165 1775.935434
148.661184999 1775.935434
149.256424833 1775.935434
149.851664668 1775.935434
150.446904502 1775.935434
151.042144337 1775.935434
151.637384171 1775.935434
152.232624006 1775.935434
152.82786384 1775.935434
153.423103675 1775.935434
154.018343509 1775.935434
154.613583344 1775.935434
155.208823178 1775.935434
155.804063013 1775.935434
156.399302847 1775.935434
156.994542682 1775.935434
157.589782516 1775.935434
158.185022351 1775.935434
158.780262185 1775.935434
159.375502019 1775.935434
159.970741854 1775.935434
160.565981688 1775.935434
161.161221523 1775.935434
161.756461357 1775.935434
162.351701192 1775.935434
162.946941026 1775.935434
163.542180861 1775.935434
164.137420695 1775.935434
164.73266053 1775.935434
165.327900364 1775.935434
165.923140199 1775.935434
166.518380033 1775.935434
167.113619868 1775.935434
167.708859702 1775.935434
168.304099537 1775.935434
168.899339371 1775.935434
169.494579206 1775.935434
170.08981904 1775.935434
170.685058874 1775.935434
171.280298709 1775.935434
171.875538543 1775.935434
172.470778378 1775.935434
173.066018212 1775.935434
173.661258047 1775.935434
174.256497881 1775.935434
174.851737716 1775.935434
175.44697755 1775.935434
176.042217385 1775.935434
176.637457219 1775.935434
177.232697054 1775.935434
177.827936888 1775.935434
178.423176723 1775.935434
179.018416557 1775.935434
179.613656392 1775.935434
180.208896226 1775.935434
180.80413606 1775.935434
181.399375895 1775.935434
181.994615729 1775.935434
182.589855564 1775.935434
183.185095398 1775.935434
183.780335233 1775.935434
184.375575067 1775.935434
184.970814902 1775.935434
185.566054736 1775.935434
186.161294571 1775.935434
186.756534405 1775.935434
187.35177424 1775.935434
187.947014074 1775.935434
188.542253909 1775.935434
189.137493743 1775.935434
189.732733578 1775.935434
190.327973412 1775.935434
190.923213247 1775.935434
191.518453081 1775.935434
192.113692915 1775.935434
192.70893275 1775.935434
193.304172584 1775.935434
193.899412419 1775.935434
194.494652253 1775.935434
195.089892088 1775.935434
195.685131922 1775.935434
196.280371757 1775.935434
196.875611591 1775.935434
197.470851426 1775.935434
198.06609126 1775.935434
198.661331095 1775.935434
199.256570929 1775.935434
199.851810764 1775.935434
200.447050598 1775.935434
201.042290433 1775.935434
201.637530267 1775.935434
202.232770102 1775.935434
202.828009936 1775.935434
203.42324977 1775.935434
204.018489605 1775.935434
204.613729439 1775.935434
205.208969274 1775.935434
205.804209108 1775.935434
206.399448943 1775.935434
206.994688777 1775.935434
207.589928612 1775.935434
208.185168446 1775.935434
208.780408281 1775.935434
209.375648115 1775.935434
209.97088795 1775.935434
210.566127784 1775.935434
211.161367619 1775.935434
211.756607453 1775.935434
212.351847288 1775.935434
212.947087122 1775.935434
213.542326956 1775.935434
214.137566791 1775.935434
214.732806625 1775.935434
215.32804646 1775.935434
215.923286294 1775.935434
216.518526129 1775.935434
217.113765963 1775.935434
217.709005798 1775.935434
218.304245632 1775.935434
218.899485467 1775.935434
219.494725301 1775.935434
220.089965136 1775.935434
220.68520497 1775.935434
221.280444805 1775.935434
221.875684639 1775.935434
222.470924474 1775.935434
223.066164308 1775.935434
223.661404143 1775.935434
224.256643977 1775.935434
224.851883811 1775.935434
225.447123646 1775.935434
226.04236348 1775.935434
226.637603315 1775.935434
227.232843149 1775.935434
227.828082984 1775.935434
228.423322818 1775.935434
229.018562653 1775.935434
229.613802487 1775.935434
230.209042322 1775.935434
230.804282156 1775.935434
231.399521991 1775.935434
231.994761825 1775.935434
232.59000166 1775.935434
233.185241494 1775.935434
233.780481329 1775.935434
234.375721163 1775.935434
234.970960998 1775.935434
235.566200832 1775.935434
236.161440666 1775.935434
236.756680501 1775.935434
237.351920335 1775.935434
237.94716017 1775.935434
238.542400004 1775.935434
239.137639839 1775.935434
239.732879673 1775.935434
240.328119508 1775.935434
240.923359342 1775.935434
241.518599177 1775.935434
242.113839011 1775.935434
242.709078846 1775.935434
243.30431868 1775.935434
243.899558515 1775.935434
244.494798349 1775.935434
245.090038184 1775.935434
245.685278018 1775.935434
246.280517852 1775.935434
246.875757687 1775.935434
247.470997521 1775.935434
248.066237356 1775.935434
248.66147719 1775.935434
249.256717025 1775.935434
249.851956859 1775.935434
250.447196694 1775.935434
251.042436528 1775.935434
251.637676363 1775.935434
252.232916197 1775.935434
252.828156032 1775.935434
253.423395866 1775.935434
254.018635701 1775.935434
254.613875535 1775.935434
255.20911537 1775.935434
255.804355204 1775.935434
256.399595039 1775.935434
256.994834873 1775.935434
257.590074707 1775.935434
258.185314542 1775.935434
258.780554376 1775.935434
259.375794211 1775.935434
259.971034045 1775.935434
260.56627388 1775.935434
261.161513714 1775.935434
261.756753549 1775.935434
262.351993383 1775.935434
262.947233218 1775.935434
263.542473052 1775.935434
264.137712887 1775.935434
264.732952721 1775.935434
265.328192556 1775.935434
265.92343239 1775.935434
266.518672225 1775.935434
267.113912059 1775.935434
267.709151894 1775.935434
268.304391728 1775.935434
268.899631562 1775.935434
269.494871397 1775.935434
270.090111231 1775.935434
270.685351066 1775.935434
271.2805909 1775.935434
271.875830735 1775.935434
272.471070569 1775.935434
273.066310404 1775.935434
273.661550238 1775.935434
274.256790073 1775.935434
274.852029907 1775.935434
275.447269742 1775.935434
276.042509576 1775.935434
276.637749411 1775.935434
277.232989245 1775.935434
277.82822908 1775.935434
278.423468914 1775.935434
279.018708748 1775.935434
279.613948583 1775.935434
280.209188417 1775.935434
280.804428252 1775.935434
281.399668086 1775.935434
281.994907921 1775.935434
282.590147755 1775.935434
283.18538759 1775.935434
283.780627424 1775.935434
284.375867259 1775.935434
284.971107093 1775.935434
285.566346928 1775.935434
286.161586762 1775.935434
286.756826597 1775.935434
287.352066431 1775.935434
287.947306266 1775.935434
288.5425461 1775.935434
289.137785935 1775.935434
289.733025769 1775.935434
290.328265603 1775.935434
290.923505438 1775.935434
291.518745272 1775.935434
292.113985107 1775.935434
292.709224941 1775.935434
293.304464776 1775.935434
293.89970461 1775.935434
294.494944445 1775.935434
295.090184279 1775.935434
295.685424114 1775.935434
296.280663948 1775.935434
296.875903783 1775.935434
297.471143617 1775.935434
298.066383452 1775.935434
298.661623286 1775.935434
299.256863121 1775.935434
299.852102955 1775.935434
300.44734279 1775.935434
301.042582624 1775.935434
301.637822458 1775.935434
302.233062293 1775.935434
302.828302127 1775.935434
303.423541962 1775.935434
304.018781796 1775.935434
304.614021631 1775.935434
305.209261465 1593.06905509
305.8045013 1593.06905509
306.399741134 1593.06905509
306.994980969 1593.06905509
307.590220803 1593.06905509
308.185460638 1593.06905509
308.780700472 1593.06905509
309.375940307 1593.06905509
309.971180141 1593.06905509
310.566419976 1593.06905509
311.16165981 1593.06905509
311.756899644 1593.06905509
312.352139479 1593.06905509
312.947379313 1593.06905509
313.542619148 1593.06905509
314.137858982 1593.06905509
314.733098817 1593.06905509
315.328338651 1593.06905509
315.923578486 1593.06905509
316.51881832 1593.06905509
317.114058155 1593.06905509
317.709297989 1593.06905509
318.304537824 1593.06905509
318.899777658 1593.06905509
319.495017493 1593.06905509
320.090257327 1593.06905509
320.685497162 1593.06905509
321.280736996 1593.06905509
321.875976831 1593.06905509
322.471216665 1593.06905509
323.066456499 1593.06905509
323.661696334 1593.06905509
324.256936168 1593.06905509
324.852176003 1593.06905509
325.447415837 1593.06905509
326.042655672 1593.06905509
326.637895506 1593.06905509
327.233135341 1593.06905509
327.828375175 1593.06905509
328.42361501 1593.06905509
329.018854844 1593.06905509
329.614094679 1593.06905509
330.209334513 1593.06905509
330.804574348 1593.06905509
331.399814182 1593.06905509
331.995054017 1593.06905509
332.590293851 1593.06905509
333.185533685 1593.06905509
333.78077352 1593.06905509
334.376013354 1593.06905509
334.971253189 1593.06905509
335.566493023 1593.06905509
336.161732858 1593.06905509
336.756972692 1593.06905509
337.352212527 1593.06905509
337.947452361 1593.06905509
338.542692196 1593.06905509
339.13793203 1593.06905509
339.733171865 1593.06905509
340.328411699 1593.06905509
340.923651534 1593.06905509
341.518891368 1593.06905509
342.114131203 1593.06905509
342.709371037 1593.06905509
343.304610872 1593.06905509
343.899850706 1593.06905509
344.49509054 1593.06905509
345.090330375 1593.06905509
345.685570209 1593.06905509
346.280810044 1593.06905509
346.876049878 1593.06905509
347.471289713 1593.06905509
348.066529547 1593.06905509
348.661769382 1593.06905509
349.257009216 1593.06905509
349.852249051 1593.06905509
350.447488885 1593.06905509
351.04272872 1593.06905509
351.637968554 1593.06905509
352.233208389 1593.06905509
352.828448223 1593.06905509
353.423688058 1593.06905509
354.018927892 1593.06905509
354.614167727 1593.06905509
355.209407561 1593.06905509
355.804647395 1593.06905509
356.39988723 1593.06905509
356.995127064 1593.06905509
357.590366899 1593.06905509
358.185606733 1593.06905509
358.780846568 1593.06905509
359.376086402 1593.06905509
359.971326237 1593.06905509
360.566566071 1593.06905509
361.161805906 1593.06905509
361.75704574 1593.06905509
362.352285575 1593.06905509
362.947525409 1593.06905509
363.542765244 1593.06905509
364.138005078 1593.06905509
364.733244913 1593.06905509
365.328484747 1593.06905509
365.923724581 1593.06905509
366.518964416 1593.06905509
367.11420425 1593.06905509
367.709444085 1593.06905509
368.304683919 1593.06905509
368.899923754 1593.06905509
369.495163588 1593.06905509
370.090403423 1593.06905509
370.685643257 1593.06905509
371.280883092 1593.06905509
371.876122926 1593.06905509
372.471362761 1593.06905509
373.066602595 1593.06905509
373.66184243 1593.06905509
374.257082264 1593.06905509
374.852322099 1593.06905509
375.447561933 1593.06905509
376.042801768 1593.06905509
376.638041602 1593.06905509
377.233281436 1593.06905509
377.828521271 1593.06905509
378.423761105 1593.06905509
379.01900094 1593.06905509
379.614240774 1593.06905509
380.209480609 1593.06905509
380.804720443 1593.06905509
381.399960278 1593.06905509
381.995200112 1593.06905509
382.590439947 1593.06905509
383.185679781 1593.06905509
383.780919616 1593.06905509
384.37615945 1593.06905509
384.971399285 1593.06905509
385.566639119 1593.06905509
386.161878954 1593.06905509
386.757118788 1593.06905509
387.352358623 1593.06905509
387.947598457 1593.06905509
388.542838291 1593.06905509
389.138078126 1593.06905509
389.73331796 1593.06905509
390.328557795 1593.06905509
390.923797629 1593.06905509
391.519037464 1593.06905509
392.114277298 1593.06905509
392.709517133 1593.06905509
393.304756967 1593.06905509
393.899996802 1593.06905509
394.495236636 1593.06905509
395.090476471 1593.06905509
395.685716305 1593.06905509
396.28095614 1593.06905509
396.876195974 1593.06905509
397.471435809 1593.06905509
398.066675643 1593.06905509
398.661915477 1593.06905509
399.257155312 1593.06905509
399.852395146 1593.06905509
400.447634981 1593.06905509
401.042874815 1593.06905509
401.63811465 1593.06905509
402.233354484 1593.06905509
402.828594319 1593.06905509
403.423834153 1593.06905509
404.019073988 1593.06905509
404.614313822 1593.06905509
405.209553657 1593.06905509
405.804793491 1593.06905509
406.400033326 1593.06905509
406.99527316 1593.06905509
407.590512995 1593.06905509
408.185752829 1593.06905509
408.780992664 1593.06905509
409.376232498 1593.06905509
409.971472332 1593.06905509
410.566712167 1593.06905509
411.161952001 1593.06905509
411.757191836 1593.06905509
412.35243167 1593.06905509
412.947671505 1593.06905509
413.542911339 1593.06905509
414.138151174 1593.06905509
414.733391008 1593.06905509
415.328630843 1593.06905509
415.923870677 1593.06905509
416.519110512 1593.06905509
417.114350346 1593.06905509
417.709590181 1593.06905509
418.304830015 1593.06905509
418.90006985 1593.06905509
419.495309684 1593.06905509
420.090549519 1593.06905509
420.685789353 1593.06905509
421.281029187 1593.06905509
421.876269022 1593.06905509
422.471508856 1593.06905509
423.066748691 1593.06905509
423.661988525 1593.06905509
424.25722836 1593.06905509
424.852468194 1593.06905509
425.447708029 1593.06905509
426.042947863 1593.06905509
426.638187698 1593.06905509
427.233427532 1593.06905509
427.828667367 1593.06905509
428.423907201 1593.06905509
429.019147036 1593.06905509
429.61438687 1593.06905509
430.209626705 1593.06905509
430.804866539 1593.06905509
431.400106373 1593.06905509
431.995346208 1593.06905509
432.590586042 1593.06905509
433.185825877 1593.06905509
433.781065711 1593.06905509
434.376305546 1593.06905509
434.97154538 1593.06905509
435.566785215 1593.06905509
436.162025049 1593.06905509
436.757264884 1593.06905509
437.352504718 1593.06905509
437.947744553 1593.06905509
438.542984387 1593.06905509
439.138224222 1593.06905509
439.733464056 1593.06905509
440.328703891 1593.06905509
440.923943725 1593.06905509
441.51918356 1593.06905509
442.114423394 1593.06905509
442.709663228 1593.06905509
443.304903063 1593.06905509
443.900142897 1593.06905509
444.495382732 1593.06905509
445.090622566 1593.06905509
445.685862401 1593.06905509
446.281102235 1593.06905509
446.87634207 1593.06905509
447.471581904 1593.06905509
448.066821739 1593.06905509
448.662061573 1593.06905509
449.257301408 1593.06905509
449.852541242 1593.06905509
450.447781077 1593.06905509
451.043020911 1593.06905509
451.638260746 1593.06905509
452.23350058 1593.06905509
452.828740415 1593.06905509
453.423980249 1593.06905509
454.019220083 1593.06905509
454.614459918 1593.06905509
455.209699752 1593.06905509
455.804939587 1593.06905509
456.400179421 1593.06905509
456.995419256 1593.06905509
457.59065909 1389.56327579
458.185898925 1389.56327579
458.781138759 1389.56327579
459.376378594 1389.56327579
459.971618428 1389.56327579
460.566858263 1389.56327579
461.162098097 1389.56327579
461.757337932 1389.56327579
462.352577766 1389.56327579
462.947817601 1389.56327579
463.543057435 1389.56327579
464.138297269 1389.56327579
464.733537104 1389.56327579
465.328776938 1389.56327579
465.924016773 1389.56327579
466.519256607 1389.56327579
467.114496442 1389.56327579
467.709736276 1389.56327579
468.304976111 1389.56327579
468.900215945 1389.56327579
469.49545578 1389.56327579
470.090695614 1389.56327579
470.685935449 1389.56327579
471.281175283 1389.56327579
471.876415118 1389.56327579
472.471654952 1389.56327579
473.066894787 1389.56327579
473.662134621 1389.56327579
474.257374456 1389.56327579
474.85261429 1389.56327579
475.447854124 1389.56327579
476.043093959 1389.56327579
476.638333793 1389.56327579
477.233573628 1389.56327579
477.828813462 1389.56327579
478.424053297 1389.56327579
479.019293131 1389.56327579
479.614532966 1389.56327579
480.2097728 1389.56327579
480.805012635 1389.56327579
481.400252469 1389.56327579
481.995492304 1389.56327579
482.590732138 1389.56327579
483.185971973 1389.56327579
483.781211807 1389.56327579
484.376451642 1389.56327579
484.971691476 1389.56327579
485.56693131 1389.56327579
486.162171145 1389.56327579
486.757410979 1389.56327579
487.352650814 1389.56327579
487.947890648 1389.56327579
488.543130483 1389.56327579
489.138370317 1389.56327579
489.733610152 1389.56327579
490.328849986 1389.56327579
490.924089821 1389.56327579
491.519329655 1389.56327579
492.11456949 1389.56327579
492.709809324 1389.56327579
493.305049159 1389.56327579
493.900288993 1389.56327579
494.495528828 1389.56327579
495.090768662 1389.56327579
495.686008497 1389.56327579
496.281248331 1389.56327579
496.876488165 1389.56327579
497.471728 1389.56327579
498.066967834 1389.56327579
498.662207669 1389.56327579
499.257447503 1389.56327579
499.852687338 1389.56327579
500.447927172 1389.56327579
501.043167007 1389.56327579
501.638406841 1389.56327579
502.233646676 1389.56327579
502.82888651 1389.56327579
503.424126345 1389.56327579
504.019366179 1389.56327579
504.614606014 1389.56327579
505.209845848 1389.56327579
505.805085683 1389.56327579
506.400325517 1389.56327579
506.995565352 1389.56327579
507.590805186 1389.56327579
508.18604502 1389.56327579
508.781284855 1389.56327579
509.376524689 1389.56327579
509.971764524 1389.56327579
510.567004358 1389.56327579
511.162244193 1389.56327579
511.757484027 1389.56327579
512.352723862 1389.56327579
512.947963696 1389.56327579
513.543203531 1389.56327579
514.138443365 1389.56327579
514.7336832 1389.56327579
515.328923034 1389.56327579
515.924162869 1389.56327579
516.519402703 1389.56327579
517.114642538 1389.56327579
517.709882372 1389.56327579
518.305122206 1389.56327579
518.900362041 1389.56327579
519.495601875 1389.56327579
520.09084171 1389.56327579
520.686081544 1389.56327579
521.281321379 1389.56327579
521.876561213 1389.56327579
522.471801048 1389.56327579
523.067040882 1389.56327579
523.662280717 1389.56327579
524.257520551 1389.56327579
524.852760386 1389.56327579
525.44800022 1389.56327579
526.043240055 1389.56327579
526.638479889 1389.56327579
527.233719724 1389.56327579
527.828959558 1389.56327579
528.424199393 1389.56327579
529.019439227 1389.56327579
529.614679061 1389.56327579
530.209918896 1389.56327579
530.80515873 1389.56327579
531.400398565 1389.56327579
531.995638399 1389.56327579
532.590878234 1389.56327579
533.186118068 1389.56327579
533.781357903 1796.57483438
534.376597737 1796.57483438
534.971837572 1796.57483438
535.567077406 1796.57483438
536.162317241 1796.57483438
536.757557075 1796.57483438
537.35279691 1796.57483438
537.948036744 1796.57483438
538.543276579 1796.57483438
539.138516413 1796.57483438
539.733756248 1796.57483438
540.328996082 1796.57483438
540.924235916 1796.57483438
541.519475751 1796.57483438
542.114715585 1796.57483438
542.70995542 1796.57483438
543.305195254 1796.57483438
543.900435089 1796.57483438
544.495674923 1796.57483438
545.090914758 1796.57483438
545.686154592 1796.57483438
546.281394427 1796.57483438
546.876634261 1796.57483438
547.471874096 1796.57483438
548.06711393 1796.57483438
548.662353765 1796.57483438
549.257593599 1796.57483438
549.852833434 1796.57483438
550.448073268 1796.57483438
551.043313102 1796.57483438
551.638552937 1796.57483438
552.233792771 1796.57483438
552.829032606 1796.57483438
553.42427244 1796.57483438
554.019512275 1796.57483438
554.614752109 1796.57483438
555.209991944 1796.57483438
555.805231778 1796.57483438
556.400471613 1796.57483438
556.995711447 1796.57483438
557.590951282 1796.57483438
558.186191116 1796.57483438
558.781430951 1796.57483438
559.376670785 1796.57483438
559.97191062 1796.57483438
560.567150454 1796.57483438
561.162390289 1796.57483438
561.757630123 1796.57483438
562.352869957 1796.57483438
562.948109792 1796.57483438
563.543349626 1796.57483438
564.138589461 1796.57483438
564.733829295 1796.57483438
565.32906913 1796.57483438
565.924308964 1796.57483438
566.519548799 1796.57483438
567.114788633 1796.57483438
567.710028468 1796.57483438
568.305268302 1796.57483438
568.900508137 1796.57483438
569.495747971 1796.57483438
570.090987806 1796.57483438
570.68622764 1796.57483438
571.281467475 1796.57483438
571.876707309 1796.57483438
572.471947144 1796.57483438
573.067186978 1796.57483438
573.662426812 1796.57483438
574.257666647 1796.57483438
574.852906481 1796.57483438
575.448146316 1796.57483438
576.04338615 1796.57483438
576.638625985 1796.57483438
577.233865819 1796.57483438
577.829105654 1796.57483438
578.424345488 1796.57483438
579.019585323 1796.57483438
579.614825157 1796.57483438
580.210064992 1796.57483438
580.805304826 1796.57483438
581.400544661 1796.57483438
581.995784495 1796.57483438
582.59102433 1796.57483438
583.186264164 1796.57483438
583.781503998 1796.57483438
584.376743833 1796.57483438
584.971983667 1796.57483438
585.567223502 1796.57483438
586.162463336 1796.57483438
586.757703171 1796.57483438
587.352943005 1796.57483438
587.94818284 1796.57483438
588.543422674 1796.57483438
589.138662509 1796.57483438
589.733902343 1796.57483438
590.329142178 1796.57483438
590.924382012 1796.57483438
591.519621847 1796.57483438
592.114861681 1796.57483438
592.710101516 1796.57483438
593.30534135 1796.57483438
593.900581185 1796.57483438
594.495821019 1796.57483438
595.091060853 1796.57483438
595.686300688 1796.57483438
596.281540522 1796.57483438
596.876780357 1796.57483438
597.472020191 1796.57483438
598.067260026 1796.57483438
598.66249986 1796.57483438
599.257739695 1796.57483438
599.852979529 1796.57483438
600.448219364 1796.57483438
601.043459198 1796.57483438
601.638699033 1796.57483438
602.233938867 1796.57483438
602.829178702 1796.57483438
603.424418536 1796.57483438
604.019658371 1796.57483438
604.614898205 1796.57483438
605.21013804 1796.57483438
605.805377874 1796.57483438
606.400617708 1796.57483438
606.995857543 1796.57483438
607.591097377 1796.57483438
608.186337212 1796.57483438
608.781577046 1796.57483438
609.376816881 1796.57483438
609.972056715 2189.85438557
610.56729655 2189.85438557
611.162536384 2189.85438557
611.757776219 2189.85438557
612.353016053 2189.85438557
612.948255888 2189.85438557
613.543495722 2189.85438557
614.138735557 2189.85438557
614.733975391 2189.85438557
615.329215226 2189.85438557
615.92445506 2189.85438557
616.519694894 2189.85438557
617.114934729 2189.85438557
617.710174563 2189.85438557
618.305414398 2189.85438557
618.900654232 2189.85438557
619.495894067 2189.85438557
620.091133901 2189.85438557
620.686373736 2189.85438557
621.28161357 2189.85438557
621.876853405 2189.85438557
622.472093239 2189.85438557
623.067333074 2189.85438557
623.662572908 2189.85438557
624.257812743 2189.85438557
624.853052577 2189.85438557
625.448292412 2189.85438557
626.043532246 2189.85438557
626.638772081 2189.85438557
627.234011915 2189.85438557
627.829251749 2189.85438557
628.424491584 2189.85438557
629.019731418 2189.85438557
629.614971253 2189.85438557
630.210211087 2189.85438557
630.805450922 2189.85438557
631.400690756 2189.85438557
631.995930591 2189.85438557
632.591170425 2189.85438557
633.18641026 2189.85438557
633.781650094 2189.85438557
634.376889929 2189.85438557
634.972129763 2189.85438557
635.567369598 2189.85438557
636.162609432 2189.85438557
636.757849267 2189.85438557
637.353089101 2189.85438557
637.948328935 2189.85438557
638.54356877 1078.50848436
639.138808604 1078.50848436
639.734048439 1078.50848436
640.329288273 1078.50848436
640.924528108 1078.50848436
641.519767942 1078.50848436
642.115007777 1078.50848436
642.710247611 1078.50848436
643.305487446 3301.20028677
643.90072728 3301.20028677
644.495967115 3301.20028677
645.091206949 3301.20028677
645.686446784 3301.20028677
646.281686618 3301.20028677
646.876926453 3301.20028677
647.472166287 3301.20028677
648.067406122 2189.85438557
648.662645956 2189.85438557
649.25788579 2189.85438557
649.853125625 2189.85438557
650.448365459 2189.85438557
651.043605294 2189.85438557
651.638845128 2189.85438557
652.234084963 2189.85438557
652.829324797 2189.85438557
653.424564632 2189.85438557
654.019804466 2189.85438557
654.615044301 2189.85438557
655.210284135 2189.85438557
655.80552397 2189.85438557
656.400763804 2189.85438557
656.996003639 2189.85438557
657.591243473 2189.85438557
658.186483308 2189.85438557
658.781723142 2189.85438557
659.376962977 2189.85438557
659.972202811 2189.85438557
660.567442645 2189.85438557
661.16268248 2189.85438557
661.757922314 2189.85438557
662.353162149 2189.85438557
662.948401983 2189.85438557
663.543641818 2189.85438557
664.138881652 2189.85438557
664.734121487 2189.85438557
665.329361321 2189.85438557
665.924601156 2189.85438557
666.51984099 2189.85438557
667.115080825 2189.85438557
667.710320659 2189.85438557
668.305560494 2189.85438557
668.900800328 2189.85438557
669.496040163 2189.85438557
670.091279997 2189.85438557
670.686519831 2189.85438557
671.281759666 2189.85438557
671.8769995 2189.85438557
672.472239335 2189.85438557
673.067479169 2189.85438557
673.662719004 2189.85438557
674.257958838 2189.85438557
674.853198673 2189.85438557
675.448438507 2189.85438557
676.043678342 2189.85438557
676.638918176 2189.85438557
677.234158011 2189.85438557
677.829397845 2189.85438557
678.42463768 2189.85438557
679.019877514 2189.85438557
679.615117349 2189.85438557
680.210357183 2189.85438557
680.805597018 2189.85438557
681.400836852 2189.85438557
681.996076686 2189.85438557
682.591316521 2189.85438557
683.186556355 2189.85438557
683.78179619 2189.85438557
684.377036024 2189.85438557
684.972275859 2189.85438557
685.567515693 2189.85438557
686.162755528 2806.4461131
686.757995362 2806.4461131
687.353235197 2806.4461131
687.948475031 2806.4461131
688.543714866 2806.4461131
689.1389547 2806.4461131
689.734194535 2806.4461131
690.329434369 2806.4461131
690.924674204 2806.4461131
691.519914038 2806.4461131
692.115153873 2806.4461131
692.710393707 2806.4461131
693.305633541 2806.4461131
693.900873376 2806.4461131
694.49611321 2806.4461131
695.091353045 2806.4461131
695.686592879 2806.4461131
696.281832714 2806.4461131
696.877072548 2806.4461131
697.472312383 2806.4461131
698.067552217 2806.4461131
698.662792052 2806.4461131
699.258031886 2806.4461131
699.853271721 2806.4461131
700.448511555 2806.4461131
701.04375139 2806.4461131
701.638991224 2806.4461131
702.234231059 2806.4461131
702.829470893 2806.4461131
703.424710727 2806.4461131
704.019950562 2806.4461131
704.615190396 2806.4461131
705.210430231 2150.90879499
705.805670065 2150.90879499
706.4009099 2150.90879499
706.996149734 2150.90879499
707.591389569 2150.90879499
708.186629403 2150.90879499
708.781869238 2150.90879499
709.377109072 2150.90879499
709.972348907 2150.90879499
710.567588741 2150.90879499
711.162828576 2150.90879499
711.75806841 2150.90879499
712.353308245 2150.90879499
712.948548079 2150.90879499
713.543787914 2150.90879499
714.139027748 2150.90879499
714.734267582 2150.90879499
715.329507417 2150.90879499
715.924747251 2150.90879499
716.519987086 2150.90879499
717.11522692 2150.90879499
717.710466755 2150.90879499
718.305706589 2150.90879499
718.900946424 2150.90879499
719.496186258 2150.90879499
720.091426093 2150.90879499
720.686665927 2150.90879499
721.281905762 2150.90879499
721.877145596 2150.90879499
722.472385431 2150.90879499
723.067625265 2150.90879499
723.6628651 2150.90879499
724.258104934 1901.03131708
724.853344769 1901.03131708
725.448584603 1901.03131708
726.043824437 1901.03131708
726.639064272 1901.03131708
727.234304106 1901.03131708
727.829543941 1901.03131708
728.424783775 1901.03131708
729.02002361 1901.03131708
729.615263444 1901.03131708
730.210503279 1901.03131708
730.805743113 1901.03131708
731.400982948 1901.03131708
731.996222782 1901.03131708
732.591462617 1901.03131708
733.186702451 1901.03131708
733.781942286 1901.03131708
734.37718212 1901.03131708
734.972421955 1901.03131708
735.567661789 1901.03131708
736.162901623 1901.03131708
736.758141458 1901.03131708
737.353381292 1901.03131708
737.948621127 1901.03131708
738.543860961 1901.03131708
739.139100796 1901.03131708
739.73434063 1901.03131708
740.329580465 1901.03131708
740.924820299 1901.03131708
741.520060134 1901.03131708
742.115299968 1901.03131708
742.710539803 1901.03131708
743.305779637 1901.03131708
743.901019472 1901.03131708
744.496259306 1901.03131708
745.091499141 1901.03131708
745.686738975 1901.03131708
746.28197881 1901.03131708
746.877218644 1901.03131708
747.472458478 1901.03131708
748.067698313 1901.03131708
748.662938147 1901.03131708
749.258177982 1901.03131708
749.853417816 1901.03131708
750.448657651 1901.03131708
751.043897485 1901.03131708
751.63913732 1901.03131708
752.234377154 1901.03131708
752.829616989 1901.03131708
753.424856823 1901.03131708
754.020096658 1901.03131708
754.615336492 1901.03131708
755.210576327 1901.03131708
755.805816161 1901.03131708
756.401055996 1901.03131708
756.99629583 1901.03131708
757.591535665 1901.03131708
758.186775499 1901.03131708
758.782015333 1901.03131708
759.377255168 1901.03131708
759.972495002 1901.03131708
760.567734837 1901.03131708
761.162974671 1901.03131708
761.758214506 1901.03131708
762.35345434 1945.90329728
762.948694175 1945.90329728
763.543934009 1945.90329728
764.139173844 1945.90329728
764.734413678 1945.90329728
765.329653513 1945.90329728
765.924893347 1945.90329728
766.520133182 1945.90329728
767.115373016 1945.90329728
767.710612851 1945.90329728
768.305852685 1945.90329728
768.901092519 1945.90329728
769.496332354 1945.90329728
770.091572188 1945.90329728
770.686812023 1945.90329728
771.282051857 1945.90329728
771.877291692 1945.90329728
772.472531526 1945.90329728
773.067771361 1945.90329728
773.663011195 1945.90329728
774.25825103 1945.90329728
774.853490864 1945.90329728
775.448730699 1945.90329728
776.043970533 1945.90329728
776.639210368 1945.90329728
777.234450202 1945.90329728
777.829690037 1945.90329728
778.424929871 1945.90329728
779.020169706 1945.90329728
779.61540954 1945.90329728
780.210649374 1945.90329728
780.805889209 1945.90329728
781.401129043 1945.90329728
781.996368878 1945.90329728
782.591608712 1945.90329728
783.186848547 1945.90329728
783.782088381 1945.90329728
784.377328216 1945.90329728
784.97256805 1945.90329728
785.567807885 1945.90329728
786.163047719 1945.90329728
786.758287554 1945.90329728
787.353527388 1945.90329728
787.948767223 1945.90329728
788.544007057 1945.90329728
789.139246892 1945.90329728
789.734486726 1945.90329728
790.32972656 1945.90329728
790.924966395 1945.90329728
791.520206229 1945.90329728
792.115446064 1945.90329728
792.710685898 1945.90329728
793.305925733 1945.90329728
793.901165567 1945.90329728
794.496405402 1945.90329728
795.091645236 1945.90329728
795.686885071 1945.90329728
796.282124905 1945.90329728
796.87736474 1945.90329728
797.472604574 1945.90329728
798.067844409 1945.90329728
798.663084243 1945.90329728
799.258324078 1945.90329728
799.853563912 1945.90329728
800.448803747 2745.76071465
801.044043581 2745.76071465
801.639283415 2745.76071465
802.23452325 2745.76071465
802.829763084 2745.76071465
803.425002919 2745.76071465
804.020242753 2745.76071465
804.615482588 2745.76071465
805.210722422 2745.76071465
805.805962257 2745.76071465
806.401202091 2745.76071465
806.996441926 2745.76071465
807.59168176 2745.76071465
808.186921595 2745.76071465
808.782161429 2745.76071465
809.377401264 2745.76071465
809.972641098 2745.76071465
810.567880933 2745.76071465
811.163120767 2745.76071465
811.758360602 2745.76071465
812.353600436 2745.76071465
812.94884027 2745.76071465
813.544080105 2745.76071465
814.139319939 2745.76071465
814.734559774 2745.76071465
815.329799608 2745.76071465
815.925039443 2745.76071465
816.520279277 2745.76071465
817.115519112 2745.76071465
817.710758946 2745.76071465
818.305998781 2745.76071465
818.901238615 2745.76071465
819.49647845 2745.76071465
820.091718284 2745.76071465
820.686958119 2745.76071465
821.282197953 2745.76071465
821.877437788 2745.76071465
822.472677622 2745.76071465
823.067917456 2745.76071465
823.663157291 2745.76071465
824.258397125 2745.76071465
824.85363696 2745.76071465
825.448876794 2745.76071465
826.044116629 2745.76071465
826.639356463 2745.76071465
827.234596298 2745.76071465
827.829836132 2745.76071465
828.425075967 2745.76071465
829.020315801 2745.76071465
829.615555636 2745.76071465
830.21079547 2745.76071465
830.806035305 2745.76071465
831.401275139 2745.76071465
831.996514974 2745.76071465
832.591754808 2745.76071465
833.186994643 2745.76071465
833.782234477 2745.76071465
834.377474311 2745.76071465
834.972714146 2745.76071465
835.56795398 2745.76071465
836.163193815 2745.76071465
836.758433649 2745.76071465
837.353673484 2745.76071465
837.948913318 2745.76071465
838.544153153 2033.87676517
839.139392987 2033.87676517
839.734632822 2033.87676517
840.329872656 2033.87676517
840.925112491 2033.87676517
841.520352325 2033.87676517
842.11559216 2033.87676517
842.710831994 2033.87676517
843.306071829 2033.87676517
843.901311663 2033.87676517
844.496551498 2033.87676517
845.091791332 2033.87676517
845.687031166 2033.87676517
846.282271001 2033.87676517
846.877510835 2033.87676517
847.47275067 2033.87676517
848.067990504 2033.87676517
848.663230339 2033.87676517
849.258470173 2033.87676517
849.853710008 2033.87676517
850.448949842 2033.87676517
851.044189677 2033.87676517
851.639429511 2033.87676517
852.234669346 2033.87676517
852.82990918 2033.87676517
853.425149015 2033.87676517
854.020388849 2033.87676517
854.615628684 2033.87676517
855.210868518 2033.87676517
855.806108352 2033.87676517
856.401348187 2033.87676517
856.996588021 2033.87676517
857.591827856 2033.87676517
858.18706769 2033.87676517
858.782307525 2033.87676517
859.377547359 2033.87676517
859.972787194 2033.87676517
860.568027028 2033.87676517
861.163266863 2033.87676517
861.758506697 2033.87676517
862.353746532 2033.87676517
862.948986366 2033.87676517
863.544226201 2033.87676517
864.139466035 2033.87676517
864.73470587 2033.87676517
865.329945704 2033.87676517
865.925185539 2033.87676517
866.520425373 2033.87676517
867.115665207 2033.87676517
867.710905042 2033.87676517
868.306144876 2033.87676517
868.901384711 2033.87676517
869.496624545 2033.87676517
870.09186438 2033.87676517
870.687104214 2033.87676517
871.282344049 2033.87676517
871.877583883 2033.87676517
872.472823718 2033.87676517
873.068063552 2033.87676517
873.663303387 2033.87676517
874.258543221 2033.87676517
874.853783056 2033.87676517
875.44902289 2033.87676517
876.044262725 2033.87676517
876.639502559 2033.87676517
877.234742394 2033.87676517
877.829982228 2033.87676517
878.425222062 2033.87676517
879.020461897 2033.87676517
879.615701731 2033.87676517
880.210941566 2033.87676517
880.8061814 2033.87676517
881.401421235 2033.87676517
881.996661069 2033.87676517
882.591900904 2033.87676517
883.187140738 2033.87676517
883.782380573 2033.87676517
884.377620407 2033.87676517
884.972860242 2033.87676517
885.568100076 2033.87676517
886.163339911 2033.87676517
886.758579745 2033.87676517
887.35381958 2033.87676517
887.949059414 2033.87676517
888.544299248 2033.87676517
889.139539083 2033.87676517
889.734778917 2033.87676517
890.330018752 2033.87676517
890.925258586 2033.87676517
891.520498421 2033.87676517
892.115738255 2033.87676517
892.71097809 2033.87676517
893.306217924 2033.87676517
893.901457759 2033.87676517
894.496697593 2033.87676517
895.091937428 2033.87676517
895.687177262 2033.87676517
896.282417097 2033.87676517
896.877656931 2033.87676517
897.472896766 2033.87676517
898.0681366 2033.87676517
898.663376435 2033.87676517
899.258616269 2033.87676517
899.853856103 2033.87676517
900.449095938 2033.87676517
901.044335772 2033.87676517
901.639575607 2033.87676517
902.234815441 2033.87676517
902.830055276 2033.87676517
903.42529511 2033.87676517
904.020534945 2033.87676517
904.615774779 2033.87676517
905.211014614 2033.87676517
905.806254448 2033.87676517
906.401494283 2033.87676517
906.996734117 2033.87676517
907.591973952 2033.87676517
908.187213786 2033.87676517
908.782453621 2033.87676517
909.377693455 2033.87676517
909.97293329 2033.87676517
910.568173124 2033.87676517
911.163412958 2033.87676517
911.758652793 2033.87676517
912.353892627 2033.87676517
912.949132462 2033.87676517
913.544372296 2033.87676517
914.139612131 2033.87676517
914.734851965 3379.15793803
915.3300918 3379.15793803
915.925331634 3379.15793803
916.520571469 3379.15793803
917.115811303 3379.15793803
917.711051138 3379.15793803
918.306290972 3379.15793803
918.901530807 3379.15793803
919.496770641 3379.15793803
920.092010476 3379.15793803
920.68725031 3379.15793803
921.282490144 3379.15793803
921.877729979 3379.15793803
922.472969813 3379.15793803
923.068209648 3379.15793803
923.663449482 3379.15793803
924.258689317 3379.15793803
924.853929151 3379.15793803
925.449168986 3379.15793803
926.04440882 3379.15793803
926.639648655 3379.15793803
927.234888489 3379.15793803
927.830128324 3379.15793803
928.425368158 3379.15793803
929.020607993 3379.15793803
929.615847827 3379.15793803
930.211087662 3379.15793803
930.806327496 3379.15793803
931.401567331 3379.15793803
931.996807165 3379.15793803
932.592046999 3379.15793803
933.187286834 3379.15793803
933.782526668 3379.15793803
934.377766503 3379.15793803
934.973006337 3379.15793803
935.568246172 3379.15793803
936.163486006 3379.15793803
936.758725841 3379.15793803
937.353965675 3379.15793803
937.94920551 3379.15793803
938.544445344 3379.15793803
939.139685179 3379.15793803
939.734925013 3379.15793803
940.330164848 3379.15793803
940.925404682 3379.15793803
941.520644517 3379.15793803
942.115884351 3379.15793803
942.711124185 3379.15793803
943.30636402 3379.15793803
943.901603854 3379.15793803
944.496843689 3379.15793803
945.092083523 3379.15793803
945.687323358 3379.15793803
946.282563192 3379.15793803
946.877803027 3379.15793803
947.473042861 3379.15793803
948.068282696 3379.15793803
948.66352253 3379.15793803
949.258762365 3379.15793803
949.854002199 3379.15793803
950.449242034 3379.15793803
951.044481868 3379.15793803
951.639721703 3379.15793803
952.234961537 3379.15793803
952.830201372 3379.15793803
953.425441206 3379.15793803
954.02068104 3379.15793803
954.615920875 3379.15793803
955.211160709 3379.15793803
955.806400544 3379.15793803
956.401640378 3379.15793803
956.996880213 3379.15793803
957.592120047 3379.15793803
958.187359882 3379.15793803
958.782599716 3379.15793803
959.377839551 3379.15793803
959.973079385 3379.15793803
960.56831922 3379.15793803
961.163559054 3379.15793803
961.758798889 3379.15793803
962.354038723 3379.15793803
962.949278558 3379.15793803
963.544518392 3379.15793803
964.139758227 3379.15793803
964.734998061 3379.15793803
965.330237895 3379.15793803
965.92547773 3379.15793803
966.520717564 3379.15793803
967.115957399 3379.15793803
967.711197233 3379.15793803
968.306437068 3379.15793803
968.901676902 3379.15793803
969.496916737 3379.15793803
970.092156571 3379.15793803
970.687396406 3379.15793803
971.28263624 3379.15793803
971.877876075 3379.15793803
972.473115909 3379.15793803
973.068355744 3379.15793803
973.663595578 3379.15793803
974.258835413 3379.15793803
974.854075247 3379.15793803
975.449315081 3379.15793803
976.044554916 3379.15793803
976.63979475 3379.15793803
977.235034585 3379.15793803
977.830274419 3379.15793803
978.425514254 3379.15793803
979.020754088 3379.15793803
979.615993923 3379.15793803
980.211233757 3379.15793803
980.806473592 3379.15793803
981.401713426 3379.15793803
981.996953261 3379.15793803
982.592193095 3379.15793803
983.18743293 3379.15793803
983.782672764 3379.15793803
984.377912599 3379.15793803
984.973152433 3379.15793803
985.568392268 3379.15793803
986.163632102 3379.15793803
986.758871936 3379.15793803
987.354111771 3379.15793803
987.949351605 3379.15793803
988.54459144 3379.15793803
989.139831274 3379.15793803
989.735071109 3379.15793803
990.330310943 3379.15793803
990.925550778 3379.15793803
991.520790612 3379.15793803
992.116030447 3379.15793803
992.711270281 3379.15793803
993.306510116 3379.15793803
993.90174995 3379.15793803
994.496989785 3379.15793803
995.092229619 3379.15793803
995.687469454 3379.15793803
996.282709288 3379.15793803
996.877949123 3379.15793803
997.473188957 3379.15793803
998.068428791 3379.15793803
998.663668626 3379.15793803
999.25890846 3379.15793803
999.854148295 3379.15793803
1000.44938813 3379.15793803
1001.04462796 3379.15793803
1001.6398678 3379.15793803
1002.23510763 3379.15793803
1002.83034747 3379.15793803
1003.4255873 3379.15793803
1004.02082714 3379.15793803
1004.61606697 3379.15793803
1005.21130681 3379.15793803
1005.80654664 3379.15793803
1006.40178647 3379.15793803
1006.99702631 3379.15793803
1007.59226614 3379.15793803
1008.18750598 3379.15793803
1008.78274581 3379.15793803
1009.37798565 3379.15793803
1009.97322548 3379.15793803
1010.56846532 3379.15793803
1011.16370515 3379.15793803
1011.75894498 3379.15793803
1012.35418482 3379.15793803
1012.94942465 3379.15793803
1013.54466449 3379.15793803
1014.13990432 3379.15793803
1014.73514416 3379.15793803
1015.33038399 3379.15793803
1015.92562383 3379.15793803
1016.52086366 3379.15793803
1017.11610349 3379.15793803
1017.71134333 3379.15793803
1018.30658316 3379.15793803
1018.901823 3379.15793803
1019.49706283 3379.15793803
1020.09230267 3379.15793803
1020.6875425 3379.15793803
1021.28278234 3379.15793803
1021.87802217 3379.15793803
1022.473262 3379.15793803
1023.06850184 3379.15793803
1023.66374167 3379.15793803
1024.25898151 3379.15793803
1024.85422134 3379.15793803
1025.44946118 3379.15793803
1026.04470101 3379.15793803
1026.63994085 3379.15793803
1027.23518068 3379.15793803
1027.83042052 3379.15793803
1028.42566035 3379.15793803
1029.02090018 3379.15793803
1029.61614002 3379.15793803
1030.21137985 3379.15793803
1030.80661969 3379.15793803
1031.40185952 3379.15793803
1031.99709936 3379.15793803
1032.59233919 3379.15793803
1033.18757903 3379.15793803
1033.78281886 3379.15793803
1034.37805869 3379.15793803
1034.97329853 3379.15793803
1035.56853836 3379.15793803
1036.1637782 3379.15793803
1036.75901803 3379.15793803
1037.35425787 3379.15793803
1037.9494977 3379.15793803
1038.54473754 3379.15793803
1039.13997737 3379.15793803
1039.7352172 3379.15793803
1040.33045704 3379.15793803
1040.92569687 3379.15793803
1041.52093671 3379.15793803
1042.11617654 3379.15793803
1042.71141638 3379.15793803
1043.30665621 3379.15793803
1043.90189605 3379.15793803
1044.49713588 3379.15793803
1045.09237571 3379.15793803
1045.68761555 3379.15793803
1046.28285538 3379.15793803
1046.87809522 3379.15793803
1047.47333505 3379.15793803
1048.06857489 3379.15793803
1048.66381472 3379.15793803
1049.25905456 3379.15793803
1049.85429439 3379.15793803
1050.44953423 3379.15793803
1051.04477406 3379.15793803
1051.64001389 3379.15793803
1052.23525373 3379.15793803
1052.83049356 3379.15793803
1053.4257334 3379.15793803
1054.02097323 3379.15793803
1054.61621307 3379.15793803
1055.2114529 3379.15793803
1055.80669274 3379.15793803
1056.40193257 3379.15793803
1056.9971724 3379.15793803
1057.59241224 3379.15793803
1058.18765207 3379.15793803
1058.78289191 3379.15793803
1059.37813174 3379.15793803
1059.97337158 3379.15793803
1060.56861141 3379.15793803
1061.16385125 3379.15793803
1061.75909108 3379.15793803
1062.35433091 3379.15793803
1062.94957075 3379.15793803
1063.54481058 3379.15793803
1064.14005042 3379.15793803
1064.73529025 3379.15793803
1065.33053009 3379.15793803
1065.92576992 3379.15793803
1066.52100976 3379.15793803
1067.11624959 3379.15793803
1067.71148942 3379.15793803
1068.30672926 3379.15793803
1068.90196909 3379.15793803
1069.49720893 3379.15793803
1070.09244876 3379.15793803
1070.6876886 3379.15793803
1071.28292843 3379.15793803
1071.87816827 3379.15793803
1072.4734081 3379.15793803
1073.06864794 3379.15793803
1073.66388777 3379.15793803
1074.2591276 3379.15793803
1074.85436744 3379.15793803
1075.44960727 3379.15793803
1076.04484711 3379.15793803
1076.64008694 3379.15793803
1077.23532678 3379.15793803
1077.83056661 3379.15793803
1078.42580645 3379.15793803
1079.02104628 3379.15793803
1079.61628611 3379.15793803
1080.21152595 3379.15793803
1080.80676578 3379.15793803
1081.40200562 3379.15793803
1081.99724545 3379.15793803
1082.59248529 3379.15793803
1083.18772512 3379.15793803
1083.78296496 3379.15793803
1084.37820479 3379.15793803
1084.97344462 3379.15793803
1085.56868446 3379.15793803
1086.16392429 3379.15793803
1086.75916413 3379.15793803
1087.35440396 3379.15793803
1087.9496438 3379.15793803
1088.54488363 3379.15793803
1089.14012347 3379.15793803
1089.7353633 3379.15793803
1090.33060313 3379.15793803
1090.92584297 3379.15793803
1091.5210828 3379.15793803
1092.11632264 3379.15793803
1092.71156247 3379.15793803
1093.30680231 3379.15793803
1093.90204214 3379.15793803
1094.49728198 3379.15793803
1095.09252181 3379.15793803
1095.68776164 3379.15793803
1096.28300148 3379.15793803
1096.87824131 3379.15793803
1097.47348115 3379.15793803
1098.06872098 3379.15793803
1098.66396082 3379.15793803
1099.25920065 3379.15793803
1099.85444049 3379.15793803
1100.44968032 3379.15793803
1101.04492016 3379.15793803
1101.64015999 3379.15793803
1102.23539982 3379.15793803
1102.83063966 3379.15793803
1103.42587949 3379.15793803
1104.02111933 3379.15793803
1104.61635916 3379.15793803
1105.211599 3379.15793803
1105.80683883 3379.15793803
1106.40207867 3379.15793803
1106.9973185 3379.15793803
1107.59255833 3379.15793803
1108.18779817 3379.15793803
1108.783038 3379.15793803
1109.37827784 3379.15793803
1109.97351767 3379.15793803
1110.56875751 3379.15793803
1111.16399734 3379.15793803
1111.75923718 3379.15793803
1112.35447701 3379.15793803
1112.94971684 3379.15793803
1113.54495668 3379.15793803
1114.14019651 3379.15793803
1114.73543635 3379.15793803
1115.33067618 3379.15793803
1115.92591602 3379.15793803
1116.52115585 3379.15793803
1117.11639569 3379.15793803
1117.71163552 3379.15793803
1118.30687535 3379.15793803
1118.90211519 3379.15793803
1119.49735502 3379.15793803
1120.09259486 3379.15793803
1120.68783469 3379.15793803
1121.28307453 3379.15793803
1121.87831436 3379.15793803
1122.4735542 3379.15793803
1123.06879403 3379.15793803
1123.66403387 3379.15793803
1124.2592737 3379.15793803
1124.85451353 3379.15793803
1125.44975337 3379.15793803
1126.0449932 3379.15793803
1126.64023304 3379.15793803
1127.23547287 3379.15793803
1127.83071271 3379.15793803
1128.42595254 3379.15793803
1129.02119238 3379.15793803
1129.61643221 3379.15793803
1130.21167204 3379.15793803
1130.80691188 3379.15793803
1131.40215171 3379.15793803
1131.99739155 3379.15793803
1132.59263138 3379.15793803
1133.18787122 3379.15793803
1133.78311105 3379.15793803
1134.37835089 3379.15793803
1134.97359072 3379.15793803
1135.56883055 3379.15793803
1136.16407039 3379.15793803
1136.75931022 3379.15793803
1137.35455006 3379.15793803
1137.94978989 3379.15793803
1138.54502973 3379.15793803
1139.14026956 3379.15793803
1139.7355094 3379.15793803
1140.33074923 3379.15793803
1140.92598906 3379.15793803
1141.5212289 3379.15793803
1142.11646873 3379.15793803
1142.71170857 3379.15793803
1143.3069484 3379.15793803
1143.90218824 3379.15793803
1144.49742807 3379.15793803
1145.09266791 3379.15793803
1145.68790774 3379.15793803
1146.28314758 3379.15793803
1146.87838741 3379.15793803
1147.47362724 3379.15793803
1148.06886708 3379.15793803
1148.66410691 3379.15793803
1149.25934675 3379.15793803
1149.85458658 3379.15793803
1150.44982642 3379.15793803
1151.04506625 3379.15793803
1151.64030609 3379.15793803
1152.23554592 3379.15793803
1152.83078575 3379.15793803
1153.42602559 3379.15793803
1154.02126542 3379.15793803
1154.61650526 3379.15793803
1155.21174509 3379.15793803
1155.80698493 3379.15793803
1156.40222476 3379.15793803
1156.9974646 3379.15793803
1157.59270443 3379.15793803
1158.18794426 3379.15793803
1158.7831841 3379.15793803
1159.37842393 3379.15793803
1159.97366377 3379.15793803
1160.5689036 3379.15793803
1161.16414344 3379.15793803
1161.75938327 3379.15793803
1162.35462311 3379.15793803
1162.94986294 3379.15793803
1163.54510277 3379.15793803
1164.14034261 3379.15793803
1164.73558244 3379.15793803
1165.33082228 3379.15793803
1165.92606211 3379.15793803
1166.52130195 3379.15793803
1167.11654178 3379.15793803
1167.71178162 3379.15793803
1168.30702145 3379.15793803
1168.90226129 3379.15793803
1169.49750112 3379.15793803
1170.09274095 3379.15793803
1170.68798079 3379.15793803
1171.28322062 3379.15793803
1171.87846046 3379.15793803
1172.47370029 3379.15793803
1173.06894013 3379.15793803
1173.66417996 3379.15793803
1174.2594198 3379.15793803
1174.85465963 3379.15793803
1175.44989946 3379.15793803
1176.0451393 3379.15793803
1176.64037913 3379.15793803
1177.23561897 3379.15793803
1177.8308588 3379.15793803
1178.42609864 3379.15793803
1179.02133847 3379.15793803
1179.61657831 3379.15793803
1180.21181814 3379.15793803
1180.80705797 3379.15793803
1181.40229781 3379.15793803
1181.99753764 3379.15793803
1182.59277748 3379.15793803
1183.18801731 3379.15793803
1183.78325715 3379.15793803
1184.37849698 3379.15793803
1184.97373682 3379.15793803
1185.56897665 3379.15793803
1186.16421648 3379.15793803
1186.75945632 3379.15793803
1187.35469615 3379.15793803
1187.94993599 3379.15793803
1188.54517582 3379.15793803
1189.14041566 3379.15793803
1189.73565549 3379.15793803
1190.33089533 3379.15793803
1190.92613516 3379.15793803
1191.521375 3379.15793803
1192.11661483 3379.15793803
1192.71185466 3379.15793803
1193.3070945 3379.15793803
1193.90233433 3379.15793803
1194.49757417 3379.15793803
1195.092814 3379.15793803
1195.68805384 3379.15793803
1196.28329367 3379.15793803
1196.87853351 3379.15793803
1197.47377334 3379.15793803
1198.06901317 3379.15793803
1198.66425301 3379.15793803
1199.25949284 3379.15793803
1199.85473268 3379.15793803
1200.44997251 3379.15793803
1201.04521235 3379.15793803
1201.64045218 3379.15793803
1202.23569202 3379.15793803
1202.83093185 3379.15793803
1203.42617168 3379.15793803
1204.02141152 3379.15793803
1204.61665135 3379.15793803
1205.21189119 3379.15793803
1205.80713102 3379.15793803
1206.40237086 3379.15793803
1206.99761069 3379.15793803
1207.59285053 3379.15793803
1208.18809036 3379.15793803
1208.78333019 3379.15793803
1209.37857003 3379.15793803
1209.97380986 3379.15793803
1210.5690497 3379.15793803
1211.16428953 3379.15793803
1211.75952937 3379.15793803
1212.3547692 3379.15793803
1212.95000904 3379.15793803
1213.54524887 3379.15793803
1214.14048871 3379.15793803
1214.73572854 3379.15793803
1215.33096837 3379.15793803
1215.92620821 3379.15793803
1216.52144804 3379.15793803
1217.11668788 3379.15793803
1217.71192771 3379.15793803
1218.30716755 3379.15793803
1218.90240738 3379.15793803
