0.446466215283 1375.0826489
1.04170604976 1375.0826489
1.63694588423 1375.0826489
2.2321857187 1375.0826489
2.82742555317 1375.0826489
3.42266538765 1375.0826489
4.01790522212 1375.0826489
4.61314505659 1375.0826489
5.20838489106 1375.0826489
5.80362472554 1375.0826489
6.39886456001 1375.0826489
6.99410439448 1375.0826489
7.58934422895 1375.0826489
8.18458406343 1375.0826489
8.7798238979 1375.0826489
9.37506373237 1375.0826489
9.97030356685 1375.0826489
10.5655434013 1375.0826489
11.1607832358 1375.0826489
11.7560230703 1375.0826489
12.3512629047 1375.0826489
12.9465027392 1375.0826489
13.5417425737 1375.0826489
14.1369824082 1375.0826489
14.7322222426 1375.0826489
15.3274620771 1375.0826489
15.9227019116 1375.0826489
16.517941746 1375.0826489
17.1131815805 1375.0826489
17.708421415 1375.0826489
18.3036612495 1375.0826489
18.8989010839 1375.0826489
19.4941409184 1375.0826489
20.0893807529 1375.0826489
20.6846205874 1375.0826489
21.2798604218 1375.0826489
21.8751002563 1375.0826489
22.4703400908 1375.0826489
23.0655799252 1375.0826489
23.6608197597 1375.0826489
24.2560595942 1375.0826489
24.8512994287 1375.0826489
25.4465392631 1375.0826489
26.0417790976 1375.0826489
26.6370189321 1375.0826489
27.2322587666 1375.0826489
27.827498601 1375.0826489
28.4227384355 1375.0826489
29.01797827 1375.0826489
29.6132181044 1375.0826489
30.2084579389 1375.0826489
30.8036977734 1375.0826489
31.3989376079 1375.0826489
31.9941774423 1375.0826489
32.5894172768 1375.0826489
33.1846571113 1375.0826489
33.7798969458 1375.0826489
34.3751367802 1375.0826489
34.9703766147 1375.0826489
35.5656164492 1375.0826489
36.1608562836 1375.0826489
36.7560961181 1375.0826489
37.3513359526 1375.0826489
37.9465757871 1375.0826489
38.5418156215 1375.0826489
39.137055456 1375.0826489
39.7322952905 1375.0826489
40.327535125 1375.0826489
40.9227749594 1375.0826489
41.5180147939 1375.0826489
42.1132546284 1375.0826489
42.7084944628 1375.0826489
43.3037342973 1375.0826489
43.8989741318 1375.0826489
44.4942139663 1375.0826489
45.0894538007 1375.0826489
45.6846936352 1375.0826489
46.2799334697 1375.0826489
46.8751733041 1375.0826489
47.4704131386 1375.0826489
48.0656529731 1375.0826489
48.6608928076 1375.0826489
49.256132642 1375.0826489
49.8513724765 1375.0826489
50.446612311 1375.0826489
51.0418521455 1375.0826489
51.6370919799 1375.0826489
52.2323318144 1375.0826489
52.8275716489 1375.0826489
53.4228114833 1375.0826489
54.0180513178 1375.0826489
54.6132911523 1375.0826489
55.2085309868 1375.0826489
55.8037708212 1375.0826489
56.3990106557 1375.0826489
56.9942504902 1375.0826489
57.5894903247 1375.0826489
58.1847301591 1375.0826489
58.7799699936 1375.0826489
59.3752098281 1375.0826489
59.9704496625 1375.0826489
60.565689497 1375.0826489
61.1609293315 1375.0826489
61.756169166 1375.0826489
62.3514090004 1375.0826489
62.9466488349 1375.0826489
63.5418886694 1375.0826489
64.1371285039 1375.0826489
64.7323683383 1375.0826489
65.3276081728 1375.0826489
65.9228480073 1375.0826489
66.5180878417 1375.0826489
67.1133276762 1375.0826489
67.7085675107 1375.0826489
68.3038073452 1375.0826489
68.8990471796 1375.0826489
69.4942870141 1375.0826489
70.0895268486 1375.0826489
70.6847666831 1375.0826489
71.2800065175 1375.0826489
71.875246352 1375.0826489
72.4704861865 1375.0826489
73.0657260209 1375.0826489
73.6609658554 1375.0826489
74.2562056899 1375.0826489
74.8514455244 1375.0826489
75.4466853588 1375.0826489
76.0419251933 1375.0826489
76.6371650278 1375.0826489
77.2324048623 1375.0826489
77.8276446967 1375.0826489
78.4228845312 1375.0826489
79.0181243657 1375.0826489
79.6133642001 1375.0826489
80.2086040346 1375.0826489
80.8038438691 1375.0826489
81.3990837036 1375.0826489
81.994323538 1375.0826489
82.5895633725 1375.0826489
83.184803207 1375.0826489
83.7800430415 1375.0826489
84.3752828759 1375.0826489
84.9705227104 1375.0826489
85.5657625449 1375.0826489
86.1610023793 1375.0826489
86.7562422138 1375.0826489
87.3514820483 1375.0826489
87.9467218828 1375.0826489
88.5419617172 1375.0826489
89.1372015517 1375.0826489
89.7324413862 1375.0826489
90.3276812207 1375.0826489
90.9229210551 1375.0826489
91.5181608896 1375.0826489
92.1134007241 1375.0826489
92.7086405585 1375.0826489
93.303880393 1375.0826489
93.8991202275 1375.0826489
94.494360062 1375.0826489
95.0895998964 1375.0826489
95.6848397309 1375.0826489
96.2800795654 1375.0826489
96.8753193999 1375.0826489
97.4705592343 1375.0826489
98.0657990688 1375.0826489
98.6610389033 1375.0826489
99.2562787377 1375.0826489
99.8515185722 1375.0826489
100.446758407 1375.0826489
101.041998241 1375.0826489
101.637238076 1375.0826489
102.23247791 1375.0826489
102.827717745 1375.0826489
103.422957579 1375.0826489
104.018197414 1375.0826489
104.613437248 1375.0826489
105.208677082 1375.0826489
105.803916917 1375.0826489
106.399156751 1375.0826489
106.994396586 1375.0826489
107.58963642 1375.0826489
108.184876255 1375.0826489
108.780116089 1375.0826489
109.375355924 1375.0826489
109.970595758 1375.0826489
110.565835593 1375.0826489
111.161075427 1375.0826489
111.756315262 1375.0826489
112.351555096 1375.0826489
112.946794931 1375.0826489
113.542034765 1375.0826489
114.1372746 1375.0826489
114.732514434 1375.0826489
115.327754269 1375.0826489
115.922994103 1375.0826489
116.518233937 1375.0826489
117.113473772 1375.0826489
117.708713606 1375.0826489
118.303953441 1375.0826489
118.899193275 1375.0826489
119.49443311 1375.0826489
120.089672944 1375.0826489
120.684912779 1375.0826489
121.280152613 1375.0826489
121.875392448 1375.0826489
122.470632282 1375.0826489
123.065872117 1375.0826489
123.661111951 1375.0826489
124.256351786 1375.0826489
124.85159162 1375.0826489
125.446831455 1375.0826489
126.042071289 1375.0826489
126.637311123 1375.0826489
127.232550958 1375.0826489
127.827790792 1375.0826489
128.423030627 1375.0826489
129.018270461 1375.0826489
129.613510296 1375.0826489
130.20875013 1375.0826489
130.803989965 1375.0826489
131.399229799 1375.0826489
131.994469634 1375.0826489
132.589709468 1375.0826489
133.184949303 1375.0826489
133.780189137 1375.0826489
134.375428972 1375.0826489
134.970668806 1375.0826489
135.565908641 1375.0826489
136.161148475 1375.0826489
136.75638831 1375.0826489
137.351628144 1375.0826489
137.946867978 1375.0826489
138.542107813 1375.0826489
139.137347647 1375.0826489
139.732587482 1375.0826489
140.327827316 1375.0826489
140.923067151 1375.0826489
141.518306985 1375.0826489
142.11354682 1375.0826489
142.708786654 1375.0826489
143.304026489 1375.0826489
143.899266323 1375.0826489
144.494506158 1375.0826489
145.089745992 1375.0826489
145.684985827 1375.0826489
146.280225661 1375.0826489
146.875465496 1375.0826489
147.47070533 1375.0826489
148.065945165 1375.0826489
148.661184999 1375.0826489
149.256424833 1375.0826489
149.851664668 1375.0826489
150.446904502 1375.0826489
151.042144337 1375.0826489
151.637384171 1375.0826489
152.232624006 1375.0826489
152.82786384 1375.0826489
153.423103675 1375.0826489
154.018343509 1375.0826489
154.613583344 1375.0826489
155.208823178 1375.0826489
155.804063013 1375.0826489
156.399302847 1375.0826489
156.994542682 1375.0826489
157.589782516 1375.0826489
158.185022351 1375.0826489
158.780262185 1375.0826489
159.375502019 1375.0826489
159.970741854 1375.0826489
160.565981688 1375.0826489
161.161221523 1375.0826489
161.756461357 1375.0826489
162.351701192 1375.0826489
162.946941026 1375.0826489
163.542180861 1375.0826489
164.137420695 1375.0826489
164.73266053 1375.0826489
165.327900364 1375.0826489
165.923140199 1375.0826489
166.518380033 1375.0826489
167.113619868 1375.0826489
167.708859702 1375.0826489
168.304099537 1375.0826489
168.899339371 1375.0826489
169.494579206 1375.0826489
170.08981904 1375.0826489
170.685058874 1375.0826489
171.280298709 1375.0826489
171.875538543 1375.0826489
172.470778378 1375.0826489
173.066018212 1375.0826489
173.661258047 1375.0826489
174.256497881 1375.0826489
174.851737716 1375.0826489
175.44697755 1375.0826489
176.042217385 1375.0826489
176.637457219 1375.0826489
177.232697054 1375.0826489
177.827936888 1375.0826489
178.423176723 1375.0826489
179.018416557 1375.0826489
179.613656392 1375.0826489
180.208896226 1375.0826489
180.80413606 1375.0826489
181.399375895 1375.0826489
181.994615729 1375.0826489
182.589855564 1375.0826489
183.185095398 1375.0826489
183.780335233 1375.0826489
184.375575067 1375.0826489
184.970814902 1375.0826489
185.566054736 1375.0826489
186.161294571 1375.0826489
186.756534405 1375.0826489
187.35177424 1375.0826489
187.947014074 1375.0826489
188.542253909 1375.0826489
189.137493743 1375.0826489
189.732733578 1375.0826489
190.327973412 1375.0826489
190.923213247 1375.0826489
191.518453081 1375.0826489
192.113692915 1375.0826489
192.70893275 1375.0826489
193.304172584 1375.0826489
193.899412419 1375.0826489
194.494652253 1375.0826489
195.089892088 1375.0826489
195.685131922 1375.0826489
196.280371757 1375.0826489
196.875611591 1375.0826489
197.470851426 1375.0826489
198.06609126 1375.0826489
198.661331095 1375.0826489
199.256570929 1375.0826489
199.851810764 1375.0826489
200.447050598 1375.0826489
201.042290433 1375.0826489
201.637530267 1375.0826489
202.232770102 1375.0826489
202.828009936 1375.0826489
203.42324977 1375.0826489
204.018489605 1375.0826489
204.613729439 1375.0826489
205.208969274 1375.0826489
205.804209108 1375.0826489
206.399448943 1375.0826489
206.994688777 1375.0826489
207.589928612 1375.0826489
208.185168446 1375.0826489
208.780408281 1375.0826489
209.375648115 1375.0826489
209.97088795 1375.0826489
210.566127784 1375.0826489
211.161367619 1375.0826489
211.756607453 1375.0826489
212.351847288 1375.0826489
212.947087122 1375.0826489
213.542326956 1375.0826489
214.137566791 1375.0826489
214.732806625 1375.0826489
215.32804646 1375.0826489
215.923286294 1375.0826489
216.518526129 1375.0826489
217.113765963 1375.0826489
217.709005798 1375.0826489
218.304245632 1375.0826489
218.899485467 1375.0826489
219.494725301 1375.0826489
220.089965136 1375.0826489
220.68520497 1375.0826489
221.280444805 1375.0826489
221.875684639 1375.0826489
222.470924474 1375.0826489
223.066164308 1375.0826489
223.661404143 1375.0826489
224.256643977 1375.0826489
224.851883811 1375.0826489
225.447123646 1375.0826489
226.04236348 1375.0826489
226.637603315 1375.0826489
227.232843149 1375.0826489
227.828082984 1375.0826489
228.423322818 1375.0826489
229.018562653 1375.0826489
229.613802487 1375.0826489
230.209042322 1375.0826489
230.804282156 1375.0826489
231.399521991 1375.0826489
231.994761825 1375.0826489
232.59000166 1375.0826489
233.185241494 1375.0826489
233.780481329 1375.0826489
234.375721163 1375.0826489
234.970960998 1375.0826489
235.566200832 1375.0826489
236.161440666 1375.0826489
236.756680501 1375.0826489
237.351920335 1375.0826489
237.94716017 1375.0826489
238.542400004 1375.0826489
239.137639839 1375.0826489
239.732879673 1375.0826489
240.328119508 1375.0826489
240.923359342 1375.0826489
241.518599177 1375.0826489
242.113839011 1375.0826489
242.709078846 1375.0826489
243.30431868 1375.0826489
243.899558515 1375.0826489
244.494798349 1375.0826489
245.090038184 1375.0826489
245.685278018 1375.0826489
246.280517852 1375.0826489
246.875757687 1375.0826489
247.470997521 1375.0826489
248.066237356 1375.0826489
248.66147719 1375.0826489
249.256717025 1375.0826489
249.851956859 1375.0826489
250.447196694 1375.0826489
251.042436528 1375.0826489
251.637676363 1375.0826489
252.232916197 1375.0826489
252.828156032 1375.0826489
253.423395866 1375.0826489
254.018635701 1375.0826489
254.613875535 1375.0826489
255.20911537 1375.0826489
255.804355204 1375.0826489
256.399595039 1375.0826489
256.994834873 1375.0826489
257.590074707 1375.0826489
258.185314542 1375.0826489
258.780554376 1375.0826489
259.375794211 1375.0826489
259.971034045 1375.0826489
260.56627388 1375.0826489
261.161513714 1375.0826489
261.756753549 1375.0826489
262.351993383 1375.0826489
262.947233218 1375.0826489
263.542473052 1375.0826489
264.137712887 1375.0826489
264.732952721 1375.0826489
265.328192556 1375.0826489
265.92343239 1375.0826489
266.518672225 1375.0826489
267.113912059 1375.0826489
267.709151894 1375.0826489
268.304391728 1375.0826489
268.899631562 1375.0826489
269.494871397 1375.0826489
270.090111231 1375.0826489
270.685351066 1375.0826489
271.2805909 1375.0826489
271.875830735 1375.0826489
272.471070569 1375.0826489
273.066310404 1375.0826489
273.661550238 1375.0826489
274.256790073 1375.0826489
274.852029907 1375.0826489
275.447269742 1375.0826489
276.042509576 1375.0826489
276.637749411 1375.0826489
277.232989245 1375.0826489
277.82822908 1375.0826489
278.423468914 1375.0826489
279.018708748 1375.0826489
279.613948583 1375.0826489
280.209188417 1375.0826489
280.804428252 1375.0826489
281.399668086 1375.0826489
281.994907921 1375.0826489
282.590147755 1375.0826489
283.18538759 1375.0826489
283.780627424 1375.0826489
284.375867259 1375.0826489
284.971107093 1375.0826489
285.566346928 1375.0826489
286.161586762 1375.0826489
286.756826597 1375.0826489
287.352066431 1375.0826489
287.947306266 1375.0826489
288.5425461 1375.0826489
289.137785935 1375.0826489
289.733025769 1375.0826489
290.328265603 1375.0826489
290.923505438 1375.0826489
291.518745272 1375.0826489
292.113985107 1375.0826489
292.709224941 1375.0826489
293.304464776 1375.0826489
293.89970461 1375.0826489
294.494944445 1375.0826489
295.090184279 1375.0826489
295.685424114 1375.0826489
296.280663948 1375.0826489
296.875903783 1375.0826489
297.471143617 1375.0826489
298.066383452 1375.0826489
298.661623286 1375.0826489
299.256863121 1375.0826489
299.852102955 1375.0826489
300.44734279 1375.0826489
301.042582624 1375.0826489
301.637822458 1375.0826489
302.233062293 1375.0826489
302.828302127 1375.0826489
303.423541962 1375.0826489
304.018781796 1375.0826489
304.614021631 1375.0826489
305.209261465 1554.81871879
305.8045013 1554.81871879
306.399741134 1554.81871879
306.994980969 1554.81871879
307.590220803 1554.81871879
308.185460638 1554.81871879
308.780700472 1554.81871879
309.375940307 1554.81871879
309.971180141 1554.81871879
310.566419976 1554.81871879
311.16165981 1554.81871879
311.756899644 1554.81871879
312.352139479 1554.81871879
312.947379313 1554.81871879
313.542619148 1554.81871879
314.137858982 1554.81871879
314.733098817 1554.81871879
315.328338651 1554.81871879
315.923578486 1554.81871879
316.51881832 1554.81871879
317.114058155 1554.81871879
317.709297989 1554.81871879
318.304537824 1554.81871879
318.899777658 1554.81871879
319.495017493 1554.81871879
320.090257327 1554.81871879
320.685497162 1554.81871879
321.280736996 1554.81871879
321.875976831 1554.81871879
322.471216665 1554.81871879
323.066456499 1554.81871879
323.661696334 1554.81871879
324.256936168 1554.81871879
324.852176003 1554.81871879
325.447415837 1554.81871879
326.042655672 1554.81871879
326.637895506 1554.81871879
327.233135341 1554.81871879
327.828375175 1554.81871879
328.42361501 1554.81871879
329.018854844 1554.81871879
329.614094679 1554.81871879
330.209334513 1554.81871879
330.804574348 1554.81871879
331.399814182 1554.81871879
331.995054017 1554.81871879
332.590293851 1554.81871879
333.185533685 1554.81871879
333.78077352 1554.81871879
334.376013354 1554.81871879
334.971253189 1554.81871879
335.566493023 1554.81871879
336.161732858 1554.81871879
336.756972692 1554.81871879
337.352212527 1554.81871879
337.947452361 1554.81871879
338.542692196 1554.81871879
339.13793203 1554.81871879
339.733171865 1554.81871879
340.328411699 1554.81871879
340.923651534 1554.81871879
341.518891368 1554.81871879
342.114131203 1554.81871879
342.709371037 1554.81871879
343.304610872 1554.81871879
343.899850706 1554.81871879
344.49509054 1554.81871879
345.090330375 1554.81871879
345.685570209 1554.81871879
346.280810044 1554.81871879
346.876049878 1554.81871879
347.471289713 1554.81871879
348.066529547 1554.81871879
348.661769382 1554.81871879
349.257009216 1554.81871879
349.852249051 1554.81871879
350.447488885 1554.81871879
351.04272872 1554.81871879
351.637968554 1554.81871879
352.233208389 1554.81871879
352.828448223 1554.81871879
353.423688058 1554.81871879
354.018927892 1554.81871879
354.614167727 1554.81871879
355.209407561 1554.81871879
355.804647395 1554.81871879
356.39988723 1554.81871879
356.995127064 1554.81871879
357.590366899 1554.81871879
358.185606733 1554.81871879
358.780846568 1554.81871879
359.376086402 1554.81871879
359.971326237 1554.81871879
360.566566071 1554.81871879
361.161805906 1554.81871879
361.75704574 1554.81871879
362.352285575 1554.81871879
362.947525409 1554.81871879
363.542765244 1554.81871879
364.138005078 1554.81871879
364.733244913 1554.81871879
365.328484747 1554.81871879
365.923724581 1554.81871879
366.518964416 1554.81871879
367.11420425 1554.81871879
367.709444085 1554.81871879
368.304683919 1554.81871879
368.899923754 1554.81871879
369.495163588 1554.81871879
370.090403423 1554.81871879
370.685643257 1554.81871879
371.280883092 1554.81871879
371.876122926 1554.81871879
372.471362761 1554.81871879
373.066602595 1554.81871879
373.66184243 1554.81871879
374.257082264 1554.81871879
374.852322099 1554.81871879
375.447561933 1554.81871879
376.042801768 1554.81871879
376.638041602 1554.81871879
377.233281436 1554.81871879
377.828521271 1554.81871879
378.423761105 1554.81871879
379.01900094 1554.81871879
379.614240774 1554.81871879
380.209480609 1554.81871879
380.804720443 1554.81871879
381.399960278 1554.81871879
381.995200112 1554.81871879
382.590439947 1554.81871879
383.185679781 1554.81871879
383.780919616 1554.81871879
384.37615945 1554.81871879
384.971399285 1554.81871879
385.566639119 1554.81871879
386.161878954 1554.81871879
386.757118788 1554.81871879
387.352358623 1554.81871879
387.947598457 1554.81871879
388.542838291 1554.81871879
389.138078126 1554.81871879
389.73331796 1554.81871879
390.328557795 1554.81871879
390.923797629 1554.81871879
391.519037464 1554.81871879
392.114277298 1554.81871879
392.709517133 1554.81871879
393.304756967 1554.81871879
393.899996802 1554.81871879
394.495236636 1554.81871879
395.090476471 1554.81871879
395.685716305 1554.81871879
396.28095614 1554.81871879
396.876195974 1554.81871879
397.471435809 1554.81871879
398.066675643 1554.81871879
398.661915477 1554.81871879
399.257155312 1554.81871879
399.852395146 1554.81871879
400.447634981 1554.81871879
401.042874815 1554.81871879
401.63811465 1554.81871879
402.233354484 1554.81871879
402.828594319 1554.81871879
403.423834153 1554.81871879
404.019073988 1554.81871879
404.614313822 1554.81871879
405.209553657 1554.81871879
405.804793491 1554.81871879
406.400033326 1554.81871879
406.99527316 1554.81871879
407.590512995 1554.81871879
408.185752829 1554.81871879
408.780992664 1554.81871879
409.376232498 1554.81871879
409.971472332 1554.81871879
410.566712167 1554.81871879
411.161952001 1554.81871879
411.757191836 1554.81871879
412.35243167 1554.81871879
412.947671505 1554.81871879
413.542911339 1554.81871879
414.138151174 1554.81871879
414.733391008 1554.81871879
415.328630843 1554.81871879
415.923870677 1554.81871879
416.519110512 1554.81871879
417.114350346 1554.81871879
417.709590181 1554.81871879
418.304830015 1554.81871879
418.90006985 1554.81871879
419.495309684 1554.81871879
420.090549519 1554.81871879
420.685789353 1554.81871879
421.281029187 1554.81871879
421.876269022 1554.81871879
422.471508856 1554.81871879
423.066748691 1554.81871879
423.661988525 1554.81871879
424.25722836 1554.81871879
424.852468194 1554.81871879
425.447708029 1554.81871879
426.042947863 1554.81871879
426.638187698 1554.81871879
427.233427532 1554.81871879
427.828667367 1554.81871879
428.423907201 1554.81871879
429.019147036 1554.81871879
429.61438687 1554.81871879
430.209626705 1554.81871879
430.804866539 1554.81871879
431.400106373 1554.81871879
431.995346208 1554.81871879
432.590586042 1554.81871879
433.185825877 1554.81871879
433.781065711 1554.81871879
434.376305546 1554.81871879
434.97154538 1554.81871879
435.566785215 1554.81871879
436.162025049 1554.81871879
436.757264884 1554.81871879
437.352504718 1554.81871879
437.947744553 1554.81871879
438.542984387 1554.81871879
439.138224222 1554.81871879
439.733464056 1554.81871879
440.328703891 1554.81871879
440.923943725 1554.81871879
441.51918356 1554.81871879
442.114423394 1554.81871879
442.709663228 1554.81871879
443.304903063 1554.81871879
443.900142897 1554.81871879
444.495382732 1554.81871879
445.090622566 1554.81871879
445.685862401 1554.81871879
446.281102235 1554.81871879
446.87634207 1554.81871879
447.471581904 1554.81871879
448.066821739 1554.81871879
448.662061573 1554.81871879
449.257301408 1554.81871879
449.852541242 1554.81871879
450.447781077 1554.81871879
451.043020911 1554.81871879
451.638260746 1554.81871879
452.23350058 1554.81871879
452.828740415 1554.81871879
453.423980249 1554.81871879
454.019220083 1554.81871879
454.614459918 1554.81871879
455.209699752 1554.81871879
455.804939587 1554.81871879
456.400179421 1554.81871879
456.995419256 1554.81871879
457.59065909 1419.93167094
458.185898925 1419.93167094
458.781138759 1419.93167094
459.376378594 1419.93167094
459.971618428 1419.93167094
460.566858263 1419.93167094
461.162098097 1419.93167094
461.757337932 1419.93167094
462.352577766 1419.93167094
462.947817601 1419.93167094
463.543057435 1419.93167094
464.138297269 1419.93167094
464.733537104 1419.93167094
465.328776938 1419.93167094
465.924016773 1419.93167094
466.519256607 1419.93167094
467.114496442 1419.93167094
467.709736276 1419.93167094
468.304976111 1419.93167094
468.900215945 1419.93167094
469.49545578 1419.93167094
470.090695614 1419.93167094
470.685935449 1419.93167094
471.281175283 1419.93167094
471.876415118 1419.93167094
472.471654952 1419.93167094
473.066894787 1419.93167094
473.662134621 1419.93167094
474.257374456 1419.93167094
474.85261429 1419.93167094
475.447854124 1419.93167094
476.043093959 1419.93167094
476.638333793 1419.93167094
477.233573628 1419.93167094
477.828813462 1419.93167094
478.424053297 1419.93167094
479.019293131 1419.93167094
479.614532966 1419.93167094
480.2097728 1419.93167094
480.805012635 1419.93167094
481.400252469 1419.93167094
481.995492304 1419.93167094
482.590732138 1419.93167094
483.185971973 1419.93167094
483.781211807 1419.93167094
484.376451642 1419.93167094
484.971691476 1419.93167094
485.56693131 1419.93167094
486.162171145 1419.93167094
486.757410979 1419.93167094
487.352650814 1419.93167094
487.947890648 1419.93167094
488.543130483 1419.93167094
489.138370317 1419.93167094
489.733610152 1419.93167094
490.328849986 1419.93167094
490.924089821 1419.93167094
491.519329655 1419.93167094
492.11456949 1419.93167094
492.709809324 1419.93167094
493.305049159 1419.93167094
493.900288993 1419.93167094
494.495528828 1419.93167094
495.090768662 1419.93167094
495.686008497 1419.93167094
496.281248331 1419.93167094
496.876488165 1419.93167094
497.471728 1419.93167094
498.066967834 1419.93167094
498.662207669 1419.93167094
499.257447503 1419.93167094
499.852687338 1419.93167094
500.447927172 1419.93167094
501.043167007 1419.93167094
501.638406841 1419.93167094
502.233646676 1419.93167094
502.82888651 1419.93167094
503.424126345 1419.93167094
504.019366179 1419.93167094
504.614606014 1419.93167094
505.209845848 1419.93167094
505.805085683 1419.93167094
506.400325517 1419.93167094
506.995565352 1419.93167094
507.590805186 1419.93167094
508.18604502 1419.93167094
508.781284855 1419.93167094
509.376524689 1419.93167094
509.971764524 1419.93167094
510.567004358 1419.93167094
511.162244193 1419.93167094
511.757484027 1419.93167094
512.352723862 1419.93167094
512.947963696 1419.93167094
513.543203531 1419.93167094
514.138443365 1419.93167094
514.7336832 1419.93167094
515.328923034 1419.93167094
515.924162869 1419.93167094
516.519402703 1419.93167094
517.114642538 1419.93167094
517.709882372 1419.93167094
518.305122206 1419.93167094
518.900362041 1419.93167094
519.495601875 1419.93167094
520.09084171 1419.93167094
520.686081544 1419.93167094
521.281321379 1419.93167094
521.876561213 1419.93167094
522.471801048 1419.93167094
523.067040882 1419.93167094
523.662280717 1419.93167094
524.257520551 1419.93167094
524.852760386 1419.93167094
525.44800022 1419.93167094
526.043240055 1419.93167094
526.638479889 1419.93167094
527.233719724 1419.93167094
527.828959558 1419.93167094
528.424199393 1419.93167094
529.019439227 1419.93167094
529.614679061 1419.93167094
530.209918896 1419.93167094
530.80515873 1419.93167094
531.400398565 1419.93167094
531.995638399 1419.93167094
532.590878234 1419.93167094
533.186118068 1419.93167094
533.781357903 1689.70576664
534.376597737 1689.70576664
534.971837572 1689.70576664
535.567077406 1689.70576664
536.162317241 1689.70576664
536.757557075 1689.70576664
537.35279691 1689.70576664
537.948036744 1689.70576664
538.543276579 1689.70576664
539.138516413 1689.70576664
539.733756248 1689.70576664
540.328996082 1689.70576664
540.924235916 1689.70576664
541.519475751 1689.70576664
542.114715585 1689.70576664
542.70995542 1689.70576664
543.305195254 1689.70576664
543.900435089 1689.70576664
544.495674923 1689.70576664
545.090914758 1689.70576664
545.686154592 1689.70576664
546.281394427 1689.70576664
546.876634261 1689.70576664
547.471874096 1689.70576664
548.06711393 1689.70576664
548.662353765 1689.70576664
549.257593599 1689.70576664
549.852833434 1689.70576664
550.448073268 1689.70576664
551.043313102 1689.70576664
551.638552937 1689.70576664
552.233792771 1689.70576664
552.829032606 1689.70576664
553.42427244 1689.70576664
554.019512275 1689.70576664
554.614752109 1689.70576664
555.209991944 1689.70576664
555.805231778 1689.70576664
556.400471613 1689.70576664
556.995711447 1689.70576664
557.590951282 1689.70576664
558.186191116 1689.70576664
558.781430951 1689.70576664
559.376670785 1689.70576664
559.97191062 1689.70576664
560.567150454 1689.70576664
561.162390289 1689.70576664
561.757630123 1689.70576664
562.352869957 1689.70576664
562.948109792 1689.70576664
563.543349626 1689.70576664
564.138589461 1689.70576664
564.733829295 1689.70576664
565.32906913 1689.70576664
565.924308964 1689.70576664
566.519548799 1689.70576664
567.114788633 1689.70576664
567.710028468 1689.70576664
568.305268302 1689.70576664
568.900508137 1689.70576664
569.495747971 1689.70576664
570.090987806 1689.70576664
570.68622764 1689.70576664
571.281467475 1689.70576664
571.876707309 1689.70576664
572.471947144 1689.70576664
573.067186978 1689.70576664
573.662426812 1689.70576664
574.257666647 1689.70576664
574.852906481 1689.70576664
575.448146316 1689.70576664
576.04338615 1689.70576664
576.638625985 1689.70576664
577.233865819 1689.70576664
577.829105654 1689.70576664
578.424345488 1689.70576664
579.019585323 1689.70576664
579.614825157 1689.70576664
580.210064992 1689.70576664
580.805304826 1689.70576664
581.400544661 1689.70576664
581.995784495 1689.70576664
582.59102433 1689.70576664
583.186264164 1689.70576664
583.781503998 1689.70576664
584.376743833 1689.70576664
584.971983667 1689.70576664
585.567223502 1689.70576664
586.162463336 1689.70576664
586.757703171 1689.70576664
587.352943005 1689.70576664
587.94818284 1689.70576664
588.543422674 1689.70576664
589.138662509 1689.70576664
589.733902343 1689.70576664
590.329142178 1689.70576664
590.924382012 1689.70576664
591.519621847 1689.70576664
592.114861681 1689.70576664
592.710101516 1689.70576664
593.30534135 1689.70576664
593.900581185 1689.70576664
594.495821019 1689.70576664
595.091060853 1689.70576664
595.686300688 1689.70576664
596.281540522 1689.70576664
596.876780357 1689.70576664
597.472020191 1689.70576664
598.067260026 1689.70576664
598.66249986 1689.70576664
599.257739695 1689.70576664
599.852979529 1689.70576664
600.448219364 1689.70576664
601.043459198 1689.70576664
601.638699033 1689.70576664
602.233938867 1689.70576664
602.829178702 1689.70576664
603.424418536 1689.70576664
604.019658371 1689.70576664
604.614898205 1689.70576664
605.21013804 1689.70576664
605.805377874 1689.70576664
606.400617708 1689.70576664
606.995857543 1689.70576664
607.591097377 1689.70576664
608.186337212 1689.70576664
608.781577046 1689.70576664
609.376816881 1689.70576664
609.972056715 3015.60782437
610.56729655 3015.60782437
611.162536384 3015.60782437
611.757776219 3015.60782437
612.353016053 3015.60782437
612.948255888 3015.60782437
613.543495722 3015.60782437
614.138735557 3015.60782437
614.733975391 3015.60782437
615.329215226 3015.60782437
615.92445506 3015.60782437
616.519694894 3015.60782437
617.114934729 3015.60782437
617.710174563 3015.60782437
618.305414398 3015.60782437
618.900654232 3015.60782437
619.495894067 3015.60782437
620.091133901 3015.60782437
620.686373736 3015.60782437
621.28161357 3015.60782437
621.876853405 3015.60782437
622.472093239 3015.60782437
623.067333074 3015.60782437
623.662572908 3015.60782437
624.257812743 3015.60782437
624.853052577 3015.60782437
625.448292412 3015.60782437
626.043532246 3015.60782437
626.638772081 3015.60782437
627.234011915 3015.60782437
627.829251749 3015.60782437
628.424491584 3015.60782437
629.019731418 3015.60782437
629.614971253 3015.60782437
630.210211087 3015.60782437
630.805450922 3015.60782437
631.400690756 3015.60782437
631.995930591 3015.60782437
632.591170425 3015.60782437
633.18641026 3015.60782437
633.781650094 3015.60782437
634.376889929 3015.60782437
634.972129763 3015.60782437
635.567369598 3015.60782437
636.162609432 3015.60782437
636.757849267 3015.60782437
637.353089101 3015.60782437
637.948328935 3015.60782437
638.54356877 2090.03910527
639.138808604 2090.03910527
639.734048439 2090.03910527
640.329288273 2090.03910527
640.924528108 2090.03910527
641.519767942 2090.03910527
642.115007777 2090.03910527
642.710247611 2090.03910527
643.305487446 3941.17654346
643.90072728 3941.17654346
644.495967115 3941.17654346
645.091206949 3941.17654346
645.686446784 3941.17654346
646.281686618 3941.17654346
646.876926453 3941.17654346
647.472166287 3941.17654346
648.067406122 3015.60782437
648.662645956 3015.60782437
649.25788579 3015.60782437
649.853125625 3015.60782437
650.448365459 3015.60782437
651.043605294 3015.60782437
651.638845128 3015.60782437
652.234084963 3015.60782437
652.829324797 3015.60782437
653.424564632 3015.60782437
654.019804466 3015.60782437
654.615044301 3015.60782437
655.210284135 3015.60782437
655.80552397 3015.60782437
656.400763804 3015.60782437
656.996003639 3015.60782437
657.591243473 3015.60782437
658.186483308 3015.60782437
658.781723142 3015.60782437
659.376962977 3015.60782437
659.972202811 3015.60782437
660.567442645 3015.60782437
661.16268248 3015.60782437
661.757922314 3015.60782437
662.353162149 3015.60782437
662.948401983 3015.60782437
663.543641818 3015.60782437
664.138881652 3015.60782437
664.734121487 3015.60782437
665.329361321 3015.60782437
665.924601156 3015.60782437
666.51984099 3015.60782437
667.115080825 3015.60782437
667.710320659 3015.60782437
668.305560494 3015.60782437
668.900800328 3015.60782437
669.496040163 3015.60782437
670.091279997 3015.60782437
670.686519831 3015.60782437
671.281759666 3015.60782437
671.8769995 3015.60782437
672.472239335 3015.60782437
673.067479169 3015.60782437
673.662719004 3015.60782437
674.257958838 3015.60782437
674.853198673 3015.60782437
675.448438507 3015.60782437
676.043678342 3015.60782437
676.638918176 3015.60782437
677.234158011 3015.60782437
677.829397845 3015.60782437
678.42463768 3015.60782437
679.019877514 3015.60782437
679.615117349 3015.60782437
680.210357183 3015.60782437
680.805597018 3015.60782437
681.400836852 3015.60782437
681.996076686 3015.60782437
682.591316521 3015.60782437
683.186556355 3015.60782437
683.78179619 3015.60782437
684.377036024 3015.60782437
684.972275859 3015.60782437
685.567515693 3015.60782437
686.162755528 3552.10449829
686.757995362 3552.10449829
687.353235197 3552.10449829
687.948475031 3552.10449829
688.543714866 3552.10449829
689.1389547 3552.10449829
689.734194535 3552.10449829
690.329434369 3552.10449829
690.924674204 3552.10449829
691.519914038 3552.10449829
692.115153873 3552.10449829
692.710393707 3552.10449829
693.305633541 3552.10449829
693.900873376 3552.10449829
694.49611321 3552.10449829
695.091353045 3552.10449829
695.686592879 3552.10449829
696.281832714 3552.10449829
696.877072548 3552.10449829
697.472312383 3552.10449829
698.067552217 3552.10449829
698.662792052 3552.10449829
699.258031886 3552.10449829
699.853271721 3552.10449829
700.448511555 3552.10449829
701.04375139 3552.10449829
701.638991224 3552.10449829
702.234231059 3552.10449829
702.829470893 3552.10449829
703.424710727 3552.10449829
704.019950562 3552.10449829
704.615190396 3552.10449829
705.210430231 2736.59994711
705.805670065 2736.59994711
706.4009099 2736.59994711
706.996149734 2736.59994711
707.591389569 2736.59994711
708.186629403 2736.59994711
708.781869238 2736.59994711
709.377109072 2736.59994711
709.972348907 2736.59994711
710.567588741 2736.59994711
711.162828576 2736.59994711
711.75806841 2736.59994711
712.353308245 2736.59994711
712.948548079 2736.59994711
713.543787914 2736.59994711
714.139027748 2736.59994711
714.734267582 2736.59994711
715.329507417 2736.59994711
715.924747251 2736.59994711
716.519987086 2736.59994711
717.11522692 2736.59994711
717.710466755 2736.59994711
718.305706589 2736.59994711
718.900946424 2736.59994711
719.496186258 2736.59994711
720.091426093 2736.59994711
720.686665927 2736.59994711
721.281905762 2736.59994711
721.877145596 2736.59994711
722.472385431 2736.59994711
723.067625265 2736.59994711
723.6628651 2736.59994711
724.258104934 2886.86342603
724.853344769 2886.86342603
725.448584603 2886.86342603
726.043824437 2886.86342603
726.639064272 2886.86342603
727.234304106 2886.86342603
727.829543941 2886.86342603
728.424783775 2886.86342603
729.02002361 2886.86342603
729.615263444 2886.86342603
730.210503279 2886.86342603
730.805743113 2886.86342603
731.400982948 2886.86342603
731.996222782 2886.86342603
732.591462617 2886.86342603
733.186702451 2886.86342603
733.781942286 2886.86342603
734.37718212 2886.86342603
734.972421955 2886.86342603
735.567661789 2886.86342603
736.162901623 2886.86342603
736.758141458 2886.86342603
737.353381292 2886.86342603
737.948621127 2886.86342603
738.543860961 2886.86342603
739.139100796 2886.86342603
739.73434063 2886.86342603
740.329580465 2886.86342603
740.924820299 2886.86342603
741.520060134 2886.86342603
742.115299968 2886.86342603
742.710539803 2886.86342603
743.305779637 2886.86342603
743.901019472 2886.86342603
744.496259306 2886.86342603
745.091499141 2886.86342603
745.686738975 2886.86342603
746.28197881 2886.86342603
746.877218644 2886.86342603
747.472458478 2886.86342603
748.067698313 2886.86342603
748.662938147 2886.86342603
749.258177982 2886.86342603
749.853417816 2886.86342603
750.448657651 2886.86342603
751.043897485 2886.86342603
751.63913732 2886.86342603
752.234377154 2886.86342603
752.829616989 2886.86342603
753.424856823 2886.86342603
754.020096658 2886.86342603
754.615336492 2886.86342603
755.210576327 2886.86342603
755.805816161 2886.86342603
756.401055996 2886.86342603
756.99629583 2886.86342603
757.591535665 2886.86342603
758.186775499 2886.86342603
758.782015333 2886.86342603
759.377255168 2886.86342603
759.972495002 2886.86342603
760.567734837 2886.86342603
761.162974671 2886.86342603
761.758214506 2886.86342603
762.35345434 2896.4938155
762.948694175 2896.4938155
763.543934009 2896.4938155
764.139173844 2896.4938155
764.734413678 2896.4938155
765.329653513 2896.4938155
765.924893347 2896.4938155
766.520133182 2896.4938155
767.115373016 2896.4938155
767.710612851 2896.4938155
768.305852685 2896.4938155
768.901092519 2896.4938155
769.496332354 2896.4938155
770.091572188 2896.4938155
770.686812023 2896.4938155
771.282051857 2896.4938155
771.877291692 2896.4938155
772.472531526 2896.4938155
773.067771361 2896.4938155
773.663011195 2896.4938155
774.25825103 2896.4938155
774.853490864 2896.4938155
775.448730699 2896.4938155
776.043970533 2896.4938155
776.639210368 2896.4938155
777.234450202 2896.4938155
777.829690037 2896.4938155
778.424929871 2896.4938155
779.020169706 2896.4938155
779.61540954 2896.4938155
780.210649374 2896.4938155
780.805889209 2896.4938155
781.401129043 2896.4938155
781.996368878 2896.4938155
782.591608712 2896.4938155
783.186848547 2896.4938155
783.782088381 2896.4938155
784.377328216 2896.4938155
784.97256805 2896.4938155
785.567807885 2896.4938155
786.163047719 2896.4938155
786.758287554 2896.4938155
787.353527388 2896.4938155
787.948767223 2896.4938155
788.544007057 2896.4938155
789.139246892 2896.4938155
789.734486726 2896.4938155
790.32972656 2896.4938155
790.924966395 2896.4938155
791.520206229 2896.4938155
792.115446064 2896.4938155
792.710685898 2896.4938155
793.305925733 2896.4938155
793.901165567 2896.4938155
794.496405402 2896.4938155
795.091645236 2896.4938155
795.686885071 2896.4938155
796.282124905 2896.4938155
796.87736474 2896.4938155
797.472604574 2896.4938155
798.067844409 2896.4938155
798.663084243 2896.4938155
799.258324078 2896.4938155
799.853563912 2896.4938155
800.448803747 3420.51717485
801.044043581 3420.51717485
801.639283415 3420.51717485
802.23452325 3420.51717485
802.829763084 3420.51717485
803.425002919 3420.51717485
804.020242753 3420.51717485
804.615482588 3420.51717485
805.210722422 3420.51717485
805.805962257 3420.51717485
806.401202091 3420.51717485
806.996441926 3420.51717485
807.59168176 3420.51717485
808.186921595 3420.51717485
808.782161429 3420.51717485
809.377401264 3420.51717485
809.972641098 3420.51717485
810.567880933 3420.51717485
811.163120767 3420.51717485
811.758360602 3420.51717485
812.353600436 3420.51717485
812.94884027 3420.51717485
813.544080105 3420.51717485
814.139319939 3420.51717485
814.734559774 3420.51717485
815.329799608 3420.51717485
815.925039443 3420.51717485
816.520279277 3420.51717485
817.115519112 3420.51717485
817.710758946 3420.51717485
818.305998781 3420.51717485
818.901238615 3420.51717485
819.49647845 3420.51717485
820.091718284 3420.51717485
820.686958119 3420.51717485
821.282197953 3420.51717485
821.877437788 3420.51717485
822.472677622 3420.51717485
823.067917456 3420.51717485
823.663157291 3420.51717485
824.258397125 3420.51717485
824.85363696 3420.51717485
825.448876794 3420.51717485
826.044116629 3420.51717485
826.639356463 3420.51717485
827.234596298 3420.51717485
827.829836132 3420.51717485
828.425075967 3420.51717485
829.020315801 3420.51717485
829.615555636 3420.51717485
830.21079547 3420.51717485
830.806035305 3420.51717485
831.401275139 3420.51717485
831.996514974 3420.51717485
832.591754808 3420.51717485
833.186994643 3420.51717485
833.782234477 3420.51717485
834.377474311 3420.51717485
834.972714146 3420.51717485
835.56795398 3420.51717485
836.163193815 3420.51717485
836.758433649 3420.51717485
837.353673484 3420.51717485
837.948913318 3420.51717485
838.544153153 2872.71015356
839.139392987 2872.71015356
839.734632822 2872.71015356
840.329872656 2872.71015356
840.925112491 2872.71015356
841.520352325 2872.71015356
842.11559216 2872.71015356
842.710831994 2872.71015356
843.306071829 2872.71015356
843.901311663 2872.71015356
844.496551498 2872.71015356
845.091791332 2872.71015356
845.687031166 2872.71015356
846.282271001 2872.71015356
846.877510835 2872.71015356
847.47275067 2872.71015356
848.067990504 2872.71015356
848.663230339 2872.71015356
849.258470173 2872.71015356
849.853710008 2872.71015356
850.448949842 2872.71015356
851.044189677 2872.71015356
851.639429511 2872.71015356
852.234669346 2872.71015356
852.82990918 2872.71015356
853.425149015 2872.71015356
854.020388849 2872.71015356
854.615628684 2872.71015356
855.210868518 2872.71015356
855.806108352 2872.71015356
856.401348187 2872.71015356
856.996588021 2872.71015356
857.591827856 2872.71015356
858.18706769 2872.71015356
858.782307525 2872.71015356
859.377547359 2872.71015356
859.972787194 2872.71015356
860.568027028 2872.71015356
861.163266863 2872.71015356
861.758506697 2872.71015356
862.353746532 2872.71015356
862.948986366 2872.71015356
863.544226201 2872.71015356
864.139466035 2872.71015356
864.73470587 2872.71015356
865.329945704 2872.71015356
865.925185539 2872.71015356
866.520425373 2872.71015356
867.115665207 2872.71015356
867.710905042 2872.71015356
868.306144876 2872.71015356
868.901384711 2872.71015356
869.496624545 2872.71015356
870.09186438 2872.71015356
870.687104214 2872.71015356
871.282344049 2872.71015356
871.877583883 2872.71015356
872.472823718 2872.71015356
873.068063552 2872.71015356
873.663303387 2872.71015356
874.258543221 2872.71015356
874.853783056 2872.71015356
875.44902289 2872.71015356
876.044262725 2872.71015356
876.639502559 2872.71015356
877.234742394 2872.71015356
877.829982228 2872.71015356
878.425222062 2872.71015356
879.020461897 2872.71015356
879.615701731 2872.71015356
880.210941566 2872.71015356
880.8061814 2872.71015356
881.401421235 2872.71015356
881.996661069 2872.71015356
882.591900904 2872.71015356
883.187140738 2872.71015356
883.782380573 2872.71015356
884.377620407 2872.71015356
884.972860242 2872.71015356
885.568100076 2872.71015356
886.163339911 2872.71015356
886.758579745 2872.71015356
887.35381958 2872.71015356
887.949059414 2872.71015356
888.544299248 2872.71015356
889.139539083 2872.71015356
889.734778917 2872.71015356
890.330018752 2872.71015356
890.925258586 2872.71015356
891.520498421 2872.71015356
892.115738255 2872.71015356
892.71097809 2872.71015356
893.306217924 2872.71015356
893.901457759 2872.71015356
894.496697593 2872.71015356
895.091937428 2872.71015356
895.687177262 2872.71015356
896.282417097 2872.71015356
896.877656931 2872.71015356
897.472896766 2872.71015356
898.0681366 2872.71015356
898.663376435 2872.71015356
899.258616269 2872.71015356
899.853856103 2872.71015356
900.449095938 2872.71015356
901.044335772 2872.71015356
901.639575607 2872.71015356
902.234815441 2872.71015356
902.830055276 2872.71015356
903.42529511 2872.71015356
904.020534945 2872.71015356
904.615774779 2872.71015356
905.211014614 2872.71015356
905.806254448 2872.71015356
906.401494283 2872.71015356
906.996734117 2872.71015356
907.591973952 2872.71015356
908.187213786 2872.71015356
908.782453621 2872.71015356
909.377693455 2872.71015356
909.97293329 2872.71015356
910.568173124 2872.71015356
911.163412958 2872.71015356
911.758652793 2872.71015356
912.353892627 2872.71015356
912.949132462 2872.71015356
913.544372296 2872.71015356
914.139612131 2872.71015356
914.734851965 1529.12528352
915.3300918 1529.12528352
915.925331634 1529.12528352
916.520571469 1529.12528352
917.115811303 1529.12528352
917.711051138 1529.12528352
918.306290972 1529.12528352
918.901530807 1529.12528352
919.496770641 1529.12528352
920.092010476 1529.12528352
920.68725031 1529.12528352
921.282490144 1529.12528352
921.877729979 1529.12528352
922.472969813 1529.12528352
923.068209648 1529.12528352
923.663449482 1529.12528352
924.258689317 1529.12528352
924.853929151 1529.12528352
925.449168986 1529.12528352
926.04440882 1529.12528352
926.639648655 1529.12528352
927.234888489 1529.12528352
927.830128324 1529.12528352
928.425368158 1529.12528352
929.020607993 1529.12528352
929.615847827 1529.12528352
930.211087662 1529.12528352
930.806327496 1529.12528352
931.401567331 1529.12528352
931.996807165 1529.12528352
932.592046999 1529.12528352
933.187286834 1529.12528352
933.782526668 1529.12528352
934.377766503 1529.12528352
934.973006337 1529.12528352
935.568246172 1529.12528352
936.163486006 1529.12528352
936.758725841 1529.12528352
937.353965675 1529.12528352
937.94920551 1529.12528352
938.544445344 1529.12528352
939.139685179 1529.12528352
939.734925013 1529.12528352
940.330164848 1529.12528352
940.925404682 1529.12528352
941.520644517 1529.12528352
942.115884351 1529.12528352
942.711124185 1529.12528352
943.30636402 1529.12528352
943.901603854 1529.12528352
944.496843689 1529.12528352
945.092083523 1529.12528352
945.687323358 1529.12528352
946.282563192 1529.12528352
946.877803027 1529.12528352
947.473042861 1529.12528352
948.068282696 1529.12528352
948.66352253 1529.12528352
949.258762365 1529.12528352
949.854002199 1529.12528352
950.449242034 1529.12528352
951.044481868 1529.12528352
951.639721703 1529.12528352
952.234961537 1529.12528352
952.830201372 1529.12528352
953.425441206 1529.12528352
954.02068104 1529.12528352
954.615920875 1529.12528352
955.211160709 1529.12528352
955.806400544 1529.12528352
956.401640378 1529.12528352
956.996880213 1529.12528352
957.592120047 1529.12528352
958.187359882 1529.12528352
958.782599716 1529.12528352
959.377839551 1529.12528352
959.973079385 1529.12528352
960.56831922 1529.12528352
961.163559054 1529.12528352
961.758798889 1529.12528352
962.354038723 1529.12528352
962.949278558 1529.12528352
963.544518392 1529.12528352
964.139758227 1529.12528352
964.734998061 1529.12528352
965.330237895 1529.12528352
965.92547773 1529.12528352
966.520717564 1529.12528352
967.115957399 1529.12528352
967.711197233 1529.12528352
968.306437068 1529.12528352
968.901676902 1529.12528352
969.496916737 1529.12528352
970.092156571 1529.12528352
970.687396406 1529.12528352
971.28263624 1529.12528352
971.877876075 1529.12528352
972.473115909 1529.12528352
973.068355744 1529.12528352
973.663595578 1529.12528352
974.258835413 1529.12528352
974.854075247 1529.12528352
975.449315081 1529.12528352
976.044554916 1529.12528352
976.63979475 1529.12528352
977.235034585 1529.12528352
977.830274419 1529.12528352
978.425514254 1529.12528352
979.020754088 1529.12528352
979.615993923 1529.12528352
980.211233757 1529.12528352
980.806473592 1529.12528352
981.401713426 1529.12528352
981.996953261 1529.12528352
982.592193095 1529.12528352
983.18743293 1529.12528352
983.782672764 1529.12528352
984.377912599 1529.12528352
984.973152433 1529.12528352
985.568392268 1529.12528352
986.163632102 1529.12528352
986.758871936 1529.12528352
987.354111771 1529.12528352
987.949351605 1529.12528352
988.54459144 1529.12528352
989.139831274 1529.12528352
989.735071109 1529.12528352
990.330310943 1529.12528352
990.925550778 1529.12528352
991.520790612 1529.12528352
992.116030447 1529.12528352
992.711270281 1529.12528352
993.306510116 1529.12528352
993.90174995 1529.12528352
994.496989785 1529.12528352
995.092229619 1529.12528352
995.687469454 1529.12528352
996.282709288 1529.12528352
996.877949123 1529.12528352
997.473188957 1529.12528352
998.068428791 1529.12528352
998.663668626 1529.12528352
999.25890846 1529.12528352
999.854148295 1529.12528352
1000.44938813 1529.12528352
1001.04462796 1529.12528352
1001.6398678 1529.12528352
1002.23510763 1529.12528352
1002.83034747 1529.12528352
1003.4255873 1529.12528352
1004.02082714 1529.12528352
1004.61606697 1529.12528352
1005.21130681 1529.12528352
1005.80654664 1529.12528352
1006.40178647 1529.12528352
1006.99702631 1529.12528352
1007.59226614 1529.12528352
1008.18750598 1529.12528352
1008.78274581 1529.12528352
1009.37798565 1529.12528352
1009.97322548 1529.12528352
1010.56846532 1529.12528352
1011.16370515 1529.12528352
1011.75894498 1529.12528352
1012.35418482 1529.12528352
1012.94942465 1529.12528352
1013.54466449 1529.12528352
1014.13990432 1529.12528352
1014.73514416 1529.12528352
1015.33038399 1529.12528352
1015.92562383 1529.12528352
1016.52086366 1529.12528352
1017.11610349 1529.12528352
1017.71134333 1529.12528352
1018.30658316 1529.12528352
1018.901823 1529.12528352
1019.49706283 1529.12528352
1020.09230267 1529.12528352
1020.6875425 1529.12528352
1021.28278234 1529.12528352
1021.87802217 1529.12528352
1022.473262 1529.12528352
1023.06850184 1529.12528352
1023.66374167 1529.12528352
1024.25898151 1529.12528352
1024.85422134 1529.12528352
1025.44946118 1529.12528352
1026.04470101 1529.12528352
1026.63994085 1529.12528352
1027.23518068 1529.12528352
1027.83042052 1529.12528352
1028.42566035 1529.12528352
1029.02090018 1529.12528352
1029.61614002 1529.12528352
1030.21137985 1529.12528352
1030.80661969 1529.12528352
1031.40185952 1529.12528352
1031.99709936 1529.12528352
1032.59233919 1529.12528352
1033.18757903 1529.12528352
1033.78281886 1529.12528352
1034.37805869 1529.12528352
1034.97329853 1529.12528352
1035.56853836 1529.12528352
1036.1637782 1529.12528352
1036.75901803 1529.12528352
1037.35425787 1529.12528352
1037.9494977 1529.12528352
1038.54473754 1529.12528352
1039.13997737 1529.12528352
1039.7352172 1529.12528352
1040.33045704 1529.12528352
1040.92569687 1529.12528352
1041.52093671 1529.12528352
1042.11617654 1529.12528352
1042.71141638 1529.12528352
1043.30665621 1529.12528352
1043.90189605 1529.12528352
1044.49713588 1529.12528352
1045.09237571 1529.12528352
1045.68761555 1529.12528352
1046.28285538 1529.12528352
1046.87809522 1529.12528352
1047.47333505 1529.12528352
1048.06857489 1529.12528352
1048.66381472 1529.12528352
1049.25905456 1529.12528352
1049.85429439 1529.12528352
1050.44953423 1529.12528352
1051.04477406 1529.12528352
1051.64001389 1529.12528352
1052.23525373 1529.12528352
1052.83049356 1529.12528352
1053.4257334 1529.12528352
1054.02097323 1529.12528352
1054.61621307 1529.12528352
1055.2114529 1529.12528352
1055.80669274 1529.12528352
1056.40193257 1529.12528352
1056.9971724 1529.12528352
1057.59241224 1529.12528352
1058.18765207 1529.12528352
1058.78289191 1529.12528352
1059.37813174 1529.12528352
1059.97337158 1529.12528352
1060.56861141 1529.12528352
1061.16385125 1529.12528352
1061.75909108 1529.12528352
1062.35433091 1529.12528352
1062.94957075 1529.12528352
1063.54481058 1529.12528352
1064.14005042 1529.12528352
1064.73529025 1529.12528352
1065.33053009 1529.12528352
1065.92576992 1529.12528352
1066.52100976 1529.12528352
1067.11624959 1529.12528352
1067.71148942 1529.12528352
1068.30672926 1529.12528352
1068.90196909 1529.12528352
1069.49720893 1529.12528352
1070.09244876 1529.12528352
1070.6876886 1529.12528352
1071.28292843 1529.12528352
1071.87816827 1529.12528352
1072.4734081 1529.12528352
1073.06864794 1529.12528352
1073.66388777 1529.12528352
1074.2591276 1529.12528352
1074.85436744 1529.12528352
1075.44960727 1529.12528352
1076.04484711 1529.12528352
1076.64008694 1529.12528352
1077.23532678 1529.12528352
1077.83056661 1529.12528352
1078.42580645 1529.12528352
1079.02104628 1529.12528352
1079.61628611 1529.12528352
1080.21152595 1529.12528352
1080.80676578 1529.12528352
1081.40200562 1529.12528352
1081.99724545 1529.12528352
1082.59248529 1529.12528352
1083.18772512 1529.12528352
1083.78296496 1529.12528352
1084.37820479 1529.12528352
1084.97344462 1529.12528352
1085.56868446 1529.12528352
1086.16392429 1529.12528352
1086.75916413 1529.12528352
1087.35440396 1529.12528352
1087.9496438 1529.12528352
1088.54488363 1529.12528352
1089.14012347 1529.12528352
1089.7353633 1529.12528352
1090.33060313 1529.12528352
1090.92584297 1529.12528352
1091.5210828 1529.12528352
1092.11632264 1529.12528352
1092.71156247 1529.12528352
1093.30680231 1529.12528352
1093.90204214 1529.12528352
1094.49728198 1529.12528352
1095.09252181 1529.12528352
1095.68776164 1529.12528352
1096.28300148 1529.12528352
1096.87824131 1529.12528352
1097.47348115 1529.12528352
1098.06872098 1529.12528352
1098.66396082 1529.12528352
1099.25920065 1529.12528352
1099.85444049 1529.12528352
1100.44968032 1529.12528352
1101.04492016 1529.12528352
1101.64015999 1529.12528352
1102.23539982 1529.12528352
1102.83063966 1529.12528352
1103.42587949 1529.12528352
1104.02111933 1529.12528352
1104.61635916 1529.12528352
1105.211599 1529.12528352
1105.80683883 1529.12528352
1106.40207867 1529.12528352
1106.9973185 1529.12528352
1107.59255833 1529.12528352
1108.18779817 1529.12528352
1108.783038 1529.12528352
1109.37827784 1529.12528352
1109.97351767 1529.12528352
1110.56875751 1529.12528352
1111.16399734 1529.12528352
1111.75923718 1529.12528352
1112.35447701 1529.12528352
1112.94971684 1529.12528352
1113.54495668 1529.12528352
1114.14019651 1529.12528352
1114.73543635 1529.12528352
1115.33067618 1529.12528352
1115.92591602 1529.12528352
1116.52115585 1529.12528352
1117.11639569 1529.12528352
1117.71163552 1529.12528352
1118.30687535 1529.12528352
1118.90211519 1529.12528352
1119.49735502 1529.12528352
1120.09259486 1529.12528352
1120.68783469 1529.12528352
1121.28307453 1529.12528352
1121.87831436 1529.12528352
1122.4735542 1529.12528352
1123.06879403 1529.12528352
1123.66403387 1529.12528352
1124.2592737 1529.12528352
1124.85451353 1529.12528352
1125.44975337 1529.12528352
1126.0449932 1529.12528352
1126.64023304 1529.12528352
1127.23547287 1529.12528352
1127.83071271 1529.12528352
1128.42595254 1529.12528352
1129.02119238 1529.12528352
1129.61643221 1529.12528352
1130.21167204 1529.12528352
1130.80691188 1529.12528352
1131.40215171 1529.12528352
1131.99739155 1529.12528352
1132.59263138 1529.12528352
1133.18787122 1529.12528352
1133.78311105 1529.12528352
1134.37835089 1529.12528352
1134.97359072 1529.12528352
1135.56883055 1529.12528352
1136.16407039 1529.12528352
1136.75931022 1529.12528352
1137.35455006 1529.12528352
1137.94978989 1529.12528352
1138.54502973 1529.12528352
1139.14026956 1529.12528352
1139.7355094 1529.12528352
1140.33074923 1529.12528352
1140.92598906 1529.12528352
1141.5212289 1529.12528352
1142.11646873 1529.12528352
1142.71170857 1529.12528352
1143.3069484 1529.12528352
1143.90218824 1529.12528352
1144.49742807 1529.12528352
1145.09266791 1529.12528352
1145.68790774 1529.12528352
1146.28314758 1529.12528352
1146.87838741 1529.12528352
1147.47362724 1529.12528352
1148.06886708 1529.12528352
1148.66410691 1529.12528352
1149.25934675 1529.12528352
1149.85458658 1529.12528352
1150.44982642 1529.12528352
1151.04506625 1529.12528352
1151.64030609 1529.12528352
1152.23554592 1529.12528352
1152.83078575 1529.12528352
1153.42602559 1529.12528352
1154.02126542 1529.12528352
1154.61650526 1529.12528352
1155.21174509 1529.12528352
1155.80698493 1529.12528352
1156.40222476 1529.12528352
1156.9974646 1529.12528352
1157.59270443 1529.12528352
1158.18794426 1529.12528352
1158.7831841 1529.12528352
1159.37842393 1529.12528352
1159.97366377 1529.12528352
1160.5689036 1529.12528352
1161.16414344 1529.12528352
1161.75938327 1529.12528352
1162.35462311 1529.12528352
1162.94986294 1529.12528352
1163.54510277 1529.12528352
1164.14034261 1529.12528352
1164.73558244 1529.12528352
1165.33082228 1529.12528352
1165.92606211 1529.12528352
1166.52130195 1529.12528352
1167.11654178 1529.12528352
1167.71178162 1529.12528352
1168.30702145 1529.12528352
1168.90226129 1529.12528352
1169.49750112 1529.12528352
1170.09274095 1529.12528352
1170.68798079 1529.12528352
1171.28322062 1529.12528352
1171.87846046 1529.12528352
1172.47370029 1529.12528352
1173.06894013 1529.12528352
1173.66417996 1529.12528352
1174.2594198 1529.12528352
1174.85465963 1529.12528352
1175.44989946 1529.12528352
1176.0451393 1529.12528352
1176.64037913 1529.12528352
1177.23561897 1529.12528352
1177.8308588 1529.12528352
1178.42609864 1529.12528352
1179.02133847 1529.12528352
1179.61657831 1529.12528352
1180.21181814 1529.12528352
1180.80705797 1529.12528352
1181.40229781 1529.12528352
1181.99753764 1529.12528352
1182.59277748 1529.12528352
1183.18801731 1529.12528352
1183.78325715 1529.12528352
1184.37849698 1529.12528352
1184.97373682 1529.12528352
1185.56897665 1529.12528352
1186.16421648 1529.12528352
1186.75945632 1529.12528352
1187.35469615 1529.12528352
1187.94993599 1529.12528352
1188.54517582 1529.12528352
1189.14041566 1529.12528352
1189.73565549 1529.12528352
1190.33089533 1529.12528352
1190.92613516 1529.12528352
1191.521375 1529.12528352
1192.11661483 1529.12528352
1192.71185466 1529.12528352
1193.3070945 1529.12528352
1193.90233433 1529.12528352
1194.49757417 1529.12528352
1195.092814 1529.12528352
1195.68805384 1529.12528352
1196.28329367 1529.12528352
1196.87853351 1529.12528352
1197.47377334 1529.12528352
1198.06901317 1529.12528352
1198.66425301 1529.12528352
1199.25949284 1529.12528352
1199.85473268 1529.12528352
1200.44997251 1529.12528352
1201.04521235 1529.12528352
1201.64045218 1529.12528352
1202.23569202 1529.12528352
1202.83093185 1529.12528352
1203.42617168 1529.12528352
1204.02141152 1529.12528352
1204.61665135 1529.12528352
1205.21189119 1529.12528352
1205.80713102 1529.12528352
1206.40237086 1529.12528352
1206.99761069 1529.12528352
1207.59285053 1529.12528352
1208.18809036 1529.12528352
1208.78333019 1529.12528352
1209.37857003 1529.12528352
1209.97380986 1529.12528352
1210.5690497 1529.12528352
1211.16428953 1529.12528352
1211.75952937 1529.12528352
1212.3547692 1529.12528352
1212.95000904 1529.12528352
1213.54524887 1529.12528352
1214.14048871 1529.12528352
1214.73572854 1529.12528352
1215.33096837 1529.12528352
1215.92620821 1529.12528352
1216.52144804 1529.12528352
1217.11668788 1529.12528352
1217.71192771 1529.12528352
1218.30716755 1529.12528352
1218.90240738 1529.12528352
