0.446466215283 4055.38341472
1.04170604976 4055.38341472
1.63694588423 4055.38341472
2.2321857187 4055.38341472
2.82742555317 4055.38341472
3.42266538765 4055.38341472
4.01790522212 4055.38341472
4.61314505659 4055.38341472
5.20838489106 4055.38341472
5.80362472554 4055.38341472
6.39886456001 4055.38341472
6.99410439448 4055.38341472
7.58934422895 4055.38341472
8.18458406343 4055.38341472
8.7798238979 4055.38341472
9.37506373237 4055.38341472
9.97030356685 4055.38341472
10.5655434013 4055.38341472
11.1607832358 4055.38341472
11.7560230703 4055.38341472
12.3512629047 4055.38341472
12.9465027392 4055.38341472
13.5417425737 4055.38341472
14.1369824082 4055.38341472
14.7322222426 4055.38341472
15.3274620771 4055.38341472
15.9227019116 4055.38341472
16.517941746 4055.38341472
17.1131815805 4055.38341472
17.708421415 4055.38341472
18.3036612495 4055.38341472
18.8989010839 4055.38341472
19.4941409184 4055.38341472
20.0893807529 4055.38341472
20.6846205874 4055.38341472
21.2798604218 4055.38341472
21.8751002563 4055.38341472
22.4703400908 4055.38341472
23.0655799252 4055.38341472
23.6608197597 4055.38341472
24.2560595942 4055.38341472
24.8512994287 4055.38341472
25.4465392631 4055.38341472
26.0417790976 4055.38341472
26.6370189321 4055.38341472
27.2322587666 4055.38341472
27.827498601 4055.38341472
28.4227384355 4055.38341472
29.01797827 4055.38341472
29.6132181044 4055.38341472
30.2084579389 4055.38341472
30.8036977734 4055.38341472
31.3989376079 4055.38341472
31.9941774423 4055.38341472
32.5894172768 4055.38341472
33.1846571113 4055.38341472
33.7798969458 4055.38341472
34.3751367802 4055.38341472
34.9703766147 4055.38341472
35.5656164492 4055.38341472
36.1608562836 4055.38341472
36.7560961181 4055.38341472
37.3513359526 4055.38341472
37.9465757871 4055.38341472
38.5418156215 4055.38341472
39.137055456 4055.38341472
39.7322952905 4055.38341472
40.327535125 4055.38341472
40.9227749594 4055.38341472
41.5180147939 4055.38341472
42.1132546284 4055.38341472
42.7084944628 4055.38341472
43.3037342973 4055.38341472
43.8989741318 4055.38341472
44.4942139663 4055.38341472
45.0894538007 4055.38341472
45.6846936352 4055.38341472
46.2799334697 4055.38341472
46.8751733041 4055.38341472
47.4704131386 4055.38341472
48.0656529731 4055.38341472
48.6608928076 4055.38341472
49.256132642 4055.38341472
49.8513724765 4055.38341472
50.446612311 4055.38341472
51.0418521455 4055.38341472
51.6370919799 4055.38341472
52.2323318144 4055.38341472
52.8275716489 4055.38341472
53.4228114833 4055.38341472
54.0180513178 4055.38341472
54.6132911523 4055.38341472
55.2085309868 4055.38341472
55.8037708212 4055.38341472
56.3990106557 4055.38341472
56.9942504902 4055.38341472
57.5894903247 4055.38341472
58.1847301591 4055.38341472
58.7799699936 4055.38341472
59.3752098281 4055.38341472
59.9704496625 4055.38341472
60.565689497 4055.38341472
61.1609293315 4055.38341472
61.756169166 4055.38341472
62.3514090004 4055.38341472
62.9466488349 4055.38341472
63.5418886694 4055.38341472
64.1371285039 4055.38341472
64.7323683383 4055.38341472
65.3276081728 4055.38341472
65.9228480073 4055.38341472
66.5180878417 4055.38341472
67.1133276762 4055.38341472
67.7085675107 4055.38341472
68.3038073452 4055.38341472
68.8990471796 4055.38341472
69.4942870141 4055.38341472
70.0895268486 4055.38341472
70.6847666831 4055.38341472
71.2800065175 4055.38341472
71.875246352 4055.38341472
72.4704861865 4055.38341472
73.0657260209 4055.38341472
73.6609658554 4055.38341472
74.2562056899 4055.38341472
74.8514455244 4055.38341472
75.4466853588 4055.38341472
76.0419251933 4055.38341472
76.6371650278 4055.38341472
77.2324048623 4055.38341472
77.8276446967 4055.38341472
78.4228845312 4055.38341472
79.0181243657 4055.38341472
79.6133642001 4055.38341472
80.2086040346 4055.38341472
80.8038438691 4055.38341472
81.3990837036 4055.38341472
81.994323538 4055.38341472
82.5895633725 4055.38341472
83.184803207 4055.38341472
83.7800430415 4055.38341472
84.3752828759 4055.38341472
84.9705227104 4055.38341472
85.5657625449 4055.38341472
86.1610023793 4055.38341472
86.7562422138 4055.38341472
87.3514820483 4055.38341472
87.9467218828 4055.38341472
88.5419617172 4055.38341472
89.1372015517 4055.38341472
89.7324413862 4055.38341472
90.3276812207 4055.38341472
90.9229210551 4055.38341472
91.5181608896 4055.38341472
92.1134007241 4055.38341472
92.7086405585 4055.38341472
93.303880393 4055.38341472
93.8991202275 4055.38341472
94.494360062 4055.38341472
95.0895998964 4055.38341472
95.6848397309 4055.38341472
96.2800795654 4055.38341472
96.8753193999 4055.38341472
97.4705592343 4055.38341472
98.0657990688 4055.38341472
98.6610389033 4055.38341472
99.2562787377 4055.38341472
99.8515185722 4055.38341472
100.446758407 4055.38341472
101.041998241 4055.38341472
101.637238076 4055.38341472
102.23247791 4055.38341472
102.827717745 4055.38341472
103.422957579 4055.38341472
104.018197414 4055.38341472
104.613437248 4055.38341472
105.208677082 4055.38341472
105.803916917 4055.38341472
106.399156751 4055.38341472
106.994396586 4055.38341472
107.58963642 4055.38341472
108.184876255 4055.38341472
108.780116089 4055.38341472
109.375355924 4055.38341472
109.970595758 4055.38341472
110.565835593 4055.38341472
111.161075427 4055.38341472
111.756315262 4055.38341472
112.351555096 4055.38341472
112.946794931 4055.38341472
113.542034765 4055.38341472
114.1372746 4055.38341472
114.732514434 4055.38341472
115.327754269 4055.38341472
115.922994103 4055.38341472
116.518233937 4055.38341472
117.113473772 4055.38341472
117.708713606 4055.38341472
118.303953441 4055.38341472
118.899193275 4055.38341472
119.49443311 4055.38341472
120.089672944 4055.38341472
120.684912779 4055.38341472
121.280152613 4055.38341472
121.875392448 4055.38341472
122.470632282 4055.38341472
123.065872117 4055.38341472
123.661111951 4055.38341472
124.256351786 4055.38341472
124.85159162 4055.38341472
125.446831455 4055.38341472
126.042071289 4055.38341472
126.637311123 4055.38341472
127.232550958 4055.38341472
127.827790792 4055.38341472
128.423030627 4055.38341472
129.018270461 4055.38341472
129.613510296 4055.38341472
130.20875013 4055.38341472
130.803989965 4055.38341472
131.399229799 4055.38341472
131.994469634 4055.38341472
132.589709468 4055.38341472
133.184949303 4055.38341472
133.780189137 4055.38341472
134.375428972 4055.38341472
134.970668806 4055.38341472
135.565908641 4055.38341472
136.161148475 4055.38341472
136.75638831 4055.38341472
137.351628144 4055.38341472
137.946867978 4055.38341472
138.542107813 4055.38341472
139.137347647 4055.38341472
139.732587482 4055.38341472
140.327827316 4055.38341472
140.923067151 4055.38341472
141.518306985 4055.38341472
142.11354682 4055.38341472
142.708786654 4055.38341472
143.304026489 4055.38341472
143.899266323 4055.38341472
144.494506158 4055.38341472
145.089745992 4055.38341472
145.684985827 4055.38341472
146.280225661 4055.38341472
146.875465496 4055.38341472
147.47070533 4055.38341472
148.065945165 4055.38341472
148.661184999 4055.38341472
149.256424833 4055.38341472
149.851664668 4055.38341472
150.446904502 4055.38341472
151.042144337 4055.38341472
151.637384171 4055.38341472
152.232624006 4055.38341472
152.82786384 4055.38341472
153.423103675 4055.38341472
154.018343509 4055.38341472
154.613583344 4055.38341472
155.208823178 4055.38341472
155.804063013 4055.38341472
156.399302847 4055.38341472
156.994542682 4055.38341472
157.589782516 4055.38341472
158.185022351 4055.38341472
158.780262185 4055.38341472
159.375502019 4055.38341472
159.970741854 4055.38341472
160.565981688 4055.38341472
161.161221523 4055.38341472
161.756461357 4055.38341472
162.351701192 4055.38341472
162.946941026 4055.38341472
163.542180861 4055.38341472
164.137420695 4055.38341472
164.73266053 4055.38341472
165.327900364 4055.38341472
165.923140199 4055.38341472
166.518380033 4055.38341472
167.113619868 4055.38341472
167.708859702 4055.38341472
168.304099537 4055.38341472
168.899339371 4055.38341472
169.494579206 4055.38341472
170.08981904 4055.38341472
170.685058874 4055.38341472
171.280298709 4055.38341472
171.875538543 4055.38341472
172.470778378 4055.38341472
173.066018212 4055.38341472
173.661258047 4055.38341472
174.256497881 4055.38341472
174.851737716 4055.38341472
175.44697755 4055.38341472
176.042217385 4055.38341472
176.637457219 4055.38341472
177.232697054 4055.38341472
177.827936888 4055.38341472
178.423176723 4055.38341472
179.018416557 4055.38341472
179.613656392 4055.38341472
180.208896226 4055.38341472
180.80413606 4055.38341472
181.399375895 4055.38341472
181.994615729 4055.38341472
182.589855564 4055.38341472
183.185095398 4055.38341472
183.780335233 4055.38341472
184.375575067 4055.38341472
184.970814902 4055.38341472
185.566054736 4055.38341472
186.161294571 4055.38341472
186.756534405 4055.38341472
187.35177424 4055.38341472
187.947014074 4055.38341472
188.542253909 4055.38341472
189.137493743 4055.38341472
189.732733578 4055.38341472
190.327973412 4055.38341472
190.923213247 4055.38341472
191.518453081 4055.38341472
192.113692915 4055.38341472
192.70893275 4055.38341472
193.304172584 4055.38341472
193.899412419 4055.38341472
194.494652253 4055.38341472
195.089892088 4055.38341472
195.685131922 4055.38341472
196.280371757 4055.38341472
196.875611591 4055.38341472
197.470851426 4055.38341472
198.06609126 4055.38341472
198.661331095 4055.38341472
199.256570929 4055.38341472
199.851810764 4055.38341472
200.447050598 4055.38341472
201.042290433 4055.38341472
201.637530267 4055.38341472
202.232770102 4055.38341472
202.828009936 4055.38341472
203.42324977 4055.38341472
204.018489605 4055.38341472
204.613729439 4055.38341472
205.208969274 4055.38341472
205.804209108 4055.38341472
206.399448943 4055.38341472
206.994688777 4055.38341472
207.589928612 4055.38341472
208.185168446 4055.38341472
208.780408281 4055.38341472
209.375648115 4055.38341472
209.97088795 4055.38341472
210.566127784 4055.38341472
211.161367619 4055.38341472
211.756607453 4055.38341472
212.351847288 4055.38341472
212.947087122 4055.38341472
213.542326956 4055.38341472
214.137566791 4055.38341472
214.732806625 4055.38341472
215.32804646 4055.38341472
215.923286294 4055.38341472
216.518526129 4055.38341472
217.113765963 4055.38341472
217.709005798 4055.38341472
218.304245632 4055.38341472
218.899485467 4055.38341472
219.494725301 4055.38341472
220.089965136 4055.38341472
220.68520497 4055.38341472
221.280444805 4055.38341472
221.875684639 4055.38341472
222.470924474 4055.38341472
223.066164308 4055.38341472
223.661404143 4055.38341472
224.256643977 4055.38341472
224.851883811 4055.38341472
225.447123646 4055.38341472
226.04236348 4055.38341472
226.637603315 4055.38341472
227.232843149 4055.38341472
227.828082984 4055.38341472
228.423322818 4055.38341472
229.018562653 4055.38341472
229.613802487 4055.38341472
230.209042322 4055.38341472
230.804282156 4055.38341472
231.399521991 4055.38341472
231.994761825 4055.38341472
232.59000166 4055.38341472
233.185241494 4055.38341472
233.780481329 4055.38341472
234.375721163 4055.38341472
234.970960998 4055.38341472
235.566200832 4055.38341472
236.161440666 4055.38341472
236.756680501 4055.38341472
237.351920335 4055.38341472
237.94716017 4055.38341472
238.542400004 4055.38341472
239.137639839 4055.38341472
239.732879673 4055.38341472
240.328119508 4055.38341472
240.923359342 4055.38341472
241.518599177 4055.38341472
242.113839011 4055.38341472
242.709078846 4055.38341472
243.30431868 4055.38341472
243.899558515 4055.38341472
244.494798349 4055.38341472
245.090038184 4055.38341472
245.685278018 4055.38341472
246.280517852 4055.38341472
246.875757687 4055.38341472
247.470997521 4055.38341472
248.066237356 4055.38341472
248.66147719 4055.38341472
249.256717025 4055.38341472
249.851956859 4055.38341472
250.447196694 4055.38341472
251.042436528 4055.38341472
251.637676363 4055.38341472
252.232916197 4055.38341472
252.828156032 4055.38341472
253.423395866 4055.38341472
254.018635701 4055.38341472
254.613875535 4055.38341472
255.20911537 4055.38341472
255.804355204 4055.38341472
256.399595039 4055.38341472
256.994834873 4055.38341472
257.590074707 4055.38341472
258.185314542 4055.38341472
258.780554376 4055.38341472
259.375794211 4055.38341472
259.971034045 4055.38341472
260.56627388 4055.38341472
261.161513714 4055.38341472
261.756753549 4055.38341472
262.351993383 4055.38341472
262.947233218 4055.38341472
263.542473052 4055.38341472
264.137712887 4055.38341472
264.732952721 4055.38341472
265.328192556 4055.38341472
265.92343239 4055.38341472
266.518672225 4055.38341472
267.113912059 4055.38341472
267.709151894 4055.38341472
268.304391728 4055.38341472
268.899631562 4055.38341472
269.494871397 4055.38341472
270.090111231 4055.38341472
270.685351066 4055.38341472
271.2805909 4055.38341472
271.875830735 4055.38341472
272.471070569 4055.38341472
273.066310404 4055.38341472
273.661550238 4055.38341472
274.256790073 4055.38341472
274.852029907 4055.38341472
275.447269742 4055.38341472
276.042509576 4055.38341472
276.637749411 4055.38341472
277.232989245 4055.38341472
277.82822908 4055.38341472
278.423468914 4055.38341472
279.018708748 4055.38341472
279.613948583 4055.38341472
280.209188417 4055.38341472
280.804428252 4055.38341472
281.399668086 4055.38341472
281.994907921 4055.38341472
282.590147755 4055.38341472
283.18538759 4055.38341472
283.780627424 4055.38341472
284.375867259 4055.38341472
284.971107093 4055.38341472
285.566346928 4055.38341472
286.161586762 4055.38341472
286.756826597 4055.38341472
287.352066431 4055.38341472
287.947306266 4055.38341472
288.5425461 4055.38341472
289.137785935 4055.38341472
289.733025769 4055.38341472
290.328265603 4055.38341472
290.923505438 4055.38341472
291.518745272 4055.38341472
292.113985107 4055.38341472
292.709224941 4055.38341472
293.304464776 4055.38341472
293.89970461 4055.38341472
294.494944445 4055.38341472
295.090184279 4055.38341472
295.685424114 4055.38341472
296.280663948 4055.38341472
296.875903783 4055.38341472
297.471143617 4055.38341472
298.066383452 4055.38341472
298.661623286 4055.38341472
299.256863121 4055.38341472
299.852102955 4055.38341472
300.44734279 4055.38341472
301.042582624 4055.38341472
301.637822458 4055.38341472
302.233062293 4055.38341472
302.828302127 4055.38341472
303.423541962 4055.38341472
304.018781796 4055.38341472
304.614021631 4055.38341472
305.209261465 4396.24931661
305.8045013 4396.24931661
306.399741134 4396.24931661
306.994980969 4396.24931661
307.590220803 4396.24931661
308.185460638 4396.24931661
308.780700472 4396.24931661
309.375940307 4396.24931661
309.971180141 4396.24931661
310.566419976 4396.24931661
311.16165981 4396.24931661
311.756899644 4396.24931661
312.352139479 4396.24931661
312.947379313 4396.24931661
313.542619148 4396.24931661
314.137858982 4396.24931661
314.733098817 4396.24931661
315.328338651 4396.24931661
315.923578486 4396.24931661
316.51881832 4396.24931661
317.114058155 4396.24931661
317.709297989 4396.24931661
318.304537824 4396.24931661
318.899777658 4396.24931661
319.495017493 4396.24931661
320.090257327 4396.24931661
320.685497162 4396.24931661
321.280736996 4396.24931661
321.875976831 4396.24931661
322.471216665 4396.24931661
323.066456499 4396.24931661
323.661696334 4396.24931661
324.256936168 4396.24931661
324.852176003 4396.24931661
325.447415837 4396.24931661
326.042655672 4396.24931661
326.637895506 4396.24931661
327.233135341 4396.24931661
327.828375175 4396.24931661
328.42361501 4396.24931661
329.018854844 4396.24931661
329.614094679 4396.24931661
330.209334513 4396.24931661
330.804574348 4396.24931661
331.399814182 4396.24931661
331.995054017 4396.24931661
332.590293851 4396.24931661
333.185533685 4396.24931661
333.78077352 4396.24931661
334.376013354 4396.24931661
334.971253189 4396.24931661
335.566493023 4396.24931661
336.161732858 4396.24931661
336.756972692 4396.24931661
337.352212527 4396.24931661
337.947452361 4396.24931661
338.542692196 4396.24931661
339.13793203 4396.24931661
339.733171865 4396.24931661
340.328411699 4396.24931661
340.923651534 4396.24931661
341.518891368 4396.24931661
342.114131203 4396.24931661
342.709371037 4396.24931661
343.304610872 4396.24931661
343.899850706 4396.24931661
344.49509054 4396.24931661
345.090330375 4396.24931661
345.685570209 4396.24931661
346.280810044 4396.24931661
346.876049878 4396.24931661
347.471289713 4396.24931661
348.066529547 4396.24931661
348.661769382 4396.24931661
349.257009216 4396.24931661
349.852249051 4396.24931661
350.447488885 4396.24931661
351.04272872 4396.24931661
351.637968554 4396.24931661
352.233208389 4396.24931661
352.828448223 4396.24931661
353.423688058 4396.24931661
354.018927892 4396.24931661
354.614167727 4396.24931661
355.209407561 4396.24931661
355.804647395 4396.24931661
356.39988723 4396.24931661
356.995127064 4396.24931661
357.590366899 4396.24931661
358.185606733 4396.24931661
358.780846568 4396.24931661
359.376086402 4396.24931661
359.971326237 4396.24931661
360.566566071 4396.24931661
361.161805906 4396.24931661
361.75704574 4396.24931661
362.352285575 4396.24931661
362.947525409 4396.24931661
363.542765244 4396.24931661
364.138005078 4396.24931661
364.733244913 4396.24931661
365.328484747 4396.24931661
365.923724581 4396.24931661
366.518964416 4396.24931661
367.11420425 4396.24931661
367.709444085 4396.24931661
368.304683919 4396.24931661
368.899923754 4396.24931661
369.495163588 4396.24931661
370.090403423 4396.24931661
370.685643257 4396.24931661
371.280883092 4396.24931661
371.876122926 4396.24931661
372.471362761 4396.24931661
373.066602595 4396.24931661
373.66184243 4396.24931661
374.257082264 4396.24931661
374.852322099 4396.24931661
375.447561933 4396.24931661
376.042801768 4396.24931661
376.638041602 4396.24931661
377.233281436 4396.24931661
377.828521271 4396.24931661
378.423761105 4396.24931661
379.01900094 4396.24931661
379.614240774 4396.24931661
380.209480609 4396.24931661
380.804720443 4396.24931661
381.399960278 4396.24931661
381.995200112 4396.24931661
382.590439947 4396.24931661
383.185679781 4396.24931661
383.780919616 4396.24931661
384.37615945 4396.24931661
384.971399285 4396.24931661
385.566639119 4396.24931661
386.161878954 4396.24931661
386.757118788 4396.24931661
387.352358623 4396.24931661
387.947598457 4396.24931661
388.542838291 4396.24931661
389.138078126 4396.24931661
389.73331796 4396.24931661
390.328557795 4396.24931661
390.923797629 4396.24931661
391.519037464 4396.24931661
392.114277298 4396.24931661
392.709517133 4396.24931661
393.304756967 4396.24931661
393.899996802 4396.24931661
394.495236636 4396.24931661
395.090476471 4396.24931661
395.685716305 4396.24931661
396.28095614 4396.24931661
396.876195974 4396.24931661
397.471435809 4396.24931661
398.066675643 4396.24931661
398.661915477 4396.24931661
399.257155312 4396.24931661
399.852395146 4396.24931661
400.447634981 4396.24931661
401.042874815 4396.24931661
401.63811465 4396.24931661
402.233354484 4396.24931661
402.828594319 4396.24931661
403.423834153 4396.24931661
404.019073988 4396.24931661
404.614313822 4396.24931661
405.209553657 4396.24931661
405.804793491 4396.24931661
406.400033326 4396.24931661
406.99527316 4396.24931661
407.590512995 4396.24931661
408.185752829 4396.24931661
408.780992664 4396.24931661
409.376232498 4396.24931661
409.971472332 4396.24931661
410.566712167 4396.24931661
411.161952001 4396.24931661
411.757191836 4396.24931661
412.35243167 4396.24931661
412.947671505 4396.24931661
413.542911339 4396.24931661
414.138151174 4396.24931661
414.733391008 4396.24931661
415.328630843 4396.24931661
415.923870677 4396.24931661
416.519110512 4396.24931661
417.114350346 4396.24931661
417.709590181 4396.24931661
418.304830015 4396.24931661
418.90006985 4396.24931661
419.495309684 4396.24931661
420.090549519 4396.24931661
420.685789353 4396.24931661
421.281029187 4396.24931661
421.876269022 4396.24931661
422.471508856 4396.24931661
423.066748691 4396.24931661
423.661988525 4396.24931661
424.25722836 4396.24931661
424.852468194 4396.24931661
425.447708029 4396.24931661
426.042947863 4396.24931661
426.638187698 4396.24931661
427.233427532 4396.24931661
427.828667367 4396.24931661
428.423907201 4396.24931661
429.019147036 4396.24931661
429.61438687 4396.24931661
430.209626705 4396.24931661
430.804866539 4396.24931661
431.400106373 4396.24931661
431.995346208 4396.24931661
432.590586042 4396.24931661
433.185825877 4396.24931661
433.781065711 4396.24931661
434.376305546 4396.24931661
434.97154538 4396.24931661
435.566785215 4396.24931661
436.162025049 4396.24931661
436.757264884 4396.24931661
437.352504718 4396.24931661
437.947744553 4396.24931661
438.542984387 4396.24931661
439.138224222 4396.24931661
439.733464056 4396.24931661
440.328703891 4396.24931661
440.923943725 4396.24931661
441.51918356 4396.24931661
442.114423394 4396.24931661
442.709663228 4396.24931661
443.304903063 4396.24931661
443.900142897 4396.24931661
444.495382732 4396.24931661
445.090622566 4396.24931661
445.685862401 4396.24931661
446.281102235 4396.24931661
446.87634207 4396.24931661
447.471581904 4396.24931661
448.066821739 4396.24931661
448.662061573 4396.24931661
449.257301408 4396.24931661
449.852541242 4396.24931661
450.447781077 4396.24931661
451.043020911 4396.24931661
451.638260746 4396.24931661
452.23350058 4396.24931661
452.828740415 4396.24931661
453.423980249 4396.24931661
454.019220083 4396.24931661
454.614459918 4396.24931661
455.209699752 4396.24931661
455.804939587 4396.24931661
456.400179421 4396.24931661
456.995419256 4396.24931661
457.59065909 4139.92098379
458.185898925 4139.92098379
458.781138759 4139.92098379
459.376378594 4139.92098379
459.971618428 4139.92098379
460.566858263 4139.92098379
461.162098097 4139.92098379
461.757337932 4139.92098379
462.352577766 4139.92098379
462.947817601 4139.92098379
463.543057435 4139.92098379
464.138297269 4139.92098379
464.733537104 4139.92098379
465.328776938 4139.92098379
465.924016773 4139.92098379
466.519256607 4139.92098379
467.114496442 4139.92098379
467.709736276 4139.92098379
468.304976111 4139.92098379
468.900215945 4139.92098379
469.49545578 4139.92098379
470.090695614 4139.92098379
470.685935449 4139.92098379
471.281175283 4139.92098379
471.876415118 4139.92098379
472.471654952 4139.92098379
473.066894787 4139.92098379
473.662134621 4139.92098379
474.257374456 4139.92098379
474.85261429 4139.92098379
475.447854124 4139.92098379
476.043093959 4139.92098379
476.638333793 4139.92098379
477.233573628 4139.92098379
477.828813462 4139.92098379
478.424053297 4139.92098379
479.019293131 4139.92098379
479.614532966 4139.92098379
480.2097728 4139.92098379
480.805012635 4139.92098379
481.400252469 4139.92098379
481.995492304 4139.92098379
482.590732138 4139.92098379
483.185971973 4139.92098379
483.781211807 4139.92098379
484.376451642 4139.92098379
484.971691476 4139.92098379
485.56693131 4139.92098379
486.162171145 4139.92098379
486.757410979 4139.92098379
487.352650814 4139.92098379
487.947890648 4139.92098379
488.543130483 4139.92098379
489.138370317 4139.92098379
489.733610152 4139.92098379
490.328849986 4139.92098379
490.924089821 4139.92098379
491.519329655 4139.92098379
492.11456949 4139.92098379
492.709809324 4139.92098379
493.305049159 4139.92098379
493.900288993 4139.92098379
494.495528828 4139.92098379
495.090768662 4139.92098379
495.686008497 4139.92098379
496.281248331 4139.92098379
496.876488165 4139.92098379
497.471728 4139.92098379
498.066967834 4139.92098379
498.662207669 4139.92098379
499.257447503 4139.92098379
499.852687338 4139.92098379
500.447927172 4139.92098379
501.043167007 4139.92098379
501.638406841 4139.92098379
502.233646676 4139.92098379
502.82888651 4139.92098379
503.424126345 4139.92098379
504.019366179 4139.92098379
504.614606014 4139.92098379
505.209845848 4139.92098379
505.805085683 4139.92098379
506.400325517 4139.92098379
506.995565352 4139.92098379
507.590805186 4139.92098379
508.18604502 4139.92098379
508.781284855 4139.92098379
509.376524689 4139.92098379
509.971764524 4139.92098379
510.567004358 4139.92098379
511.162244193 4139.92098379
511.757484027 4139.92098379
512.352723862 4139.92098379
512.947963696 4139.92098379
513.543203531 4139.92098379
514.138443365 4139.92098379
514.7336832 4139.92098379
515.328923034 4139.92098379
515.924162869 4139.92098379
516.519402703 4139.92098379
517.114642538 4139.92098379
517.709882372 4139.92098379
518.305122206 4139.92098379
518.900362041 4139.92098379
519.495601875 4139.92098379
520.09084171 4139.92098379
520.686081544 4139.92098379
521.281321379 4139.92098379
521.876561213 4139.92098379
522.471801048 4139.92098379
523.067040882 4139.92098379
523.662280717 4139.92098379
524.257520551 4139.92098379
524.852760386 4139.92098379
525.44800022 4139.92098379
526.043240055 4139.92098379
526.638479889 4139.92098379
527.233719724 4139.92098379
527.828959558 4139.92098379
528.424199393 4139.92098379
529.019439227 4139.92098379
529.614679061 4139.92098379
530.209918896 4139.92098379
530.80515873 4139.92098379
531.400398565 4139.92098379
531.995638399 4139.92098379
532.590878234 4139.92098379
533.186118068 4139.92098379
533.781357903 4652.57764942
534.376597737 4652.57764942
534.971837572 4652.57764942
535.567077406 4652.57764942
536.162317241 4652.57764942
536.757557075 4652.57764942
537.35279691 4652.57764942
537.948036744 4652.57764942
538.543276579 4652.57764942
539.138516413 4652.57764942
539.733756248 4652.57764942
540.328996082 4652.57764942
540.924235916 4652.57764942
541.519475751 4652.57764942
542.114715585 4652.57764942
542.70995542 4652.57764942
543.305195254 4652.57764942
543.900435089 4652.57764942
544.495674923 4652.57764942
545.090914758 4652.57764942
545.686154592 4652.57764942
546.281394427 4652.57764942
546.876634261 4652.57764942
547.471874096 4652.57764942
548.06711393 4652.57764942
548.662353765 4652.57764942
549.257593599 4652.57764942
549.852833434 4652.57764942
550.448073268 4652.57764942
551.043313102 4652.57764942
551.638552937 4652.57764942
552.233792771 4652.57764942
552.829032606 4652.57764942
553.42427244 4652.57764942
554.019512275 4652.57764942
554.614752109 4652.57764942
555.209991944 4652.57764942
555.805231778 4652.57764942
556.400471613 4652.57764942
556.995711447 4652.57764942
557.590951282 4652.57764942
558.186191116 4652.57764942
558.781430951 4652.57764942
559.376670785 4652.57764942
559.97191062 4652.57764942
560.567150454 4652.57764942
561.162390289 4652.57764942
561.757630123 4652.57764942
562.352869957 4652.57764942
562.948109792 4652.57764942
563.543349626 4652.57764942
564.138589461 4652.57764942
564.733829295 4652.57764942
565.32906913 4652.57764942
565.924308964 4652.57764942
566.519548799 4652.57764942
567.114788633 4652.57764942
567.710028468 4652.57764942
568.305268302 4652.57764942
568.900508137 4652.57764942
569.495747971 4652.57764942
570.090987806 4652.57764942
570.68622764 4652.57764942
571.281467475 4652.57764942
571.876707309 4652.57764942
572.471947144 4652.57764942
573.067186978 4652.57764942
573.662426812 4652.57764942
574.257666647 4652.57764942
574.852906481 4652.57764942
575.448146316 4652.57764942
576.04338615 4652.57764942
576.638625985 4652.57764942
577.233865819 4652.57764942
577.829105654 4652.57764942
578.424345488 4652.57764942
579.019585323 4652.57764942
579.614825157 4652.57764942
580.210064992 4652.57764942
580.805304826 4652.57764942
581.400544661 4652.57764942
581.995784495 4652.57764942
582.59102433 4652.57764942
583.186264164 4652.57764942
583.781503998 4652.57764942
584.376743833 4652.57764942
584.971983667 4652.57764942
585.567223502 4652.57764942
586.162463336 4652.57764942
586.757703171 4652.57764942
587.352943005 4652.57764942
587.94818284 4652.57764942
588.543422674 4652.57764942
589.138662509 4652.57764942
589.733902343 4652.57764942
590.329142178 4652.57764942
590.924382012 4652.57764942
591.519621847 4652.57764942
592.114861681 4652.57764942
592.710101516 4652.57764942
593.30534135 4652.57764942
593.900581185 4652.57764942
594.495821019 4652.57764942
595.091060853 4652.57764942
595.686300688 4652.57764942
596.281540522 4652.57764942
596.876780357 4652.57764942
597.472020191 4652.57764942
598.067260026 4652.57764942
598.66249986 4652.57764942
599.257739695 4652.57764942
599.852979529 4652.57764942
600.448219364 4652.57764942
601.043459198 4652.57764942
601.638699033 4652.57764942
602.233938867 4652.57764942
602.829178702 4652.57764942
603.424418536 4652.57764942
604.019658371 4652.57764942
604.614898205 4652.57764942
605.21013804 4652.57764942
605.805377874 4652.57764942
606.400617708 4652.57764942
606.995857543 4652.57764942
607.591097377 4652.57764942
608.186337212 4652.57764942
608.781577046 4652.57764942
609.376816881 4652.57764942
609.972056715 3259.96457206
610.56729655 3259.96457206
611.162536384 3259.96457206
611.757776219 3259.96457206
612.353016053 3259.96457206
612.948255888 3259.96457206
613.543495722 3259.96457206
614.138735557 3259.96457206
614.733975391 3259.96457206
615.329215226 3259.96457206
615.92445506 3259.96457206
616.519694894 3259.96457206
617.114934729 3259.96457206
617.710174563 3259.96457206
618.305414398 3259.96457206
618.900654232 3259.96457206
619.495894067 3259.96457206
620.091133901 3259.96457206
620.686373736 3259.96457206
621.28161357 3259.96457206
621.876853405 3259.96457206
622.472093239 3259.96457206
623.067333074 3259.96457206
623.662572908 3259.96457206
624.257812743 3259.96457206
624.853052577 3259.96457206
625.448292412 3259.96457206
626.043532246 3259.96457206
626.638772081 3259.96457206
627.234011915 3259.96457206
627.829251749 3259.96457206
628.424491584 3259.96457206
629.019731418 3259.96457206
629.614971253 3259.96457206
630.210211087 3259.96457206
630.805450922 3259.96457206
631.400690756 3259.96457206
631.995930591 3259.96457206
632.591170425 3259.96457206
633.18641026 3259.96457206
633.781650094 3259.96457206
634.376889929 3259.96457206
634.972129763 3259.96457206
635.567369598 3259.96457206
636.162609432 3259.96457206
636.757849267 3259.96457206
637.353089101 3259.96457206
637.948328935 3259.96457206
638.54356877 4397.96552542
639.138808604 4397.96552542
639.734048439 4397.96552542
640.329288273 4397.96552542
640.924528108 4397.96552542
641.519767942 4397.96552542
642.115007777 4397.96552542
642.710247611 4397.96552542
643.305487446 2121.9636187
643.90072728 2121.9636187
644.495967115 2121.9636187
645.091206949 2121.9636187
645.686446784 2121.9636187
646.281686618 2121.9636187
646.876926453 2121.9636187
647.472166287 2121.9636187
648.067406122 3259.96457206
648.662645956 3259.96457206
649.25788579 3259.96457206
649.853125625 3259.96457206
650.448365459 3259.96457206
651.043605294 3259.96457206
651.638845128 3259.96457206
652.234084963 3259.96457206
652.829324797 3259.96457206
653.424564632 3259.96457206
654.019804466 3259.96457206
654.615044301 3259.96457206
655.210284135 3259.96457206
655.80552397 3259.96457206
656.400763804 3259.96457206
656.996003639 3259.96457206
657.591243473 3259.96457206
658.186483308 3259.96457206
658.781723142 3259.96457206
659.376962977 3259.96457206
659.972202811 3259.96457206
660.567442645 3259.96457206
661.16268248 3259.96457206
661.757922314 3259.96457206
662.353162149 3259.96457206
662.948401983 3259.96457206
663.543641818 3259.96457206
664.138881652 3259.96457206
664.734121487 3259.96457206
665.329361321 3259.96457206
665.924601156 3259.96457206
666.51984099 3259.96457206
667.115080825 3259.96457206
667.710320659 3259.96457206
668.305560494 3259.96457206
668.900800328 3259.96457206
669.496040163 3259.96457206
670.091279997 3259.96457206
670.686519831 3259.96457206
671.281759666 3259.96457206
671.8769995 3259.96457206
672.472239335 3259.96457206
673.067479169 3259.96457206
673.662719004 3259.96457206
674.257958838 3259.96457206
674.853198673 3259.96457206
675.448438507 3259.96457206
676.043678342 3259.96457206
676.638918176 3259.96457206
677.234158011 3259.96457206
677.829397845 3259.96457206
678.42463768 3259.96457206
679.019877514 3259.96457206
679.615117349 3259.96457206
680.210357183 3259.96457206
680.805597018 3259.96457206
681.400836852 3259.96457206
681.996076686 3259.96457206
682.591316521 3259.96457206
683.186556355 3259.96457206
683.78179619 3259.96457206
684.377036024 3259.96457206
684.972275859 3259.96457206
685.567515693 3259.96457206
686.162755528 1932.4071044
686.757995362 1932.4071044
687.353235197 1932.4071044
687.948475031 1932.4071044
688.543714866 1932.4071044
689.1389547 1932.4071044
689.734194535 1932.4071044
690.329434369 1932.4071044
690.924674204 1932.4071044
691.519914038 1932.4071044
692.115153873 1932.4071044
692.710393707 1932.4071044
693.305633541 1932.4071044
693.900873376 1932.4071044
694.49611321 1932.4071044
695.091353045 1932.4071044
695.686592879 1932.4071044
696.281832714 1932.4071044
696.877072548 1932.4071044
697.472312383 1932.4071044
698.067552217 1932.4071044
698.662792052 1932.4071044
699.258031886 1932.4071044
699.853271721 1932.4071044
700.448511555 1932.4071044
701.04375139 1932.4071044
701.638991224 1932.4071044
702.234231059 1932.4071044
702.829470893 1932.4071044
703.424710727 1932.4071044
704.019950562 1932.4071044
704.615190396 1932.4071044
705.210430231 3871.65337354
705.805670065 3871.65337354
706.4009099 3871.65337354
706.996149734 3871.65337354
707.591389569 3871.65337354
708.186629403 3871.65337354
708.781869238 3871.65337354
709.377109072 3871.65337354
709.972348907 3871.65337354
710.567588741 3871.65337354
711.162828576 3871.65337354
711.75806841 3871.65337354
712.353308245 3871.65337354
712.948548079 3871.65337354
713.543787914 3871.65337354
714.139027748 3871.65337354
714.734267582 3871.65337354
715.329507417 3871.65337354
715.924747251 3871.65337354
716.519987086 3871.65337354
717.11522692 3871.65337354
717.710466755 3871.65337354
718.305706589 3871.65337354
718.900946424 3871.65337354
719.496186258 3871.65337354
720.091426093 3871.65337354
720.686665927 3871.65337354
721.281905762 3871.65337354
721.877145596 3871.65337354
722.472385431 3871.65337354
723.067625265 3871.65337354
723.6628651 3871.65337354
724.258104934 3617.89890515
724.853344769 3617.89890515
725.448584603 3617.89890515
726.043824437 3617.89890515
726.639064272 3617.89890515
727.234304106 3617.89890515
727.829543941 3617.89890515
728.424783775 3617.89890515
729.02002361 3617.89890515
729.615263444 3617.89890515
730.210503279 3617.89890515
730.805743113 3617.89890515
731.400982948 3617.89890515
731.996222782 3617.89890515
732.591462617 3617.89890515
733.186702451 3617.89890515
733.781942286 3617.89890515
734.37718212 3617.89890515
734.972421955 3617.89890515
735.567661789 3617.89890515
736.162901623 3617.89890515
736.758141458 3617.89890515
737.353381292 3617.89890515
737.948621127 3617.89890515
738.543860961 3617.89890515
739.139100796 3617.89890515
739.73434063 3617.89890515
740.329580465 3617.89890515
740.924820299 3617.89890515
741.520060134 3617.89890515
742.115299968 3617.89890515
742.710539803 3617.89890515
743.305779637 3617.89890515
743.901019472 3617.89890515
744.496259306 3617.89890515
745.091499141 3617.89890515
745.686738975 3617.89890515
746.28197881 3617.89890515
746.877218644 3617.89890515
747.472458478 3617.89890515
748.067698313 3617.89890515
748.662938147 3617.89890515
749.258177982 3617.89890515
749.853417816 3617.89890515
750.448657651 3617.89890515
751.043897485 3617.89890515
751.63913732 3617.89890515
752.234377154 3617.89890515
752.829616989 3617.89890515
753.424856823 3617.89890515
754.020096658 3617.89890515
754.615336492 3617.89890515
755.210576327 3617.89890515
755.805816161 3617.89890515
756.401055996 3617.89890515
756.99629583 3617.89890515
757.591535665 3617.89890515
758.186775499 3617.89890515
758.782015333 3617.89890515
759.377255168 3617.89890515
759.972495002 3617.89890515
760.567734837 3617.89890515
761.162974671 3617.89890515
761.758214506 3617.89890515
762.35345434 3343.00351557
762.948694175 3343.00351557
763.543934009 3343.00351557
764.139173844 3343.00351557
764.734413678 3343.00351557
765.329653513 3343.00351557
765.924893347 3343.00351557
766.520133182 3343.00351557
767.115373016 3343.00351557
767.710612851 3343.00351557
768.305852685 3343.00351557
768.901092519 3343.00351557
769.496332354 3343.00351557
770.091572188 3343.00351557
770.686812023 3343.00351557
771.282051857 3343.00351557
771.877291692 3343.00351557
772.472531526 3343.00351557
773.067771361 3343.00351557
773.663011195 3343.00351557
774.25825103 3343.00351557
774.853490864 3343.00351557
775.448730699 3343.00351557
776.043970533 3343.00351557
776.639210368 3343.00351557
777.234450202 3343.00351557
777.829690037 3343.00351557
778.424929871 3343.00351557
779.020169706 3343.00351557
779.61540954 3343.00351557
780.210649374 3343.00351557
780.805889209 3343.00351557
781.401129043 3343.00351557
781.996368878 3343.00351557
782.591608712 3343.00351557
783.186848547 3343.00351557
783.782088381 3343.00351557
784.377328216 3343.00351557
784.97256805 3343.00351557
785.567807885 3343.00351557
786.163047719 3343.00351557
786.758287554 3343.00351557
787.353527388 3343.00351557
787.948767223 3343.00351557
788.544007057 3343.00351557
789.139246892 3343.00351557
789.734486726 3343.00351557
790.32972656 3343.00351557
790.924966395 3343.00351557
791.520206229 3343.00351557
792.115446064 3343.00351557
792.710685898 3343.00351557
793.305925733 3343.00351557
793.901165567 3343.00351557
794.496405402 3343.00351557
795.091645236 3343.00351557
795.686885071 3343.00351557
796.282124905 3343.00351557
796.87736474 3343.00351557
797.472604574 3343.00351557
798.067844409 3343.00351557
798.663084243 3343.00351557
799.258324078 3343.00351557
799.853563912 3343.00351557
800.448803747 2282.78791752
801.044043581 2282.78791752
801.639283415 2282.78791752
802.23452325 2282.78791752
802.829763084 2282.78791752
803.425002919 2282.78791752
804.020242753 2282.78791752
804.615482588 2282.78791752
805.210722422 2282.78791752
805.805962257 2282.78791752
806.401202091 2282.78791752
806.996441926 2282.78791752
807.59168176 2282.78791752
808.186921595 2282.78791752
808.782161429 2282.78791752
809.377401264 2282.78791752
809.972641098 2282.78791752
810.567880933 2282.78791752
811.163120767 2282.78791752
811.758360602 2282.78791752
812.353600436 2282.78791752
812.94884027 2282.78791752
813.544080105 2282.78791752
814.139319939 2282.78791752
814.734559774 2282.78791752
815.329799608 2282.78791752
815.925039443 2282.78791752
816.520279277 2282.78791752
817.115519112 2282.78791752
817.710758946 2282.78791752
818.305998781 2282.78791752
818.901238615 2282.78791752
819.49647845 2282.78791752
820.091718284 2282.78791752
820.686958119 2282.78791752
821.282197953 2282.78791752
821.877437788 2282.78791752
822.472677622 2282.78791752
823.067917456 2282.78791752
823.663157291 2282.78791752
824.258397125 2282.78791752
824.85363696 2282.78791752
825.448876794 2282.78791752
826.044116629 2282.78791752
826.639356463 2282.78791752
827.234596298 2282.78791752
827.829836132 2282.78791752
828.425075967 2282.78791752
829.020315801 2282.78791752
829.615555636 2282.78791752
830.21079547 2282.78791752
830.806035305 2282.78791752
831.401275139 2282.78791752
831.996514974 2282.78791752
832.591754808 2282.78791752
833.186994643 2282.78791752
833.782234477 2282.78791752
834.377474311 2282.78791752
834.972714146 2282.78791752
835.56795398 2282.78791752
836.163193815 2282.78791752
836.758433649 2282.78791752
837.353673484 2282.78791752
837.948913318 2282.78791752
838.544153153 3707.03342757
839.139392987 3707.03342757
839.734632822 3707.03342757
840.329872656 3707.03342757
840.925112491 3707.03342757
841.520352325 3707.03342757
842.11559216 3707.03342757
842.710831994 3707.03342757
843.306071829 3707.03342757
843.901311663 3707.03342757
844.496551498 3707.03342757
845.091791332 3707.03342757
845.687031166 3707.03342757
846.282271001 3707.03342757
846.877510835 3707.03342757
847.47275067 3707.03342757
848.067990504 3707.03342757
848.663230339 3707.03342757
849.258470173 3707.03342757
849.853710008 3707.03342757
850.448949842 3707.03342757
851.044189677 3707.03342757
851.639429511 3707.03342757
852.234669346 3707.03342757
852.82990918 3707.03342757
853.425149015 3707.03342757
854.020388849 3707.03342757
854.615628684 3707.03342757
855.210868518 3707.03342757
855.806108352 3707.03342757
856.401348187 3707.03342757
856.996588021 3707.03342757
857.591827856 3707.03342757
858.18706769 3707.03342757
858.782307525 3707.03342757
859.377547359 3707.03342757
859.972787194 3707.03342757
860.568027028 3707.03342757
861.163266863 3707.03342757
861.758506697 3707.03342757
862.353746532 3707.03342757
862.948986366 3707.03342757
863.544226201 3707.03342757
864.139466035 3707.03342757
864.73470587 3707.03342757
865.329945704 3707.03342757
865.925185539 3707.03342757
866.520425373 3707.03342757
867.115665207 3707.03342757
867.710905042 3707.03342757
868.306144876 3707.03342757
868.901384711 3707.03342757
869.496624545 3707.03342757
870.09186438 3707.03342757
870.687104214 3707.03342757
871.282344049 3707.03342757
871.877583883 3707.03342757
872.472823718 3707.03342757
873.068063552 3707.03342757
873.663303387 3707.03342757
874.258543221 3707.03342757
874.853783056 3707.03342757
875.44902289 3707.03342757
876.044262725 3707.03342757
876.639502559 3707.03342757
877.234742394 3707.03342757
877.829982228 3707.03342757
878.425222062 3707.03342757
879.020461897 3707.03342757
879.615701731 3707.03342757
880.210941566 3707.03342757
880.8061814 3707.03342757
881.401421235 3707.03342757
881.996661069 3707.03342757
882.591900904 3707.03342757
883.187140738 3707.03342757
883.782380573 3707.03342757
884.377620407 3707.03342757
884.972860242 3707.03342757
885.568100076 3707.03342757
886.163339911 3707.03342757
886.758579745 3707.03342757
887.35381958 3707.03342757
887.949059414 3707.03342757
888.544299248 3707.03342757
889.139539083 3707.03342757
889.734778917 3707.03342757
890.330018752 3707.03342757
890.925258586 3707.03342757
891.520498421 3707.03342757
892.115738255 3707.03342757
892.71097809 3707.03342757
893.306217924 3707.03342757
893.901457759 3707.03342757
894.496697593 3707.03342757
895.091937428 3707.03342757
895.687177262 3707.03342757
896.282417097 3707.03342757
896.877656931 3707.03342757
897.472896766 3707.03342757
898.0681366 3707.03342757
898.663376435 3707.03342757
899.258616269 3707.03342757
899.853856103 3707.03342757
900.449095938 3707.03342757
901.044335772 3707.03342757
901.639575607 3707.03342757
902.234815441 3707.03342757
902.830055276 3707.03342757
903.42529511 3707.03342757
904.020534945 3707.03342757
904.615774779 3707.03342757
905.211014614 3707.03342757
905.806254448 3707.03342757
906.401494283 3707.03342757
906.996734117 3707.03342757
907.591973952 3707.03342757
908.187213786 3707.03342757
908.782453621 3707.03342757
909.377693455 3707.03342757
909.97293329 3707.03342757
910.568173124 3707.03342757
911.163412958 3707.03342757
911.758652793 3707.03342757
912.353892627 3707.03342757
912.949132462 3707.03342757
913.544372296 3707.03342757
914.139612131 3707.03342757
914.734851965 3433.65905536
915.3300918 3433.65905536
915.925331634 3433.65905536
916.520571469 3433.65905536
917.115811303 3433.65905536
917.711051138 3433.65905536
918.306290972 3433.65905536
918.901530807 3433.65905536
919.496770641 3433.65905536
920.092010476 3433.65905536
920.68725031 3433.65905536
921.282490144 3433.65905536
921.877729979 3433.65905536
922.472969813 3433.65905536
923.068209648 3433.65905536
923.663449482 3433.65905536
924.258689317 3433.65905536
924.853929151 3433.65905536
925.449168986 3433.65905536
926.04440882 3433.65905536
926.639648655 3433.65905536
927.234888489 3433.65905536
927.830128324 3433.65905536
928.425368158 3433.65905536
929.020607993 3433.65905536
929.615847827 3433.65905536
930.211087662 3433.65905536
930.806327496 3433.65905536
931.401567331 3433.65905536
931.996807165 3433.65905536
932.592046999 3433.65905536
933.187286834 3433.65905536
933.782526668 3433.65905536
934.377766503 3433.65905536
934.973006337 3433.65905536
935.568246172 3433.65905536
936.163486006 3433.65905536
936.758725841 3433.65905536
937.353965675 3433.65905536
937.94920551 3433.65905536
938.544445344 3433.65905536
939.139685179 3433.65905536
939.734925013 3433.65905536
940.330164848 3433.65905536
940.925404682 3433.65905536
941.520644517 3433.65905536
942.115884351 3433.65905536
942.711124185 3433.65905536
943.30636402 3433.65905536
943.901603854 3433.65905536
944.496843689 3433.65905536
945.092083523 3433.65905536
945.687323358 3433.65905536
946.282563192 3433.65905536
946.877803027 3433.65905536
947.473042861 3433.65905536
948.068282696 3433.65905536
948.66352253 3433.65905536
949.258762365 3433.65905536
949.854002199 3433.65905536
950.449242034 3433.65905536
951.044481868 3433.65905536
951.639721703 3433.65905536
952.234961537 3433.65905536
952.830201372 3433.65905536
953.425441206 3433.65905536
954.02068104 3433.65905536
954.615920875 3433.65905536
955.211160709 3433.65905536
955.806400544 3433.65905536
956.401640378 3433.65905536
956.996880213 3433.65905536
957.592120047 3433.65905536
958.187359882 3433.65905536
958.782599716 3433.65905536
959.377839551 3433.65905536
959.973079385 3433.65905536
960.56831922 3433.65905536
961.163559054 3433.65905536
961.758798889 3433.65905536
962.354038723 3433.65905536
962.949278558 3433.65905536
963.544518392 3433.65905536
964.139758227 3433.65905536
964.734998061 3433.65905536
965.330237895 3433.65905536
965.92547773 3433.65905536
966.520717564 3433.65905536
967.115957399 3433.65905536
967.711197233 3433.65905536
968.306437068 3433.65905536
968.901676902 3433.65905536
969.496916737 3433.65905536
970.092156571 3433.65905536
970.687396406 3433.65905536
971.28263624 3433.65905536
971.877876075 3433.65905536
972.473115909 3433.65905536
973.068355744 3433.65905536
973.663595578 3433.65905536
974.258835413 3433.65905536
974.854075247 3433.65905536
975.449315081 3433.65905536
976.044554916 3433.65905536
976.63979475 3433.65905536
977.235034585 3433.65905536
977.830274419 3433.65905536
978.425514254 3433.65905536
979.020754088 3433.65905536
979.615993923 3433.65905536
980.211233757 3433.65905536
980.806473592 3433.65905536
981.401713426 3433.65905536
981.996953261 3433.65905536
982.592193095 3433.65905536
983.18743293 3433.65905536
983.782672764 3433.65905536
984.377912599 3433.65905536
984.973152433 3433.65905536
985.568392268 3433.65905536
986.163632102 3433.65905536
986.758871936 3433.65905536
987.354111771 3433.65905536
987.949351605 3433.65905536
988.54459144 3433.65905536
989.139831274 3433.65905536
989.735071109 3433.65905536
990.330310943 3433.65905536
990.925550778 3433.65905536
991.520790612 3433.65905536
992.116030447 3433.65905536
992.711270281 3433.65905536
993.306510116 3433.65905536
993.90174995 3433.65905536
994.496989785 3433.65905536
995.092229619 3433.65905536
995.687469454 3433.65905536
996.282709288 3433.65905536
996.877949123 3433.65905536
997.473188957 3433.65905536
998.068428791 3433.65905536
998.663668626 3433.65905536
999.25890846 3433.65905536
999.854148295 3433.65905536
1000.44938813 3433.65905536
1001.04462796 3433.65905536
1001.6398678 3433.65905536
1002.23510763 3433.65905536
1002.83034747 3433.65905536
1003.4255873 3433.65905536
1004.02082714 3433.65905536
1004.61606697 3433.65905536
1005.21130681 3433.65905536
1005.80654664 3433.65905536
1006.40178647 3433.65905536
1006.99702631 3433.65905536
1007.59226614 3433.65905536
1008.18750598 3433.65905536
1008.78274581 3433.65905536
1009.37798565 3433.65905536
1009.97322548 3433.65905536
1010.56846532 3433.65905536
1011.16370515 3433.65905536
1011.75894498 3433.65905536
1012.35418482 3433.65905536
1012.94942465 3433.65905536
1013.54466449 3433.65905536
1014.13990432 3433.65905536
1014.73514416 3433.65905536
1015.33038399 3433.65905536
1015.92562383 3433.65905536
1016.52086366 3433.65905536
1017.11610349 3433.65905536
1017.71134333 3433.65905536
1018.30658316 3433.65905536
1018.901823 3433.65905536
1019.49706283 3433.65905536
1020.09230267 3433.65905536
1020.6875425 3433.65905536
1021.28278234 3433.65905536
1021.87802217 3433.65905536
1022.473262 3433.65905536
1023.06850184 3433.65905536
1023.66374167 3433.65905536
1024.25898151 3433.65905536
1024.85422134 3433.65905536
1025.44946118 3433.65905536
1026.04470101 3433.65905536
1026.63994085 3433.65905536
1027.23518068 3433.65905536
1027.83042052 3433.65905536
1028.42566035 3433.65905536
1029.02090018 3433.65905536
1029.61614002 3433.65905536
1030.21137985 3433.65905536
1030.80661969 3433.65905536
1031.40185952 3433.65905536
1031.99709936 3433.65905536
1032.59233919 3433.65905536
1033.18757903 3433.65905536
1033.78281886 3433.65905536
1034.37805869 3433.65905536
1034.97329853 3433.65905536
1035.56853836 3433.65905536
1036.1637782 3433.65905536
1036.75901803 3433.65905536
1037.35425787 3433.65905536
1037.9494977 3433.65905536
1038.54473754 3433.65905536
1039.13997737 3433.65905536
1039.7352172 3433.65905536
1040.33045704 3433.65905536
1040.92569687 3433.65905536
1041.52093671 3433.65905536
1042.11617654 3433.65905536
1042.71141638 3433.65905536
1043.30665621 3433.65905536
1043.90189605 3433.65905536
1044.49713588 3433.65905536
1045.09237571 3433.65905536
1045.68761555 3433.65905536
1046.28285538 3433.65905536
1046.87809522 3433.65905536
1047.47333505 3433.65905536
1048.06857489 3433.65905536
1048.66381472 3433.65905536
1049.25905456 3433.65905536
1049.85429439 3433.65905536
1050.44953423 3433.65905536
1051.04477406 3433.65905536
1051.64001389 3433.65905536
1052.23525373 3433.65905536
1052.83049356 3433.65905536
1053.4257334 3433.65905536
1054.02097323 3433.65905536
1054.61621307 3433.65905536
1055.2114529 3433.65905536
1055.80669274 3433.65905536
1056.40193257 3433.65905536
1056.9971724 3433.65905536
1057.59241224 3433.65905536
1058.18765207 3433.65905536
1058.78289191 3433.65905536
1059.37813174 3433.65905536
1059.97337158 3433.65905536
1060.56861141 3433.65905536
1061.16385125 3433.65905536
1061.75909108 3433.65905536
1062.35433091 3433.65905536
1062.94957075 3433.65905536
1063.54481058 3433.65905536
1064.14005042 3433.65905536
1064.73529025 3433.65905536
1065.33053009 3433.65905536
1065.92576992 3433.65905536
1066.52100976 3433.65905536
1067.11624959 3433.65905536
1067.71148942 3433.65905536
1068.30672926 3433.65905536
1068.90196909 3433.65905536
1069.49720893 3433.65905536
1070.09244876 3433.65905536
1070.6876886 3433.65905536
1071.28292843 3433.65905536
1071.87816827 3433.65905536
1072.4734081 3433.65905536
1073.06864794 3433.65905536
1073.66388777 3433.65905536
1074.2591276 3433.65905536
1074.85436744 3433.65905536
1075.44960727 3433.65905536
1076.04484711 3433.65905536
1076.64008694 3433.65905536
1077.23532678 3433.65905536
1077.83056661 3433.65905536
1078.42580645 3433.65905536
1079.02104628 3433.65905536
1079.61628611 3433.65905536
1080.21152595 3433.65905536
1080.80676578 3433.65905536
1081.40200562 3433.65905536
1081.99724545 3433.65905536
1082.59248529 3433.65905536
1083.18772512 3433.65905536
1083.78296496 3433.65905536
1084.37820479 3433.65905536
1084.97344462 3433.65905536
1085.56868446 3433.65905536
1086.16392429 3433.65905536
1086.75916413 3433.65905536
1087.35440396 3433.65905536
1087.9496438 3433.65905536
1088.54488363 3433.65905536
1089.14012347 3433.65905536
1089.7353633 3433.65905536
1090.33060313 3433.65905536
1090.92584297 3433.65905536
1091.5210828 3433.65905536
1092.11632264 3433.65905536
1092.71156247 3433.65905536
1093.30680231 3433.65905536
1093.90204214 3433.65905536
1094.49728198 3433.65905536
1095.09252181 3433.65905536
1095.68776164 3433.65905536
1096.28300148 3433.65905536
1096.87824131 3433.65905536
1097.47348115 3433.65905536
1098.06872098 3433.65905536
1098.66396082 3433.65905536
1099.25920065 3433.65905536
1099.85444049 3433.65905536
1100.44968032 3433.65905536
1101.04492016 3433.65905536
1101.64015999 3433.65905536
1102.23539982 3433.65905536
1102.83063966 3433.65905536
1103.42587949 3433.65905536
1104.02111933 3433.65905536
1104.61635916 3433.65905536
1105.211599 3433.65905536
1105.80683883 3433.65905536
1106.40207867 3433.65905536
1106.9973185 3433.65905536
1107.59255833 3433.65905536
1108.18779817 3433.65905536
1108.783038 3433.65905536
1109.37827784 3433.65905536
1109.97351767 3433.65905536
1110.56875751 3433.65905536
1111.16399734 3433.65905536
1111.75923718 3433.65905536
1112.35447701 3433.65905536
1112.94971684 3433.65905536
1113.54495668 3433.65905536
1114.14019651 3433.65905536
1114.73543635 3433.65905536
1115.33067618 3433.65905536
1115.92591602 3433.65905536
1116.52115585 3433.65905536
1117.11639569 3433.65905536
1117.71163552 3433.65905536
1118.30687535 3433.65905536
1118.90211519 3433.65905536
1119.49735502 3433.65905536
1120.09259486 3433.65905536
1120.68783469 3433.65905536
1121.28307453 3433.65905536
1121.87831436 3433.65905536
1122.4735542 3433.65905536
1123.06879403 3433.65905536
1123.66403387 3433.65905536
1124.2592737 3433.65905536
1124.85451353 3433.65905536
1125.44975337 3433.65905536
1126.0449932 3433.65905536
1126.64023304 3433.65905536
1127.23547287 3433.65905536
1127.83071271 3433.65905536
1128.42595254 3433.65905536
1129.02119238 3433.65905536
1129.61643221 3433.65905536
1130.21167204 3433.65905536
1130.80691188 3433.65905536
1131.40215171 3433.65905536
1131.99739155 3433.65905536
1132.59263138 3433.65905536
1133.18787122 3433.65905536
1133.78311105 3433.65905536
1134.37835089 3433.65905536
1134.97359072 3433.65905536
1135.56883055 3433.65905536
1136.16407039 3433.65905536
1136.75931022 3433.65905536
1137.35455006 3433.65905536
1137.94978989 3433.65905536
1138.54502973 3433.65905536
1139.14026956 3433.65905536
1139.7355094 3433.65905536
1140.33074923 3433.65905536
1140.92598906 3433.65905536
1141.5212289 3433.65905536
1142.11646873 3433.65905536
1142.71170857 3433.65905536
1143.3069484 3433.65905536
1143.90218824 3433.65905536
1144.49742807 3433.65905536
1145.09266791 3433.65905536
1145.68790774 3433.65905536
1146.28314758 3433.65905536
1146.87838741 3433.65905536
1147.47362724 3433.65905536
1148.06886708 3433.65905536
1148.66410691 3433.65905536
1149.25934675 3433.65905536
1149.85458658 3433.65905536
1150.44982642 3433.65905536
1151.04506625 3433.65905536
1151.64030609 3433.65905536
1152.23554592 3433.65905536
1152.83078575 3433.65905536
1153.42602559 3433.65905536
1154.02126542 3433.65905536
1154.61650526 3433.65905536
1155.21174509 3433.65905536
1155.80698493 3433.65905536
1156.40222476 3433.65905536
1156.9974646 3433.65905536
1157.59270443 3433.65905536
1158.18794426 3433.65905536
1158.7831841 3433.65905536
1159.37842393 3433.65905536
1159.97366377 3433.65905536
1160.5689036 3433.65905536
1161.16414344 3433.65905536
1161.75938327 3433.65905536
1162.35462311 3433.65905536
1162.94986294 3433.65905536
1163.54510277 3433.65905536
1164.14034261 3433.65905536
1164.73558244 3433.65905536
1165.33082228 3433.65905536
1165.92606211 3433.65905536
1166.52130195 3433.65905536
1167.11654178 3433.65905536
1167.71178162 3433.65905536
1168.30702145 3433.65905536
1168.90226129 3433.65905536
1169.49750112 3433.65905536
1170.09274095 3433.65905536
1170.68798079 3433.65905536
1171.28322062 3433.65905536
1171.87846046 3433.65905536
1172.47370029 3433.65905536
1173.06894013 3433.65905536
1173.66417996 3433.65905536
1174.2594198 3433.65905536
1174.85465963 3433.65905536
1175.44989946 3433.65905536
1176.0451393 3433.65905536
1176.64037913 3433.65905536
1177.23561897 3433.65905536
1177.8308588 3433.65905536
1178.42609864 3433.65905536
1179.02133847 3433.65905536
1179.61657831 3433.65905536
1180.21181814 3433.65905536
1180.80705797 3433.65905536
1181.40229781 3433.65905536
1181.99753764 3433.65905536
1182.59277748 3433.65905536
1183.18801731 3433.65905536
1183.78325715 3433.65905536
1184.37849698 3433.65905536
1184.97373682 3433.65905536
1185.56897665 3433.65905536
1186.16421648 3433.65905536
1186.75945632 3433.65905536
1187.35469615 3433.65905536
1187.94993599 3433.65905536
1188.54517582 3433.65905536
1189.14041566 3433.65905536
1189.73565549 3433.65905536
1190.33089533 3433.65905536
1190.92613516 3433.65905536
1191.521375 3433.65905536
1192.11661483 3433.65905536
1192.71185466 3433.65905536
1193.3070945 3433.65905536
1193.90233433 3433.65905536
1194.49757417 3433.65905536
1195.092814 3433.65905536
1195.68805384 3433.65905536
1196.28329367 3433.65905536
1196.87853351 3433.65905536
1197.47377334 3433.65905536
1198.06901317 3433.65905536
1198.66425301 3433.65905536
1199.25949284 3433.65905536
1199.85473268 3433.65905536
1200.44997251 3433.65905536
1201.04521235 3433.65905536
1201.64045218 3433.65905536
1202.23569202 3433.65905536
1202.83093185 3433.65905536
1203.42617168 3433.65905536
1204.02141152 3433.65905536
1204.61665135 3433.65905536
1205.21189119 3433.65905536
1205.80713102 3433.65905536
1206.40237086 3433.65905536
1206.99761069 3433.65905536
1207.59285053 3433.65905536
1208.18809036 3433.65905536
1208.78333019 3433.65905536
1209.37857003 3433.65905536
1209.97380986 3433.65905536
1210.5690497 3433.65905536
1211.16428953 3433.65905536
1211.75952937 3433.65905536
1212.3547692 3433.65905536
1212.95000904 3433.65905536
1213.54524887 3433.65905536
1214.14048871 3433.65905536
1214.73572854 3433.65905536
1215.33096837 3433.65905536
1215.92620821 3433.65905536
1216.52144804 3433.65905536
1217.11668788 3433.65905536
1217.71192771 3433.65905536
1218.30716755 3433.65905536
1218.90240738 3433.65905536
