0.446466215283 4185.07627549
1.04170604976 4185.07627549
1.63694588423 4185.07627549
2.2321857187 4185.07627549
2.82742555317 4185.07627549
3.42266538765 4185.07627549
4.01790522212 4185.07627549
4.61314505659 4185.07627549
5.20838489106 4185.07627549
5.80362472554 4185.07627549
6.39886456001 4185.07627549
6.99410439448 4185.07627549
7.58934422895 4185.07627549
8.18458406343 4185.07627549
8.7798238979 4185.07627549
9.37506373237 4185.07627549
9.97030356685 4185.07627549
10.5655434013 4185.07627549
11.1607832358 4185.07627549
11.7560230703 4185.07627549
12.3512629047 4185.07627549
12.9465027392 4185.07627549
13.5417425737 4185.07627549
14.1369824082 4185.07627549
14.7322222426 4185.07627549
15.3274620771 4185.07627549
15.9227019116 4185.07627549
16.517941746 4185.07627549
17.1131815805 4185.07627549
17.708421415 4185.07627549
18.3036612495 4185.07627549
18.8989010839 4185.07627549
19.4941409184 4185.07627549
20.0893807529 4185.07627549
20.6846205874 4185.07627549
21.2798604218 4185.07627549
21.8751002563 4185.07627549
22.4703400908 4185.07627549
23.0655799252 4185.07627549
23.6608197597 4185.07627549
24.2560595942 4185.07627549
24.8512994287 4185.07627549
25.4465392631 4185.07627549
26.0417790976 4185.07627549
26.6370189321 4185.07627549
27.2322587666 4185.07627549
27.827498601 4185.07627549
28.4227384355 4185.07627549
29.01797827 4185.07627549
29.6132181044 4185.07627549
30.2084579389 4185.07627549
30.8036977734 4185.07627549
31.3989376079 4185.07627549
31.9941774423 4185.07627549
32.5894172768 4185.07627549
33.1846571113 4185.07627549
33.7798969458 4185.07627549
34.3751367802 4185.07627549
34.9703766147 4185.07627549
35.5656164492 4185.07627549
36.1608562836 4185.07627549
36.7560961181 4185.07627549
37.3513359526 4185.07627549
37.9465757871 4185.07627549
38.5418156215 4185.07627549
39.137055456 4185.07627549
39.7322952905 4185.07627549
40.327535125 4185.07627549
40.9227749594 4185.07627549
41.5180147939 4185.07627549
42.1132546284 4185.07627549
42.7084944628 4185.07627549
43.3037342973 4185.07627549
43.8989741318 4185.07627549
44.4942139663 4185.07627549
45.0894538007 4185.07627549
45.6846936352 4185.07627549
46.2799334697 4185.07627549
46.8751733041 4185.07627549
47.4704131386 4185.07627549
48.0656529731 4185.07627549
48.6608928076 4185.07627549
49.256132642 4185.07627549
49.8513724765 4185.07627549
50.446612311 4185.07627549
51.0418521455 4185.07627549
51.6370919799 4185.07627549
52.2323318144 4185.07627549
52.8275716489 4185.07627549
53.4228114833 4185.07627549
54.0180513178 4185.07627549
54.6132911523 4185.07627549
55.2085309868 4185.07627549
55.8037708212 4185.07627549
56.3990106557 4185.07627549
56.9942504902 4185.07627549
57.5894903247 4185.07627549
58.1847301591 4185.07627549
58.7799699936 4185.07627549
59.3752098281 4185.07627549
59.9704496625 4185.07627549
60.565689497 4185.07627549
61.1609293315 4185.07627549
61.756169166 4185.07627549
62.3514090004 4185.07627549
62.9466488349 4185.07627549
63.5418886694 4185.07627549
64.1371285039 4185.07627549
64.7323683383 4185.07627549
65.3276081728 4185.07627549
65.9228480073 4185.07627549
66.5180878417 4185.07627549
67.1133276762 4185.07627549
67.7085675107 4185.07627549
68.3038073452 4185.07627549
68.8990471796 4185.07627549
69.4942870141 4185.07627549
70.0895268486 4185.07627549
70.6847666831 4185.07627549
71.2800065175 4185.07627549
71.875246352 4185.07627549
72.4704861865 4185.07627549
73.0657260209 4185.07627549
73.6609658554 4185.07627549
74.2562056899 4185.07627549
74.8514455244 4185.07627549
75.4466853588 4185.07627549
76.0419251933 4185.07627549
76.6371650278 4185.07627549
77.2324048623 4185.07627549
77.8276446967 4185.07627549
78.4228845312 4185.07627549
79.0181243657 4185.07627549
79.6133642001 4185.07627549
80.2086040346 4185.07627549
80.8038438691 4185.07627549
81.3990837036 4185.07627549
81.994323538 4185.07627549
82.5895633725 4185.07627549
83.184803207 4185.07627549
83.7800430415 4185.07627549
84.3752828759 4185.07627549
84.9705227104 4185.07627549
85.5657625449 4185.07627549
86.1610023793 4185.07627549
86.7562422138 4185.07627549
87.3514820483 4185.07627549
87.9467218828 4185.07627549
88.5419617172 4185.07627549
89.1372015517 4185.07627549
89.7324413862 4185.07627549
90.3276812207 4185.07627549
90.9229210551 4185.07627549
91.5181608896 4185.07627549
92.1134007241 4185.07627549
92.7086405585 4185.07627549
93.303880393 4185.07627549
93.8991202275 4185.07627549
94.494360062 4185.07627549
95.0895998964 4185.07627549
95.6848397309 4185.07627549
96.2800795654 4185.07627549
96.8753193999 4185.07627549
97.4705592343 4185.07627549
98.0657990688 4185.07627549
98.6610389033 4185.07627549
99.2562787377 4185.07627549
99.8515185722 4185.07627549
100.446758407 4185.07627549
101.041998241 4185.07627549
101.637238076 4185.07627549
102.23247791 4185.07627549
102.827717745 4185.07627549
103.422957579 4185.07627549
104.018197414 4185.07627549
104.613437248 4185.07627549
105.208677082 4185.07627549
105.803916917 4185.07627549
106.399156751 4185.07627549
106.994396586 4185.07627549
107.58963642 4185.07627549
108.184876255 4185.07627549
108.780116089 4185.07627549
109.375355924 4185.07627549
109.970595758 4185.07627549
110.565835593 4185.07627549
111.161075427 4185.07627549
111.756315262 4185.07627549
112.351555096 4185.07627549
112.946794931 4185.07627549
113.542034765 4185.07627549
114.1372746 4185.07627549
114.732514434 4185.07627549
115.327754269 4185.07627549
115.922994103 4185.07627549
116.518233937 4185.07627549
117.113473772 4185.07627549
117.708713606 4185.07627549
118.303953441 4185.07627549
118.899193275 4185.07627549
119.49443311 4185.07627549
120.089672944 4185.07627549
120.684912779 4185.07627549
121.280152613 4185.07627549
121.875392448 4185.07627549
122.470632282 4185.07627549
123.065872117 4185.07627549
123.661111951 4185.07627549
124.256351786 4185.07627549
124.85159162 4185.07627549
125.446831455 4185.07627549
126.042071289 4185.07627549
126.637311123 4185.07627549
127.232550958 4185.07627549
127.827790792 4185.07627549
128.423030627 4185.07627549
129.018270461 4185.07627549
129.613510296 4185.07627549
130.20875013 4185.07627549
130.803989965 4185.07627549
131.399229799 4185.07627549
131.994469634 4185.07627549
132.589709468 4185.07627549
133.184949303 4185.07627549
133.780189137 4185.07627549
134.375428972 4185.07627549
134.970668806 4185.07627549
135.565908641 4185.07627549
136.161148475 4185.07627549
136.75638831 4185.07627549
137.351628144 4185.07627549
137.946867978 4185.07627549
138.542107813 4185.07627549
139.137347647 4185.07627549
139.732587482 4185.07627549
140.327827316 4185.07627549
140.923067151 4185.07627549
141.518306985 4185.07627549
142.11354682 4185.07627549
142.708786654 4185.07627549
143.304026489 4185.07627549
143.899266323 4185.07627549
144.494506158 4185.07627549
145.089745992 4185.07627549
145.684985827 4185.07627549
146.280225661 4185.07627549
146.875465496 4185.07627549
147.47070533 4185.07627549
148.065945165 4185.07627549
148.661184999 4185.07627549
149.256424833 4185.07627549
149.851664668 4185.07627549
150.446904502 4185.07627549
151.042144337 4185.07627549
151.637384171 4185.07627549
152.232624006 4185.07627549
152.82786384 4185.07627549
153.423103675 4185.07627549
154.018343509 4185.07627549
154.613583344 4185.07627549
155.208823178 4185.07627549
155.804063013 4185.07627549
156.399302847 4185.07627549
156.994542682 4185.07627549
157.589782516 4185.07627549
158.185022351 4185.07627549
158.780262185 4185.07627549
159.375502019 4185.07627549
159.970741854 4185.07627549
160.565981688 4185.07627549
161.161221523 4185.07627549
161.756461357 4185.07627549
162.351701192 4185.07627549
162.946941026 4185.07627549
163.542180861 4185.07627549
164.137420695 4185.07627549
164.73266053 4185.07627549
165.327900364 4185.07627549
165.923140199 4185.07627549
166.518380033 4185.07627549
167.113619868 4185.07627549
167.708859702 4185.07627549
168.304099537 4185.07627549
168.899339371 4185.07627549
169.494579206 4185.07627549
170.08981904 4185.07627549
170.685058874 4185.07627549
171.280298709 4185.07627549
171.875538543 4185.07627549
172.470778378 4185.07627549
173.066018212 4185.07627549
173.661258047 4185.07627549
174.256497881 4185.07627549
174.851737716 4185.07627549
175.44697755 4185.07627549
176.042217385 4185.07627549
176.637457219 4185.07627549
177.232697054 4185.07627549
177.827936888 4185.07627549
178.423176723 4185.07627549
179.018416557 4185.07627549
179.613656392 4185.07627549
180.208896226 4185.07627549
180.80413606 4185.07627549
181.399375895 4185.07627549
181.994615729 4185.07627549
182.589855564 4185.07627549
183.185095398 4185.07627549
183.780335233 4185.07627549
184.375575067 4185.07627549
184.970814902 4185.07627549
185.566054736 4185.07627549
186.161294571 4185.07627549
186.756534405 4185.07627549
187.35177424 4185.07627549
187.947014074 4185.07627549
188.542253909 4185.07627549
189.137493743 4185.07627549
189.732733578 4185.07627549
190.327973412 4185.07627549
190.923213247 4185.07627549
191.518453081 4185.07627549
192.113692915 4185.07627549
192.70893275 4185.07627549
193.304172584 4185.07627549
193.899412419 4185.07627549
194.494652253 4185.07627549
195.089892088 4185.07627549
195.685131922 4185.07627549
196.280371757 4185.07627549
196.875611591 4185.07627549
197.470851426 4185.07627549
198.06609126 4185.07627549
198.661331095 4185.07627549
199.256570929 4185.07627549
199.851810764 4185.07627549
200.447050598 4185.07627549
201.042290433 4185.07627549
201.637530267 4185.07627549
202.232770102 4185.07627549
202.828009936 4185.07627549
203.42324977 4185.07627549
204.018489605 4185.07627549
204.613729439 4185.07627549
205.208969274 4185.07627549
205.804209108 4185.07627549
206.399448943 4185.07627549
206.994688777 4185.07627549
207.589928612 4185.07627549
208.185168446 4185.07627549
208.780408281 4185.07627549
209.375648115 4185.07627549
209.97088795 4185.07627549
210.566127784 4185.07627549
211.161367619 4185.07627549
211.756607453 4185.07627549
212.351847288 4185.07627549
212.947087122 4185.07627549
213.542326956 4185.07627549
214.137566791 4185.07627549
214.732806625 4185.07627549
215.32804646 4185.07627549
215.923286294 4185.07627549
216.518526129 4185.07627549
217.113765963 4185.07627549
217.709005798 4185.07627549
218.304245632 4185.07627549
218.899485467 4185.07627549
219.494725301 4185.07627549
220.089965136 4185.07627549
220.68520497 4185.07627549
221.280444805 4185.07627549
221.875684639 4185.07627549
222.470924474 4185.07627549
223.066164308 4185.07627549
223.661404143 4185.07627549
224.256643977 4185.07627549
224.851883811 4185.07627549
225.447123646 4185.07627549
226.04236348 4185.07627549
226.637603315 4185.07627549
227.232843149 4185.07627549
227.828082984 4185.07627549
228.423322818 4185.07627549
229.018562653 4185.07627549
229.613802487 4185.07627549
230.209042322 4185.07627549
230.804282156 4185.07627549
231.399521991 4185.07627549
231.994761825 4185.07627549
232.59000166 4185.07627549
233.185241494 4185.07627549
233.780481329 4185.07627549
234.375721163 4185.07627549
234.970960998 4185.07627549
235.566200832 4185.07627549
236.161440666 4185.07627549
236.756680501 4185.07627549
237.351920335 4185.07627549
237.94716017 4185.07627549
238.542400004 4185.07627549
239.137639839 4185.07627549
239.732879673 4185.07627549
240.328119508 4185.07627549
240.923359342 4185.07627549
241.518599177 4185.07627549
242.113839011 4185.07627549
242.709078846 4185.07627549
243.30431868 4185.07627549
243.899558515 4185.07627549
244.494798349 4185.07627549
245.090038184 4185.07627549
245.685278018 4185.07627549
246.280517852 4185.07627549
246.875757687 4185.07627549
247.470997521 4185.07627549
248.066237356 4185.07627549
248.66147719 4185.07627549
249.256717025 4185.07627549
249.851956859 4185.07627549
250.447196694 4185.07627549
251.042436528 4185.07627549
251.637676363 4185.07627549
252.232916197 4185.07627549
252.828156032 4185.07627549
253.423395866 4185.07627549
254.018635701 4185.07627549
254.613875535 4185.07627549
255.20911537 4185.07627549
255.804355204 4185.07627549
256.399595039 4185.07627549
256.994834873 4185.07627549
257.590074707 4185.07627549
258.185314542 4185.07627549
258.780554376 4185.07627549
259.375794211 4185.07627549
259.971034045 4185.07627549
260.56627388 4185.07627549
261.161513714 4185.07627549
261.756753549 4185.07627549
262.351993383 4185.07627549
262.947233218 4185.07627549
263.542473052 4185.07627549
264.137712887 4185.07627549
264.732952721 4185.07627549
265.328192556 4185.07627549
265.92343239 4185.07627549
266.518672225 4185.07627549
267.113912059 4185.07627549
267.709151894 4185.07627549
268.304391728 4185.07627549
268.899631562 4185.07627549
269.494871397 4185.07627549
270.090111231 4185.07627549
270.685351066 4185.07627549
271.2805909 4185.07627549
271.875830735 4185.07627549
272.471070569 4185.07627549
273.066310404 4185.07627549
273.661550238 4185.07627549
274.256790073 4185.07627549
274.852029907 4185.07627549
275.447269742 4185.07627549
276.042509576 4185.07627549
276.637749411 4185.07627549
277.232989245 4185.07627549
277.82822908 4185.07627549
278.423468914 4185.07627549
279.018708748 4185.07627549
279.613948583 4185.07627549
280.209188417 4185.07627549
280.804428252 4185.07627549
281.399668086 4185.07627549
281.994907921 4185.07627549
282.590147755 4185.07627549
283.18538759 4185.07627549
283.780627424 4185.07627549
284.375867259 4185.07627549
284.971107093 4185.07627549
285.566346928 4185.07627549
286.161586762 4185.07627549
286.756826597 4185.07627549
287.352066431 4185.07627549
287.947306266 4185.07627549
288.5425461 4185.07627549
289.137785935 4185.07627549
289.733025769 4185.07627549
290.328265603 4185.07627549
290.923505438 4185.07627549
291.518745272 4185.07627549
292.113985107 4185.07627549
292.709224941 4185.07627549
293.304464776 4185.07627549
293.89970461 4185.07627549
294.494944445 4185.07627549
295.090184279 4185.07627549
295.685424114 4185.07627549
296.280663948 4185.07627549
296.875903783 4185.07627549
297.471143617 4185.07627549
298.066383452 4185.07627549
298.661623286 4185.07627549
299.256863121 4185.07627549
299.852102955 4185.07627549
300.44734279 4185.07627549
301.042582624 4185.07627549
301.637822458 4185.07627549
302.233062293 4185.07627549
302.828302127 4185.07627549
303.423541962 4185.07627549
304.018781796 4185.07627549
304.614021631 4185.07627549
305.209261465 2727.97917547
305.8045013 2727.97917547
306.399741134 2727.97917547
306.994980969 2727.97917547
307.590220803 2727.97917547
308.185460638 2727.97917547
308.780700472 2727.97917547
309.375940307 2727.97917547
309.971180141 2727.97917547
310.566419976 2727.97917547
311.16165981 2727.97917547
311.756899644 2727.97917547
312.352139479 2727.97917547
312.947379313 2727.97917547
313.542619148 2727.97917547
314.137858982 2727.97917547
314.733098817 2727.97917547
315.328338651 2727.97917547
315.923578486 2727.97917547
316.51881832 2727.97917547
317.114058155 2727.97917547
317.709297989 2727.97917547
318.304537824 2727.97917547
318.899777658 2727.97917547
319.495017493 2727.97917547
320.090257327 2727.97917547
320.685497162 2727.97917547
321.280736996 2727.97917547
321.875976831 2727.97917547
322.471216665 2727.97917547
323.066456499 2727.97917547
323.661696334 2727.97917547
324.256936168 2727.97917547
324.852176003 2727.97917547
325.447415837 2727.97917547
326.042655672 2727.97917547
326.637895506 2727.97917547
327.233135341 2727.97917547
327.828375175 2727.97917547
328.42361501 2727.97917547
329.018854844 2727.97917547
329.614094679 2727.97917547
330.209334513 2727.97917547
330.804574348 2727.97917547
331.399814182 2727.97917547
331.995054017 2727.97917547
332.590293851 2727.97917547
333.185533685 2727.97917547
333.78077352 2727.97917547
334.376013354 2727.97917547
334.971253189 2727.97917547
335.566493023 2727.97917547
336.161732858 2727.97917547
336.756972692 2727.97917547
337.352212527 2727.97917547
337.947452361 2727.97917547
338.542692196 2727.97917547
339.13793203 2727.97917547
339.733171865 2727.97917547
340.328411699 2727.97917547
340.923651534 2727.97917547
341.518891368 2727.97917547
342.114131203 2727.97917547
342.709371037 2727.97917547
343.304610872 2727.97917547
343.899850706 2727.97917547
344.49509054 2727.97917547
345.090330375 2727.97917547
345.685570209 2727.97917547
346.280810044 2727.97917547
346.876049878 2727.97917547
347.471289713 2727.97917547
348.066529547 2727.97917547
348.661769382 2727.97917547
349.257009216 2727.97917547
349.852249051 2727.97917547
350.447488885 2727.97917547
351.04272872 2727.97917547
351.637968554 2727.97917547
352.233208389 2727.97917547
352.828448223 2727.97917547
353.423688058 2727.97917547
354.018927892 2727.97917547
354.614167727 2727.97917547
355.209407561 2727.97917547
355.804647395 2727.97917547
356.39988723 2727.97917547
356.995127064 2727.97917547
357.590366899 2727.97917547
358.185606733 2727.97917547
358.780846568 2727.97917547
359.376086402 2727.97917547
359.971326237 2727.97917547
360.566566071 2727.97917547
361.161805906 2727.97917547
361.75704574 2727.97917547
362.352285575 2727.97917547
362.947525409 2727.97917547
363.542765244 2727.97917547
364.138005078 2727.97917547
364.733244913 2727.97917547
365.328484747 2727.97917547
365.923724581 2727.97917547
366.518964416 2727.97917547
367.11420425 2727.97917547
367.709444085 2727.97917547
368.304683919 2727.97917547
368.899923754 2727.97917547
369.495163588 2727.97917547
370.090403423 2727.97917547
370.685643257 2727.97917547
371.280883092 2727.97917547
371.876122926 2727.97917547
372.471362761 2727.97917547
373.066602595 2727.97917547
373.66184243 2727.97917547
374.257082264 2727.97917547
374.852322099 2727.97917547
375.447561933 2727.97917547
376.042801768 2727.97917547
376.638041602 2727.97917547
377.233281436 2727.97917547
377.828521271 2727.97917547
378.423761105 2727.97917547
379.01900094 2727.97917547
379.614240774 2727.97917547
380.209480609 2727.97917547
380.804720443 2727.97917547
381.399960278 2727.97917547
381.995200112 2727.97917547
382.590439947 2727.97917547
383.185679781 2727.97917547
383.780919616 2727.97917547
384.37615945 2727.97917547
384.971399285 2727.97917547
385.566639119 2727.97917547
386.161878954 2727.97917547
386.757118788 2727.97917547
387.352358623 2727.97917547
387.947598457 2727.97917547
388.542838291 2727.97917547
389.138078126 2727.97917547
389.73331796 2727.97917547
390.328557795 2727.97917547
390.923797629 2727.97917547
391.519037464 2727.97917547
392.114277298 2727.97917547
392.709517133 2727.97917547
393.304756967 2727.97917547
393.899996802 2727.97917547
394.495236636 2727.97917547
395.090476471 2727.97917547
395.685716305 2727.97917547
396.28095614 2727.97917547
396.876195974 2727.97917547
397.471435809 2727.97917547
398.066675643 2727.97917547
398.661915477 2727.97917547
399.257155312 2727.97917547
399.852395146 2727.97917547
400.447634981 2727.97917547
401.042874815 2727.97917547
401.63811465 2727.97917547
402.233354484 2727.97917547
402.828594319 2727.97917547
403.423834153 2727.97917547
404.019073988 2727.97917547
404.614313822 2727.97917547
405.209553657 2727.97917547
405.804793491 2727.97917547
406.400033326 2727.97917547
406.99527316 2727.97917547
407.590512995 2727.97917547
408.185752829 2727.97917547
408.780992664 2727.97917547
409.376232498 2727.97917547
409.971472332 2727.97917547
410.566712167 2727.97917547
411.161952001 2727.97917547
411.757191836 2727.97917547
412.35243167 2727.97917547
412.947671505 2727.97917547
413.542911339 2727.97917547
414.138151174 2727.97917547
414.733391008 2727.97917547
415.328630843 2727.97917547
415.923870677 2727.97917547
416.519110512 2727.97917547
417.114350346 2727.97917547
417.709590181 2727.97917547
418.304830015 2727.97917547
418.90006985 2727.97917547
419.495309684 2727.97917547
420.090549519 2727.97917547
420.685789353 2727.97917547
421.281029187 2727.97917547
421.876269022 2727.97917547
422.471508856 2727.97917547
423.066748691 2727.97917547
423.661988525 2727.97917547
424.25722836 2727.97917547
424.852468194 2727.97917547
425.447708029 2727.97917547
426.042947863 2727.97917547
426.638187698 2727.97917547
427.233427532 2727.97917547
427.828667367 2727.97917547
428.423907201 2727.97917547
429.019147036 2727.97917547
429.61438687 2727.97917547
430.209626705 2727.97917547
430.804866539 2727.97917547
431.400106373 2727.97917547
431.995346208 2727.97917547
432.590586042 2727.97917547
433.185825877 2727.97917547
433.781065711 2727.97917547
434.376305546 2727.97917547
434.97154538 2727.97917547
435.566785215 2727.97917547
436.162025049 2727.97917547
436.757264884 2727.97917547
437.352504718 2727.97917547
437.947744553 2727.97917547
438.542984387 2727.97917547
439.138224222 2727.97917547
439.733464056 2727.97917547
440.328703891 2727.97917547
440.923943725 2727.97917547
441.51918356 2727.97917547
442.114423394 2727.97917547
442.709663228 2727.97917547
443.304903063 2727.97917547
443.900142897 2727.97917547
444.495382732 2727.97917547
445.090622566 2727.97917547
445.685862401 2727.97917547
446.281102235 2727.97917547
446.87634207 2727.97917547
447.471581904 2727.97917547
448.066821739 2727.97917547
448.662061573 2727.97917547
449.257301408 2727.97917547
449.852541242 2727.97917547
450.447781077 2727.97917547
451.043020911 2727.97917547
451.638260746 2727.97917547
452.23350058 2727.97917547
452.828740415 2727.97917547
453.423980249 2727.97917547
454.019220083 2727.97917547
454.614459918 2727.97917547
455.209699752 2727.97917547
455.804939587 2727.97917547
456.400179421 2727.97917547
456.995419256 2727.97917547
457.59065909 2437.07530657
458.185898925 2437.07530657
458.781138759 2437.07530657
459.376378594 2437.07530657
459.971618428 2437.07530657
460.566858263 2437.07530657
461.162098097 2437.07530657
461.757337932 2437.07530657
462.352577766 2437.07530657
462.947817601 2437.07530657
463.543057435 2437.07530657
464.138297269 2437.07530657
464.733537104 2437.07530657
465.328776938 2437.07530657
465.924016773 2437.07530657
466.519256607 2437.07530657
467.114496442 2437.07530657
467.709736276 2437.07530657
468.304976111 2437.07530657
468.900215945 2437.07530657
469.49545578 2437.07530657
470.090695614 2437.07530657
470.685935449 2437.07530657
471.281175283 2437.07530657
471.876415118 2437.07530657
472.471654952 2437.07530657
473.066894787 2437.07530657
473.662134621 2437.07530657
474.257374456 2437.07530657
474.85261429 2437.07530657
475.447854124 2437.07530657
476.043093959 2437.07530657
476.638333793 2437.07530657
477.233573628 2437.07530657
477.828813462 2437.07530657
478.424053297 2437.07530657
479.019293131 2437.07530657
479.614532966 2437.07530657
480.2097728 2437.07530657
480.805012635 2437.07530657
481.400252469 2437.07530657
481.995492304 2437.07530657
482.590732138 2437.07530657
483.185971973 2437.07530657
483.781211807 2437.07530657
484.376451642 2437.07530657
484.971691476 2437.07530657
485.56693131 2437.07530657
486.162171145 2437.07530657
486.757410979 2437.07530657
487.352650814 2437.07530657
487.947890648 2437.07530657
488.543130483 2437.07530657
489.138370317 2437.07530657
489.733610152 2437.07530657
490.328849986 2437.07530657
490.924089821 2437.07530657
491.519329655 2437.07530657
492.11456949 2437.07530657
492.709809324 2437.07530657
493.305049159 2437.07530657
493.900288993 2437.07530657
494.495528828 2437.07530657
495.090768662 2437.07530657
495.686008497 2437.07530657
496.281248331 2437.07530657
496.876488165 2437.07530657
497.471728 2437.07530657
498.066967834 2437.07530657
498.662207669 2437.07530657
499.257447503 2437.07530657
499.852687338 2437.07530657
500.447927172 2437.07530657
501.043167007 2437.07530657
501.638406841 2437.07530657
502.233646676 2437.07530657
502.82888651 2437.07530657
503.424126345 2437.07530657
504.019366179 2437.07530657
504.614606014 2437.07530657
505.209845848 2437.07530657
505.805085683 2437.07530657
506.400325517 2437.07530657
506.995565352 2437.07530657
507.590805186 2437.07530657
508.18604502 2437.07530657
508.781284855 2437.07530657
509.376524689 2437.07530657
509.971764524 2437.07530657
510.567004358 2437.07530657
511.162244193 2437.07530657
511.757484027 2437.07530657
512.352723862 2437.07530657
512.947963696 2437.07530657
513.543203531 2437.07530657
514.138443365 2437.07530657
514.7336832 2437.07530657
515.328923034 2437.07530657
515.924162869 2437.07530657
516.519402703 2437.07530657
517.114642538 2437.07530657
517.709882372 2437.07530657
518.305122206 2437.07530657
518.900362041 2437.07530657
519.495601875 2437.07530657
520.09084171 2437.07530657
520.686081544 2437.07530657
521.281321379 2437.07530657
521.876561213 2437.07530657
522.471801048 2437.07530657
523.067040882 2437.07530657
523.662280717 2437.07530657
524.257520551 2437.07530657
524.852760386 2437.07530657
525.44800022 2437.07530657
526.043240055 2437.07530657
526.638479889 2437.07530657
527.233719724 2437.07530657
527.828959558 2437.07530657
528.424199393 2437.07530657
529.019439227 2437.07530657
529.614679061 2437.07530657
530.209918896 2437.07530657
530.80515873 2437.07530657
531.400398565 2437.07530657
531.995638399 2437.07530657
532.590878234 2437.07530657
533.186118068 2437.07530657
533.781357903 3018.88304436
534.376597737 3018.88304436
534.971837572 3018.88304436
535.567077406 3018.88304436
536.162317241 3018.88304436
536.757557075 3018.88304436
537.35279691 3018.88304436
537.948036744 3018.88304436
538.543276579 3018.88304436
539.138516413 3018.88304436
539.733756248 3018.88304436
540.328996082 3018.88304436
540.924235916 3018.88304436
541.519475751 3018.88304436
542.114715585 3018.88304436
542.70995542 3018.88304436
543.305195254 3018.88304436
543.900435089 3018.88304436
544.495674923 3018.88304436
545.090914758 3018.88304436
545.686154592 3018.88304436
546.281394427 3018.88304436
546.876634261 3018.88304436
547.471874096 3018.88304436
548.06711393 3018.88304436
548.662353765 3018.88304436
549.257593599 3018.88304436
549.852833434 3018.88304436
550.448073268 3018.88304436
551.043313102 3018.88304436
551.638552937 3018.88304436
552.233792771 3018.88304436
552.829032606 3018.88304436
553.42427244 3018.88304436
554.019512275 3018.88304436
554.614752109 3018.88304436
555.209991944 3018.88304436
555.805231778 3018.88304436
556.400471613 3018.88304436
556.995711447 3018.88304436
557.590951282 3018.88304436
558.186191116 3018.88304436
558.781430951 3018.88304436
559.376670785 3018.88304436
559.97191062 3018.88304436
560.567150454 3018.88304436
561.162390289 3018.88304436
561.757630123 3018.88304436
562.352869957 3018.88304436
562.948109792 3018.88304436
563.543349626 3018.88304436
564.138589461 3018.88304436
564.733829295 3018.88304436
565.32906913 3018.88304436
565.924308964 3018.88304436
566.519548799 3018.88304436
567.114788633 3018.88304436
567.710028468 3018.88304436
568.305268302 3018.88304436
568.900508137 3018.88304436
569.495747971 3018.88304436
570.090987806 3018.88304436
570.68622764 3018.88304436
571.281467475 3018.88304436
571.876707309 3018.88304436
572.471947144 3018.88304436
573.067186978 3018.88304436
573.662426812 3018.88304436
574.257666647 3018.88304436
574.852906481 3018.88304436
575.448146316 3018.88304436
576.04338615 3018.88304436
576.638625985 3018.88304436
577.233865819 3018.88304436
577.829105654 3018.88304436
578.424345488 3018.88304436
579.019585323 3018.88304436
579.614825157 3018.88304436
580.210064992 3018.88304436
580.805304826 3018.88304436
581.400544661 3018.88304436
581.995784495 3018.88304436
582.59102433 3018.88304436
583.186264164 3018.88304436
583.781503998 3018.88304436
584.376743833 3018.88304436
584.971983667 3018.88304436
585.567223502 3018.88304436
586.162463336 3018.88304436
586.757703171 3018.88304436
587.352943005 3018.88304436
587.94818284 3018.88304436
588.543422674 3018.88304436
589.138662509 3018.88304436
589.733902343 3018.88304436
590.329142178 3018.88304436
590.924382012 3018.88304436
591.519621847 3018.88304436
592.114861681 3018.88304436
592.710101516 3018.88304436
593.30534135 3018.88304436
593.900581185 3018.88304436
594.495821019 3018.88304436
595.091060853 3018.88304436
595.686300688 3018.88304436
596.281540522 3018.88304436
596.876780357 3018.88304436
597.472020191 3018.88304436
598.067260026 3018.88304436
598.66249986 3018.88304436
599.257739695 3018.88304436
599.852979529 3018.88304436
600.448219364 3018.88304436
601.043459198 3018.88304436
601.638699033 3018.88304436
602.233938867 3018.88304436
602.829178702 3018.88304436
603.424418536 3018.88304436
604.019658371 3018.88304436
604.614898205 3018.88304436
605.21013804 3018.88304436
605.805377874 3018.88304436
606.400617708 3018.88304436
606.995857543 3018.88304436
607.591097377 3018.88304436
608.186337212 3018.88304436
608.781577046 3018.88304436
609.376816881 3018.88304436
609.972056715 5391.70675156
610.56729655 5391.70675156
611.162536384 5391.70675156
611.757776219 5391.70675156
612.353016053 5391.70675156
612.948255888 5391.70675156
613.543495722 5391.70675156
614.138735557 5391.70675156
614.733975391 5391.70675156
615.329215226 5391.70675156
615.92445506 5391.70675156
616.519694894 5391.70675156
617.114934729 5391.70675156
617.710174563 5391.70675156
618.305414398 5391.70675156
618.900654232 5391.70675156
619.495894067 5391.70675156
620.091133901 5391.70675156
620.686373736 5391.70675156
621.28161357 5391.70675156
621.876853405 5391.70675156
622.472093239 5391.70675156
623.067333074 5391.70675156
623.662572908 5391.70675156
624.257812743 5391.70675156
624.853052577 5391.70675156
625.448292412 5391.70675156
626.043532246 5391.70675156
626.638772081 5391.70675156
627.234011915 5391.70675156
627.829251749 5391.70675156
628.424491584 5391.70675156
629.019731418 5391.70675156
629.614971253 5391.70675156
630.210211087 5391.70675156
630.805450922 5391.70675156
631.400690756 5391.70675156
631.995930591 5391.70675156
632.591170425 5391.70675156
633.18641026 5391.70675156
633.781650094 5391.70675156
634.376889929 5391.70675156
634.972129763 5391.70675156
635.567369598 5391.70675156
636.162609432 5391.70675156
636.757849267 5391.70675156
637.353089101 5391.70675156
637.948328935 5391.70675156
638.54356877 6005.23649791
639.138808604 6005.23649791
639.734048439 6005.23649791
640.329288273 6005.23649791
640.924528108 6005.23649791
641.519767942 6005.23649791
642.115007777 6005.23649791
642.710247611 6005.23649791
643.305487446 4778.17700522
643.90072728 4778.17700522
644.495967115 4778.17700522
645.091206949 4778.17700522
645.686446784 4778.17700522
646.281686618 4778.17700522
646.876926453 4778.17700522
647.472166287 4778.17700522
648.067406122 5391.70675156
648.662645956 5391.70675156
649.25788579 5391.70675156
649.853125625 5391.70675156
650.448365459 5391.70675156
651.043605294 5391.70675156
651.638845128 5391.70675156
652.234084963 5391.70675156
652.829324797 5391.70675156
653.424564632 5391.70675156
654.019804466 5391.70675156
654.615044301 5391.70675156
655.210284135 5391.70675156
655.80552397 5391.70675156
656.400763804 5391.70675156
656.996003639 5391.70675156
657.591243473 5391.70675156
658.186483308 5391.70675156
658.781723142 5391.70675156
659.376962977 5391.70675156
659.972202811 5391.70675156
660.567442645 5391.70675156
661.16268248 5391.70675156
661.757922314 5391.70675156
662.353162149 5391.70675156
662.948401983 5391.70675156
663.543641818 5391.70675156
664.138881652 5391.70675156
664.734121487 5391.70675156
665.329361321 5391.70675156
665.924601156 5391.70675156
666.51984099 5391.70675156
667.115080825 5391.70675156
667.710320659 5391.70675156
668.305560494 5391.70675156
668.900800328 5391.70675156
669.496040163 5391.70675156
670.091279997 5391.70675156
670.686519831 5391.70675156
671.281759666 5391.70675156
671.8769995 5391.70675156
672.472239335 5391.70675156
673.067479169 5391.70675156
673.662719004 5391.70675156
674.257958838 5391.70675156
674.853198673 5391.70675156
675.448438507 5391.70675156
676.043678342 5391.70675156
676.638918176 5391.70675156
677.234158011 5391.70675156
677.829397845 5391.70675156
678.42463768 5391.70675156
679.019877514 5391.70675156
679.615117349 5391.70675156
680.210357183 5391.70675156
680.805597018 5391.70675156
681.400836852 5391.70675156
681.996076686 5391.70675156
682.591316521 5391.70675156
683.186556355 5391.70675156
683.78179619 5391.70675156
684.377036024 5391.70675156
684.972275859 5391.70675156
685.567515693 5391.70675156
686.162755528 4410.87038359
686.757995362 4410.87038359
687.353235197 4410.87038359
687.948475031 4410.87038359
688.543714866 4410.87038359
689.1389547 4410.87038359
689.734194535 4410.87038359
690.329434369 4410.87038359
690.924674204 4410.87038359
691.519914038 4410.87038359
692.115153873 4410.87038359
692.710393707 4410.87038359
693.305633541 4410.87038359
693.900873376 4410.87038359
694.49611321 4410.87038359
695.091353045 4410.87038359
695.686592879 4410.87038359
696.281832714 4410.87038359
696.877072548 4410.87038359
697.472312383 4410.87038359
698.067552217 4410.87038359
698.662792052 4410.87038359
699.258031886 4410.87038359
699.853271721 4410.87038359
700.448511555 4410.87038359
701.04375139 4410.87038359
701.638991224 4410.87038359
702.234231059 4410.87038359
702.829470893 4410.87038359
703.424710727 4410.87038359
704.019950562 4410.87038359
704.615190396 4410.87038359
705.210430231 5506.07439076
705.805670065 5506.07439076
706.4009099 5506.07439076
706.996149734 5506.07439076
707.591389569 5506.07439076
708.186629403 5506.07439076
708.781869238 5506.07439076
709.377109072 5506.07439076
709.972348907 5506.07439076
710.567588741 5506.07439076
711.162828576 5506.07439076
711.75806841 5506.07439076
712.353308245 5506.07439076
712.948548079 5506.07439076
713.543787914 5506.07439076
714.139027748 5506.07439076
714.734267582 5506.07439076
715.329507417 5506.07439076
715.924747251 5506.07439076
716.519987086 5506.07439076
717.11522692 5506.07439076
717.710466755 5506.07439076
718.305706589 5506.07439076
718.900946424 5506.07439076
719.496186258 5506.07439076
720.091426093 5506.07439076
720.686665927 5506.07439076
721.281905762 5506.07439076
721.877145596 5506.07439076
722.472385431 5506.07439076
723.067625265 5506.07439076
723.6628651 5506.07439076
724.258104934 5824.94111596
724.853344769 5824.94111596
725.448584603 5824.94111596
726.043824437 5824.94111596
726.639064272 5824.94111596
727.234304106 5824.94111596
727.829543941 5824.94111596
728.424783775 5824.94111596
729.02002361 5824.94111596
729.615263444 5824.94111596
730.210503279 5824.94111596
730.805743113 5824.94111596
731.400982948 5824.94111596
731.996222782 5824.94111596
732.591462617 5824.94111596
733.186702451 5824.94111596
733.781942286 5824.94111596
734.37718212 5824.94111596
734.972421955 5824.94111596
735.567661789 5824.94111596
736.162901623 5824.94111596
736.758141458 5824.94111596
737.353381292 5824.94111596
737.948621127 5824.94111596
738.543860961 5824.94111596
739.139100796 5824.94111596
739.73434063 5824.94111596
740.329580465 5824.94111596
740.924820299 5824.94111596
741.520060134 5824.94111596
742.115299968 5824.94111596
742.710539803 5824.94111596
743.305779637 5824.94111596
743.901019472 5824.94111596
744.496259306 5824.94111596
745.091499141 5824.94111596
745.686738975 5824.94111596
746.28197881 5824.94111596
746.877218644 5824.94111596
747.472458478 5824.94111596
748.067698313 5824.94111596
748.662938147 5824.94111596
749.258177982 5824.94111596
749.853417816 5824.94111596
750.448657651 5824.94111596
751.043897485 5824.94111596
751.63913732 5824.94111596
752.234377154 5824.94111596
752.829616989 5824.94111596
753.424856823 5824.94111596
754.020096658 5824.94111596
754.615336492 5824.94111596
755.210576327 5824.94111596
755.805816161 5824.94111596
756.401055996 5824.94111596
756.99629583 5824.94111596
757.591535665 5824.94111596
758.186775499 5824.94111596
758.782015333 5824.94111596
759.377255168 5824.94111596
759.972495002 5824.94111596
760.567734837 5824.94111596
761.162974671 5824.94111596
761.758214506 5824.94111596
762.35345434 5542.58327803
762.948694175 5542.58327803
763.543934009 5542.58327803
764.139173844 5542.58327803
764.734413678 5542.58327803
765.329653513 5542.58327803
765.924893347 5542.58327803
766.520133182 5542.58327803
767.115373016 5542.58327803
767.710612851 5542.58327803
768.305852685 5542.58327803
768.901092519 5542.58327803
769.496332354 5542.58327803
770.091572188 5542.58327803
770.686812023 5542.58327803
771.282051857 5542.58327803
771.877291692 5542.58327803
772.472531526 5542.58327803
773.067771361 5542.58327803
773.663011195 5542.58327803
774.25825103 5542.58327803
774.853490864 5542.58327803
775.448730699 5542.58327803
776.043970533 5542.58327803
776.639210368 5542.58327803
777.234450202 5542.58327803
777.829690037 5542.58327803
778.424929871 5542.58327803
779.020169706 5542.58327803
779.61540954 5542.58327803
780.210649374 5542.58327803
780.805889209 5542.58327803
781.401129043 5542.58327803
781.996368878 5542.58327803
782.591608712 5542.58327803
783.186848547 5542.58327803
783.782088381 5542.58327803
784.377328216 5542.58327803
784.97256805 5542.58327803
785.567807885 5542.58327803
786.163047719 5542.58327803
786.758287554 5542.58327803
787.353527388 5542.58327803
787.948767223 5542.58327803
788.544007057 5542.58327803
789.139246892 5542.58327803
789.734486726 5542.58327803
790.32972656 5542.58327803
790.924966395 5542.58327803
791.520206229 5542.58327803
792.115446064 5542.58327803
792.710685898 5542.58327803
793.305925733 5542.58327803
793.901165567 5542.58327803
794.496405402 5542.58327803
795.091645236 5542.58327803
795.686885071 5542.58327803
796.282124905 5542.58327803
796.87736474 5542.58327803
797.472604574 5542.58327803
798.067844409 5542.58327803
798.663084243 5542.58327803
799.258324078 5542.58327803
799.853563912 5542.58327803
800.448803747 4538.52020763
801.044043581 4538.52020763
801.639283415 4538.52020763
802.23452325 4538.52020763
802.829763084 4538.52020763
803.425002919 4538.52020763
804.020242753 4538.52020763
804.615482588 4538.52020763
805.210722422 4538.52020763
805.805962257 4538.52020763
806.401202091 4538.52020763
806.996441926 4538.52020763
807.59168176 4538.52020763
808.186921595 4538.52020763
808.782161429 4538.52020763
809.377401264 4538.52020763
809.972641098 4538.52020763
810.567880933 4538.52020763
811.163120767 4538.52020763
811.758360602 4538.52020763
812.353600436 4538.52020763
812.94884027 4538.52020763
813.544080105 4538.52020763
814.139319939 4538.52020763
814.734559774 4538.52020763
815.329799608 4538.52020763
815.925039443 4538.52020763
816.520279277 4538.52020763
817.115519112 4538.52020763
817.710758946 4538.52020763
818.305998781 4538.52020763
818.901238615 4538.52020763
819.49647845 4538.52020763
820.091718284 4538.52020763
820.686958119 4538.52020763
821.282197953 4538.52020763
821.877437788 4538.52020763
822.472677622 4538.52020763
823.067917456 4538.52020763
823.663157291 4538.52020763
824.258397125 4538.52020763
824.85363696 4538.52020763
825.448876794 4538.52020763
826.044116629 4538.52020763
826.639356463 4538.52020763
827.234596298 4538.52020763
827.829836132 4538.52020763
828.425075967 4538.52020763
829.020315801 4538.52020763
829.615555636 4538.52020763
830.21079547 4538.52020763
830.806035305 4538.52020763
831.401275139 4538.52020763
831.996514974 4538.52020763
832.591754808 4538.52020763
833.186994643 4538.52020763
833.782234477 4538.52020763
834.377474311 4538.52020763
834.972714146 4538.52020763
835.56795398 4538.52020763
836.163193815 4538.52020763
836.758433649 4538.52020763
837.353673484 4538.52020763
837.948913318 4538.52020763
838.544153153 5742.8617603
839.139392987 5742.8617603
839.734632822 5742.8617603
840.329872656 5742.8617603
840.925112491 5742.8617603
841.520352325 5742.8617603
842.11559216 5742.8617603
842.710831994 5742.8617603
843.306071829 5742.8617603
843.901311663 5742.8617603
844.496551498 5742.8617603
845.091791332 5742.8617603
845.687031166 5742.8617603
846.282271001 5742.8617603
846.877510835 5742.8617603
847.47275067 5742.8617603
848.067990504 5742.8617603
848.663230339 5742.8617603
849.258470173 5742.8617603
849.853710008 5742.8617603
850.448949842 5742.8617603
851.044189677 5742.8617603
851.639429511 5742.8617603
852.234669346 5742.8617603
852.82990918 5742.8617603
853.425149015 5742.8617603
854.020388849 5742.8617603
854.615628684 5742.8617603
855.210868518 5742.8617603
855.806108352 5742.8617603
856.401348187 5742.8617603
856.996588021 5742.8617603
857.591827856 5742.8617603
858.18706769 5742.8617603
858.782307525 5742.8617603
859.377547359 5742.8617603
859.972787194 5742.8617603
860.568027028 5742.8617603
861.163266863 5742.8617603
861.758506697 5742.8617603
862.353746532 5742.8617603
862.948986366 5742.8617603
863.544226201 5742.8617603
864.139466035 5742.8617603
864.73470587 5742.8617603
865.329945704 5742.8617603
865.925185539 5742.8617603
866.520425373 5742.8617603
867.115665207 5742.8617603
867.710905042 5742.8617603
868.306144876 5742.8617603
868.901384711 5742.8617603
869.496624545 5742.8617603
870.09186438 5742.8617603
870.687104214 5742.8617603
871.282344049 5742.8617603
871.877583883 5742.8617603
872.472823718 5742.8617603
873.068063552 5742.8617603
873.663303387 5742.8617603
874.258543221 5742.8617603
874.853783056 5742.8617603
875.44902289 5742.8617603
876.044262725 5742.8617603
876.639502559 5742.8617603
877.234742394 5742.8617603
877.829982228 5742.8617603
878.425222062 5742.8617603
879.020461897 5742.8617603
879.615701731 5742.8617603
880.210941566 5742.8617603
880.8061814 5742.8617603
881.401421235 5742.8617603
881.996661069 5742.8617603
882.591900904 5742.8617603
883.187140738 5742.8617603
883.782380573 5742.8617603
884.377620407 5742.8617603
884.972860242 5742.8617603
885.568100076 5742.8617603
886.163339911 5742.8617603
886.758579745 5742.8617603
887.35381958 5742.8617603
887.949059414 5742.8617603
888.544299248 5742.8617603
889.139539083 5742.8617603
889.734778917 5742.8617603
890.330018752 5742.8617603
890.925258586 5742.8617603
891.520498421 5742.8617603
892.115738255 5742.8617603
892.71097809 5742.8617603
893.306217924 5742.8617603
893.901457759 5742.8617603
894.496697593 5742.8617603
895.091937428 5742.8617603
895.687177262 5742.8617603
896.282417097 5742.8617603
896.877656931 5742.8617603
897.472896766 5742.8617603
898.0681366 5742.8617603
898.663376435 5742.8617603
899.258616269 5742.8617603
899.853856103 5742.8617603
900.449095938 5742.8617603
901.044335772 5742.8617603
901.639575607 5742.8617603
902.234815441 5742.8617603
902.830055276 5742.8617603
903.42529511 5742.8617603
904.020534945 5742.8617603
904.615774779 5742.8617603
905.211014614 5742.8617603
905.806254448 5742.8617603
906.401494283 5742.8617603
906.996734117 5742.8617603
907.591973952 5742.8617603
908.187213786 5742.8617603
908.782453621 5742.8617603
909.377693455 5742.8617603
909.97293329 5742.8617603
910.568173124 5742.8617603
911.163412958 5742.8617603
911.758652793 5742.8617603
912.353892627 5742.8617603
912.949132462 5742.8617603
913.544372296 5742.8617603
914.139612131 5742.8617603
914.734851965 5324.96403857
915.3300918 5324.96403857
915.925331634 5324.96403857
916.520571469 5324.96403857
917.115811303 5324.96403857
917.711051138 5324.96403857
918.306290972 5324.96403857
918.901530807 5324.96403857
919.496770641 5324.96403857
920.092010476 5324.96403857
920.68725031 5324.96403857
921.282490144 5324.96403857
921.877729979 5324.96403857
922.472969813 5324.96403857
923.068209648 5324.96403857
923.663449482 5324.96403857
924.258689317 5324.96403857
924.853929151 5324.96403857
925.449168986 5324.96403857
926.04440882 5324.96403857
926.639648655 5324.96403857
927.234888489 5324.96403857
927.830128324 5324.96403857
928.425368158 5324.96403857
929.020607993 5324.96403857
929.615847827 5324.96403857
930.211087662 5324.96403857
930.806327496 5324.96403857
931.401567331 5324.96403857
931.996807165 5324.96403857
932.592046999 5324.96403857
933.187286834 5324.96403857
933.782526668 5324.96403857
934.377766503 5324.96403857
934.973006337 5324.96403857
935.568246172 5324.96403857
936.163486006 5324.96403857
936.758725841 5324.96403857
937.353965675 5324.96403857
937.94920551 5324.96403857
938.544445344 5324.96403857
939.139685179 5324.96403857
939.734925013 5324.96403857
940.330164848 5324.96403857
940.925404682 5324.96403857
941.520644517 5324.96403857
942.115884351 5324.96403857
942.711124185 5324.96403857
943.30636402 5324.96403857
943.901603854 5324.96403857
944.496843689 5324.96403857
945.092083523 5324.96403857
945.687323358 5324.96403857
946.282563192 5324.96403857
946.877803027 5324.96403857
947.473042861 5324.96403857
948.068282696 5324.96403857
948.66352253 5324.96403857
949.258762365 5324.96403857
949.854002199 5324.96403857
950.449242034 5324.96403857
951.044481868 5324.96403857
951.639721703 5324.96403857
952.234961537 5324.96403857
952.830201372 5324.96403857
953.425441206 5324.96403857
954.02068104 5324.96403857
954.615920875 5324.96403857
955.211160709 5324.96403857
955.806400544 5324.96403857
956.401640378 5324.96403857
956.996880213 5324.96403857
957.592120047 5324.96403857
958.187359882 5324.96403857
958.782599716 5324.96403857
959.377839551 5324.96403857
959.973079385 5324.96403857
960.56831922 5324.96403857
961.163559054 5324.96403857
961.758798889 5324.96403857
962.354038723 5324.96403857
962.949278558 5324.96403857
963.544518392 5324.96403857
964.139758227 5324.96403857
964.734998061 5324.96403857
965.330237895 5324.96403857
965.92547773 5324.96403857
966.520717564 5324.96403857
967.115957399 5324.96403857
967.711197233 5324.96403857
968.306437068 5324.96403857
968.901676902 5324.96403857
969.496916737 5324.96403857
970.092156571 5324.96403857
970.687396406 5324.96403857
971.28263624 5324.96403857
971.877876075 5324.96403857
972.473115909 5324.96403857
973.068355744 5324.96403857
973.663595578 5324.96403857
974.258835413 5324.96403857
974.854075247 5324.96403857
975.449315081 5324.96403857
976.044554916 5324.96403857
976.63979475 5324.96403857
977.235034585 5324.96403857
977.830274419 5324.96403857
978.425514254 5324.96403857
979.020754088 5324.96403857
979.615993923 5324.96403857
980.211233757 5324.96403857
980.806473592 5324.96403857
981.401713426 5324.96403857
981.996953261 5324.96403857
982.592193095 5324.96403857
983.18743293 5324.96403857
983.782672764 5324.96403857
984.377912599 5324.96403857
984.973152433 5324.96403857
985.568392268 5324.96403857
986.163632102 5324.96403857
986.758871936 5324.96403857
987.354111771 5324.96403857
987.949351605 5324.96403857
988.54459144 5324.96403857
989.139831274 5324.96403857
989.735071109 5324.96403857
990.330310943 5324.96403857
990.925550778 5324.96403857
991.520790612 5324.96403857
992.116030447 5324.96403857
992.711270281 5324.96403857
993.306510116 5324.96403857
993.90174995 5324.96403857
994.496989785 5324.96403857
995.092229619 5324.96403857
995.687469454 5324.96403857
996.282709288 5324.96403857
996.877949123 5324.96403857
997.473188957 5324.96403857
998.068428791 5324.96403857
998.663668626 5324.96403857
999.25890846 5324.96403857
999.854148295 5324.96403857
1000.44938813 5324.96403857
1001.04462796 5324.96403857
1001.6398678 5324.96403857
1002.23510763 5324.96403857
1002.83034747 5324.96403857
1003.4255873 5324.96403857
1004.02082714 5324.96403857
1004.61606697 5324.96403857
1005.21130681 5324.96403857
1005.80654664 5324.96403857
1006.40178647 5324.96403857
1006.99702631 5324.96403857
1007.59226614 5324.96403857
1008.18750598 5324.96403857
1008.78274581 5324.96403857
1009.37798565 5324.96403857
1009.97322548 5324.96403857
1010.56846532 5324.96403857
1011.16370515 5324.96403857
1011.75894498 5324.96403857
1012.35418482 5324.96403857
1012.94942465 5324.96403857
1013.54466449 5324.96403857
1014.13990432 5324.96403857
1014.73514416 5324.96403857
1015.33038399 5324.96403857
1015.92562383 5324.96403857
1016.52086366 5324.96403857
1017.11610349 5324.96403857
1017.71134333 5324.96403857
1018.30658316 5324.96403857
1018.901823 5324.96403857
1019.49706283 5324.96403857
1020.09230267 5324.96403857
1020.6875425 5324.96403857
1021.28278234 5324.96403857
1021.87802217 5324.96403857
1022.473262 5324.96403857
1023.06850184 5324.96403857
1023.66374167 5324.96403857
1024.25898151 5324.96403857
1024.85422134 5324.96403857
1025.44946118 5324.96403857
1026.04470101 5324.96403857
1026.63994085 5324.96403857
1027.23518068 5324.96403857
1027.83042052 5324.96403857
1028.42566035 5324.96403857
1029.02090018 5324.96403857
1029.61614002 5324.96403857
1030.21137985 5324.96403857
1030.80661969 5324.96403857
1031.40185952 5324.96403857
1031.99709936 5324.96403857
1032.59233919 5324.96403857
1033.18757903 5324.96403857
1033.78281886 5324.96403857
1034.37805869 5324.96403857
1034.97329853 5324.96403857
1035.56853836 5324.96403857
1036.1637782 5324.96403857
1036.75901803 5324.96403857
1037.35425787 5324.96403857
1037.9494977 5324.96403857
1038.54473754 5324.96403857
1039.13997737 5324.96403857
1039.7352172 5324.96403857
1040.33045704 5324.96403857
1040.92569687 5324.96403857
1041.52093671 5324.96403857
1042.11617654 5324.96403857
1042.71141638 5324.96403857
1043.30665621 5324.96403857
1043.90189605 5324.96403857
1044.49713588 5324.96403857
1045.09237571 5324.96403857
1045.68761555 5324.96403857
1046.28285538 5324.96403857
1046.87809522 5324.96403857
1047.47333505 5324.96403857
1048.06857489 5324.96403857
1048.66381472 5324.96403857
1049.25905456 5324.96403857
1049.85429439 5324.96403857
1050.44953423 5324.96403857
1051.04477406 5324.96403857
1051.64001389 5324.96403857
1052.23525373 5324.96403857
1052.83049356 5324.96403857
1053.4257334 5324.96403857
1054.02097323 5324.96403857
1054.61621307 5324.96403857
1055.2114529 5324.96403857
1055.80669274 5324.96403857
1056.40193257 5324.96403857
1056.9971724 5324.96403857
1057.59241224 5324.96403857
1058.18765207 5324.96403857
1058.78289191 5324.96403857
1059.37813174 5324.96403857
1059.97337158 5324.96403857
1060.56861141 5324.96403857
1061.16385125 5324.96403857
1061.75909108 5324.96403857
1062.35433091 5324.96403857
1062.94957075 5324.96403857
1063.54481058 5324.96403857
1064.14005042 5324.96403857
1064.73529025 5324.96403857
1065.33053009 5324.96403857
1065.92576992 5324.96403857
1066.52100976 5324.96403857
1067.11624959 5324.96403857
1067.71148942 5324.96403857
1068.30672926 5324.96403857
1068.90196909 5324.96403857
1069.49720893 5324.96403857
1070.09244876 5324.96403857
1070.6876886 5324.96403857
1071.28292843 5324.96403857
1071.87816827 5324.96403857
1072.4734081 5324.96403857
1073.06864794 5324.96403857
1073.66388777 5324.96403857
1074.2591276 5324.96403857
1074.85436744 5324.96403857
1075.44960727 5324.96403857
1076.04484711 5324.96403857
1076.64008694 5324.96403857
1077.23532678 5324.96403857
1077.83056661 5324.96403857
1078.42580645 5324.96403857
1079.02104628 5324.96403857
1079.61628611 5324.96403857
1080.21152595 5324.96403857
1080.80676578 5324.96403857
1081.40200562 5324.96403857
1081.99724545 5324.96403857
1082.59248529 5324.96403857
1083.18772512 5324.96403857
1083.78296496 5324.96403857
1084.37820479 5324.96403857
1084.97344462 5324.96403857
1085.56868446 5324.96403857
1086.16392429 5324.96403857
1086.75916413 5324.96403857
1087.35440396 5324.96403857
1087.9496438 5324.96403857
1088.54488363 5324.96403857
1089.14012347 5324.96403857
1089.7353633 5324.96403857
1090.33060313 5324.96403857
1090.92584297 5324.96403857
1091.5210828 5324.96403857
1092.11632264 5324.96403857
1092.71156247 5324.96403857
1093.30680231 5324.96403857
1093.90204214 5324.96403857
1094.49728198 5324.96403857
1095.09252181 5324.96403857
1095.68776164 5324.96403857
1096.28300148 5324.96403857
1096.87824131 5324.96403857
1097.47348115 5324.96403857
1098.06872098 5324.96403857
1098.66396082 5324.96403857
1099.25920065 5324.96403857
1099.85444049 5324.96403857
1100.44968032 5324.96403857
1101.04492016 5324.96403857
1101.64015999 5324.96403857
1102.23539982 5324.96403857
1102.83063966 5324.96403857
1103.42587949 5324.96403857
1104.02111933 5324.96403857
1104.61635916 5324.96403857
1105.211599 5324.96403857
1105.80683883 5324.96403857
1106.40207867 5324.96403857
1106.9973185 5324.96403857
1107.59255833 5324.96403857
1108.18779817 5324.96403857
1108.783038 5324.96403857
1109.37827784 5324.96403857
1109.97351767 5324.96403857
1110.56875751 5324.96403857
1111.16399734 5324.96403857
1111.75923718 5324.96403857
1112.35447701 5324.96403857
1112.94971684 5324.96403857
1113.54495668 5324.96403857
1114.14019651 5324.96403857
1114.73543635 5324.96403857
1115.33067618 5324.96403857
1115.92591602 5324.96403857
1116.52115585 5324.96403857
1117.11639569 5324.96403857
1117.71163552 5324.96403857
1118.30687535 5324.96403857
1118.90211519 5324.96403857
1119.49735502 5324.96403857
1120.09259486 5324.96403857
1120.68783469 5324.96403857
1121.28307453 5324.96403857
1121.87831436 5324.96403857
1122.4735542 5324.96403857
1123.06879403 5324.96403857
1123.66403387 5324.96403857
1124.2592737 5324.96403857
1124.85451353 5324.96403857
1125.44975337 5324.96403857
1126.0449932 5324.96403857
1126.64023304 5324.96403857
1127.23547287 5324.96403857
1127.83071271 5324.96403857
1128.42595254 5324.96403857
1129.02119238 5324.96403857
1129.61643221 5324.96403857
1130.21167204 5324.96403857
1130.80691188 5324.96403857
1131.40215171 5324.96403857
1131.99739155 5324.96403857
1132.59263138 5324.96403857
1133.18787122 5324.96403857
1133.78311105 5324.96403857
1134.37835089 5324.96403857
1134.97359072 5324.96403857
1135.56883055 5324.96403857
1136.16407039 5324.96403857
1136.75931022 5324.96403857
1137.35455006 5324.96403857
1137.94978989 5324.96403857
1138.54502973 5324.96403857
1139.14026956 5324.96403857
1139.7355094 5324.96403857
1140.33074923 5324.96403857
1140.92598906 5324.96403857
1141.5212289 5324.96403857
1142.11646873 5324.96403857
1142.71170857 5324.96403857
1143.3069484 5324.96403857
1143.90218824 5324.96403857
1144.49742807 5324.96403857
1145.09266791 5324.96403857
1145.68790774 5324.96403857
1146.28314758 5324.96403857
1146.87838741 5324.96403857
1147.47362724 5324.96403857
1148.06886708 5324.96403857
1148.66410691 5324.96403857
1149.25934675 5324.96403857
1149.85458658 5324.96403857
1150.44982642 5324.96403857
1151.04506625 5324.96403857
1151.64030609 5324.96403857
1152.23554592 5324.96403857
1152.83078575 5324.96403857
1153.42602559 5324.96403857
1154.02126542 5324.96403857
1154.61650526 5324.96403857
1155.21174509 5324.96403857
1155.80698493 5324.96403857
1156.40222476 5324.96403857
1156.9974646 5324.96403857
1157.59270443 5324.96403857
1158.18794426 5324.96403857
1158.7831841 5324.96403857
1159.37842393 5324.96403857
1159.97366377 5324.96403857
1160.5689036 5324.96403857
1161.16414344 5324.96403857
1161.75938327 5324.96403857
1162.35462311 5324.96403857
1162.94986294 5324.96403857
1163.54510277 5324.96403857
1164.14034261 5324.96403857
1164.73558244 5324.96403857
1165.33082228 5324.96403857
1165.92606211 5324.96403857
1166.52130195 5324.96403857
1167.11654178 5324.96403857
1167.71178162 5324.96403857
1168.30702145 5324.96403857
1168.90226129 5324.96403857
1169.49750112 5324.96403857
1170.09274095 5324.96403857
1170.68798079 5324.96403857
1171.28322062 5324.96403857
1171.87846046 5324.96403857
1172.47370029 5324.96403857
1173.06894013 5324.96403857
1173.66417996 5324.96403857
1174.2594198 5324.96403857
1174.85465963 5324.96403857
1175.44989946 5324.96403857
1176.0451393 5324.96403857
1176.64037913 5324.96403857
1177.23561897 5324.96403857
1177.8308588 5324.96403857
1178.42609864 5324.96403857
1179.02133847 5324.96403857
1179.61657831 5324.96403857
1180.21181814 5324.96403857
1180.80705797 5324.96403857
1181.40229781 5324.96403857
1181.99753764 5324.96403857
1182.59277748 5324.96403857
1183.18801731 5324.96403857
1183.78325715 5324.96403857
1184.37849698 5324.96403857
1184.97373682 5324.96403857
1185.56897665 5324.96403857
1186.16421648 5324.96403857
1186.75945632 5324.96403857
1187.35469615 5324.96403857
1187.94993599 5324.96403857
1188.54517582 5324.96403857
1189.14041566 5324.96403857
1189.73565549 5324.96403857
1190.33089533 5324.96403857
1190.92613516 5324.96403857
1191.521375 5324.96403857
1192.11661483 5324.96403857
1192.71185466 5324.96403857
1193.3070945 5324.96403857
1193.90233433 5324.96403857
1194.49757417 5324.96403857
1195.092814 5324.96403857
1195.68805384 5324.96403857
1196.28329367 5324.96403857
1196.87853351 5324.96403857
1197.47377334 5324.96403857
1198.06901317 5324.96403857
1198.66425301 5324.96403857
1199.25949284 5324.96403857
1199.85473268 5324.96403857
1200.44997251 5324.96403857
1201.04521235 5324.96403857
1201.64045218 5324.96403857
1202.23569202 5324.96403857
1202.83093185 5324.96403857
1203.42617168 5324.96403857
1204.02141152 5324.96403857
1204.61665135 5324.96403857
1205.21189119 5324.96403857
1205.80713102 5324.96403857
1206.40237086 5324.96403857
1206.99761069 5324.96403857
1207.59285053 5324.96403857
1208.18809036 5324.96403857
1208.78333019 5324.96403857
1209.37857003 5324.96403857
1209.97380986 5324.96403857
1210.5690497 5324.96403857
1211.16428953 5324.96403857
1211.75952937 5324.96403857
1212.3547692 5324.96403857
1212.95000904 5324.96403857
1213.54524887 5324.96403857
1214.14048871 5324.96403857
1214.73572854 5324.96403857
1215.33096837 5324.96403857
1215.92620821 5324.96403857
1216.52144804 5324.96403857
1217.11668788 5324.96403857
1217.71192771 5324.96403857
1218.30716755 5324.96403857
1218.90240738 5324.96403857
