0.446466215283 4945.35238124
1.04170604976 4945.35238124
1.63694588423 4945.35238124
2.2321857187 4945.35238124
2.82742555317 4945.35238124
3.42266538765 4945.35238124
4.01790522212 4945.35238124
4.61314505659 4945.35238124
5.20838489106 4945.35238124
5.80362472554 4945.35238124
6.39886456001 4945.35238124
6.99410439448 4945.35238124
7.58934422895 4945.35238124
8.18458406343 4945.35238124
8.7798238979 4945.35238124
9.37506373237 4945.35238124
9.97030356685 4945.35238124
10.5655434013 4945.35238124
11.1607832358 4945.35238124
11.7560230703 4945.35238124
12.3512629047 4945.35238124
12.9465027392 4945.35238124
13.5417425737 4945.35238124
14.1369824082 4945.35238124
14.7322222426 4945.35238124
15.3274620771 4945.35238124
15.9227019116 4945.35238124
16.517941746 4945.35238124
17.1131815805 4945.35238124
17.708421415 4945.35238124
18.3036612495 4945.35238124
18.8989010839 4945.35238124
19.4941409184 4945.35238124
20.0893807529 4945.35238124
20.6846205874 4945.35238124
21.2798604218 4945.35238124
21.8751002563 4945.35238124
22.4703400908 4945.35238124
23.0655799252 4945.35238124
23.6608197597 4945.35238124
24.2560595942 4945.35238124
24.8512994287 4945.35238124
25.4465392631 4945.35238124
26.0417790976 4945.35238124
26.6370189321 4945.35238124
27.2322587666 4945.35238124
27.827498601 4945.35238124
28.4227384355 4945.35238124
29.01797827 4945.35238124
29.6132181044 4945.35238124
30.2084579389 4945.35238124
30.8036977734 4945.35238124
31.3989376079 4945.35238124
31.9941774423 4945.35238124
32.5894172768 4945.35238124
33.1846571113 4945.35238124
33.7798969458 4945.35238124
34.3751367802 4945.35238124
34.9703766147 4945.35238124
35.5656164492 4945.35238124
36.1608562836 4945.35238124
36.7560961181 4945.35238124
37.3513359526 4945.35238124
37.9465757871 4945.35238124
38.5418156215 4945.35238124
39.137055456 4945.35238124
39.7322952905 4945.35238124
40.327535125 4945.35238124
40.9227749594 4945.35238124
41.5180147939 4945.35238124
42.1132546284 4945.35238124
42.7084944628 4945.35238124
43.3037342973 4945.35238124
43.8989741318 4945.35238124
44.4942139663 4945.35238124
45.0894538007 4945.35238124
45.6846936352 4945.35238124
46.2799334697 4945.35238124
46.8751733041 4945.35238124
47.4704131386 4945.35238124
48.0656529731 4945.35238124
48.6608928076 4945.35238124
49.256132642 4945.35238124
49.8513724765 4945.35238124
50.446612311 4945.35238124
51.0418521455 4945.35238124
51.6370919799 4945.35238124
52.2323318144 4945.35238124
52.8275716489 4945.35238124
53.4228114833 4945.35238124
54.0180513178 4945.35238124
54.6132911523 4945.35238124
55.2085309868 4945.35238124
55.8037708212 4945.35238124
56.3990106557 4945.35238124
56.9942504902 4945.35238124
57.5894903247 4945.35238124
58.1847301591 4945.35238124
58.7799699936 4945.35238124
59.3752098281 4945.35238124
59.9704496625 4945.35238124
60.565689497 4945.35238124
61.1609293315 4945.35238124
61.756169166 4945.35238124
62.3514090004 4945.35238124
62.9466488349 4945.35238124
63.5418886694 4945.35238124
64.1371285039 4945.35238124
64.7323683383 4945.35238124
65.3276081728 4945.35238124
65.9228480073 4945.35238124
66.5180878417 4945.35238124
67.1133276762 4945.35238124
67.7085675107 4945.35238124
68.3038073452 4945.35238124
68.8990471796 4945.35238124
69.4942870141 4945.35238124
70.0895268486 4945.35238124
70.6847666831 4945.35238124
71.2800065175 4945.35238124
71.875246352 4945.35238124
72.4704861865 4945.35238124
73.0657260209 4945.35238124
73.6609658554 4945.35238124
74.2562056899 4945.35238124
74.8514455244 4945.35238124
75.4466853588 4945.35238124
76.0419251933 4945.35238124
76.6371650278 4945.35238124
77.2324048623 4945.35238124
77.8276446967 4945.35238124
78.4228845312 4945.35238124
79.0181243657 4945.35238124
79.6133642001 4945.35238124
80.2086040346 4945.35238124
80.8038438691 4945.35238124
81.3990837036 4945.35238124
81.994323538 4945.35238124
82.5895633725 4945.35238124
83.184803207 4945.35238124
83.7800430415 4945.35238124
84.3752828759 4945.35238124
84.9705227104 4945.35238124
85.5657625449 4945.35238124
86.1610023793 4945.35238124
86.7562422138 4945.35238124
87.3514820483 4945.35238124
87.9467218828 4945.35238124
88.5419617172 4945.35238124
89.1372015517 4945.35238124
89.7324413862 4945.35238124
90.3276812207 4945.35238124
90.9229210551 4945.35238124
91.5181608896 4945.35238124
92.1134007241 4945.35238124
92.7086405585 4945.35238124
93.303880393 4945.35238124
93.8991202275 4945.35238124
94.494360062 4945.35238124
95.0895998964 4945.35238124
95.6848397309 4945.35238124
96.2800795654 4945.35238124
96.8753193999 4945.35238124
97.4705592343 4945.35238124
98.0657990688 4945.35238124
98.6610389033 4945.35238124
99.2562787377 4945.35238124
99.8515185722 4945.35238124
100.446758407 4945.35238124
101.041998241 4945.35238124
101.637238076 4945.35238124
102.23247791 4945.35238124
102.827717745 4945.35238124
103.422957579 4945.35238124
104.018197414 4945.35238124
104.613437248 4945.35238124
105.208677082 4945.35238124
105.803916917 4945.35238124
106.399156751 4945.35238124
106.994396586 4945.35238124
107.58963642 4945.35238124
108.184876255 4945.35238124
108.780116089 4945.35238124
109.375355924 4945.35238124
109.970595758 4945.35238124
110.565835593 4945.35238124
111.161075427 4945.35238124
111.756315262 4945.35238124
112.351555096 4945.35238124
112.946794931 4945.35238124
113.542034765 4945.35238124
114.1372746 4945.35238124
114.732514434 4945.35238124
115.327754269 4945.35238124
115.922994103 4945.35238124
116.518233937 4945.35238124
117.113473772 4945.35238124
117.708713606 4945.35238124
118.303953441 4945.35238124
118.899193275 4945.35238124
119.49443311 4945.35238124
120.089672944 4945.35238124
120.684912779 4945.35238124
121.280152613 4945.35238124
121.875392448 4945.35238124
122.470632282 4945.35238124
123.065872117 4945.35238124
123.661111951 4945.35238124
124.256351786 4945.35238124
124.85159162 4945.35238124
125.446831455 4945.35238124
126.042071289 4945.35238124
126.637311123 4945.35238124
127.232550958 4945.35238124
127.827790792 4945.35238124
128.423030627 4945.35238124
129.018270461 4945.35238124
129.613510296 4945.35238124
130.20875013 4945.35238124
130.803989965 4945.35238124
131.399229799 4945.35238124
131.994469634 4945.35238124
132.589709468 4945.35238124
133.184949303 4945.35238124
133.780189137 4945.35238124
134.375428972 4945.35238124
134.970668806 4945.35238124
135.565908641 4945.35238124
136.161148475 4945.35238124
136.75638831 4945.35238124
137.351628144 4945.35238124
137.946867978 4945.35238124
138.542107813 4945.35238124
139.137347647 4945.35238124
139.732587482 4945.35238124
140.327827316 4945.35238124
140.923067151 4945.35238124
141.518306985 4945.35238124
142.11354682 4945.35238124
142.708786654 4945.35238124
143.304026489 4945.35238124
143.899266323 4945.35238124
144.494506158 4945.35238124
145.089745992 4945.35238124
145.684985827 4945.35238124
146.280225661 4945.35238124
146.875465496 4945.35238124
147.47070533 4945.35238124
148.065945165 4945.35238124
148.661184999 4945.35238124
149.256424833 4945.35238124
149.851664668 4945.35238124
150.446904502 4945.35238124
151.042144337 4945.35238124
151.637384171 4945.35238124
152.232624006 4945.35238124
152.82786384 4945.35238124
153.423103675 4945.35238124
154.018343509 4945.35238124
154.613583344 4945.35238124
155.208823178 4945.35238124
155.804063013 4945.35238124
156.399302847 4945.35238124
156.994542682 4945.35238124
157.589782516 4945.35238124
158.185022351 4945.35238124
158.780262185 4945.35238124
159.375502019 4945.35238124
159.970741854 4945.35238124
160.565981688 4945.35238124
161.161221523 4945.35238124
161.756461357 4945.35238124
162.351701192 4945.35238124
162.946941026 4945.35238124
163.542180861 4945.35238124
164.137420695 4945.35238124
164.73266053 4945.35238124
165.327900364 4945.35238124
165.923140199 4945.35238124
166.518380033 4945.35238124
167.113619868 4945.35238124
167.708859702 4945.35238124
168.304099537 4945.35238124
168.899339371 4945.35238124
169.494579206 4945.35238124
170.08981904 4945.35238124
170.685058874 4945.35238124
171.280298709 4945.35238124
171.875538543 4945.35238124
172.470778378 4945.35238124
173.066018212 4945.35238124
173.661258047 4945.35238124
174.256497881 4945.35238124
174.851737716 4945.35238124
175.44697755 4945.35238124
176.042217385 4945.35238124
176.637457219 4945.35238124
177.232697054 4945.35238124
177.827936888 4945.35238124
178.423176723 4945.35238124
179.018416557 4945.35238124
179.613656392 4945.35238124
180.208896226 4945.35238124
180.80413606 4945.35238124
181.399375895 4945.35238124
181.994615729 4945.35238124
182.589855564 4945.35238124
183.185095398 4945.35238124
183.780335233 4945.35238124
184.375575067 4945.35238124
184.970814902 4945.35238124
185.566054736 4945.35238124
186.161294571 4945.35238124
186.756534405 4945.35238124
187.35177424 4945.35238124
187.947014074 4945.35238124
188.542253909 4945.35238124
189.137493743 4945.35238124
189.732733578 4945.35238124
190.327973412 4945.35238124
190.923213247 4945.35238124
191.518453081 4945.35238124
192.113692915 4945.35238124
192.70893275 4945.35238124
193.304172584 4945.35238124
193.899412419 4945.35238124
194.494652253 4945.35238124
195.089892088 4945.35238124
195.685131922 4945.35238124
196.280371757 4945.35238124
196.875611591 4945.35238124
197.470851426 4945.35238124
198.06609126 4945.35238124
198.661331095 4945.35238124
199.256570929 4945.35238124
199.851810764 4945.35238124
200.447050598 4945.35238124
201.042290433 4945.35238124
201.637530267 4945.35238124
202.232770102 4945.35238124
202.828009936 4945.35238124
203.42324977 4945.35238124
204.018489605 4945.35238124
204.613729439 4945.35238124
205.208969274 4945.35238124
205.804209108 4945.35238124
206.399448943 4945.35238124
206.994688777 4945.35238124
207.589928612 4945.35238124
208.185168446 4945.35238124
208.780408281 4945.35238124
209.375648115 4945.35238124
209.97088795 4945.35238124
210.566127784 4945.35238124
211.161367619 4945.35238124
211.756607453 4945.35238124
212.351847288 4945.35238124
212.947087122 4945.35238124
213.542326956 4945.35238124
214.137566791 4945.35238124
214.732806625 4945.35238124
215.32804646 4945.35238124
215.923286294 4945.35238124
216.518526129 4945.35238124
217.113765963 4945.35238124
217.709005798 4945.35238124
218.304245632 4945.35238124
218.899485467 4945.35238124
219.494725301 4945.35238124
220.089965136 4945.35238124
220.68520497 4945.35238124
221.280444805 4945.35238124
221.875684639 4945.35238124
222.470924474 4945.35238124
223.066164308 4945.35238124
223.661404143 4945.35238124
224.256643977 4945.35238124
224.851883811 4945.35238124
225.447123646 4945.35238124
226.04236348 4945.35238124
226.637603315 4945.35238124
227.232843149 4945.35238124
227.828082984 4945.35238124
228.423322818 4945.35238124
229.018562653 4945.35238124
229.613802487 4945.35238124
230.209042322 4945.35238124
230.804282156 4945.35238124
231.399521991 4945.35238124
231.994761825 4945.35238124
232.59000166 4945.35238124
233.185241494 4945.35238124
233.780481329 4945.35238124
234.375721163 4945.35238124
234.970960998 4945.35238124
235.566200832 4945.35238124
236.161440666 4945.35238124
236.756680501 4945.35238124
237.351920335 4945.35238124
237.94716017 4945.35238124
238.542400004 4945.35238124
239.137639839 4945.35238124
239.732879673 4945.35238124
240.328119508 4945.35238124
240.923359342 4945.35238124
241.518599177 4945.35238124
242.113839011 4945.35238124
242.709078846 4945.35238124
243.30431868 4945.35238124
243.899558515 4945.35238124
244.494798349 4945.35238124
245.090038184 4945.35238124
245.685278018 4945.35238124
246.280517852 4945.35238124
246.875757687 4945.35238124
247.470997521 4945.35238124
248.066237356 4945.35238124
248.66147719 4945.35238124
249.256717025 4945.35238124
249.851956859 4945.35238124
250.447196694 4945.35238124
251.042436528 4945.35238124
251.637676363 4945.35238124
252.232916197 4945.35238124
252.828156032 4945.35238124
253.423395866 4945.35238124
254.018635701 4945.35238124
254.613875535 4945.35238124
255.20911537 4945.35238124
255.804355204 4945.35238124
256.399595039 4945.35238124
256.994834873 4945.35238124
257.590074707 4945.35238124
258.185314542 4945.35238124
258.780554376 4945.35238124
259.375794211 4945.35238124
259.971034045 4945.35238124
260.56627388 4945.35238124
261.161513714 4945.35238124
261.756753549 4945.35238124
262.351993383 4945.35238124
262.947233218 4945.35238124
263.542473052 4945.35238124
264.137712887 4945.35238124
264.732952721 4945.35238124
265.328192556 4945.35238124
265.92343239 4945.35238124
266.518672225 4945.35238124
267.113912059 4945.35238124
267.709151894 4945.35238124
268.304391728 4945.35238124
268.899631562 4945.35238124
269.494871397 4945.35238124
270.090111231 4945.35238124
270.685351066 4945.35238124
271.2805909 4945.35238124
271.875830735 4945.35238124
272.471070569 4945.35238124
273.066310404 4945.35238124
273.661550238 4945.35238124
274.256790073 4945.35238124
274.852029907 4945.35238124
275.447269742 4945.35238124
276.042509576 4945.35238124
276.637749411 4945.35238124
277.232989245 4945.35238124
277.82822908 4945.35238124
278.423468914 4945.35238124
279.018708748 4945.35238124
279.613948583 4945.35238124
280.209188417 4945.35238124
280.804428252 4945.35238124
281.399668086 4945.35238124
281.994907921 4945.35238124
282.590147755 4945.35238124
283.18538759 4945.35238124
283.780627424 4945.35238124
284.375867259 4945.35238124
284.971107093 4945.35238124
285.566346928 4945.35238124
286.161586762 4945.35238124
286.756826597 4945.35238124
287.352066431 4945.35238124
287.947306266 4945.35238124
288.5425461 4945.35238124
289.137785935 4945.35238124
289.733025769 4945.35238124
290.328265603 4945.35238124
290.923505438 4945.35238124
291.518745272 4945.35238124
292.113985107 4945.35238124
292.709224941 4945.35238124
293.304464776 4945.35238124
293.89970461 4945.35238124
294.494944445 4945.35238124
295.090184279 4945.35238124
295.685424114 4945.35238124
296.280663948 4945.35238124
296.875903783 4945.35238124
297.471143617 4945.35238124
298.066383452 4945.35238124
298.661623286 4945.35238124
299.256863121 4945.35238124
299.852102955 4945.35238124
300.44734279 4945.35238124
301.042582624 4945.35238124
301.637822458 4945.35238124
302.233062293 4945.35238124
302.828302127 4945.35238124
303.423541962 4945.35238124
304.018781796 4945.35238124
304.614021631 4945.35238124
305.209261465 5119.42537415
305.8045013 5119.42537415
306.399741134 5119.42537415
306.994980969 5119.42537415
307.590220803 5119.42537415
308.185460638 5119.42537415
308.780700472 5119.42537415
309.375940307 5119.42537415
309.971180141 5119.42537415
310.566419976 5119.42537415
311.16165981 5119.42537415
311.756899644 5119.42537415
312.352139479 5119.42537415
312.947379313 5119.42537415
313.542619148 5119.42537415
314.137858982 5119.42537415
314.733098817 5119.42537415
315.328338651 5119.42537415
315.923578486 5119.42537415
316.51881832 5119.42537415
317.114058155 5119.42537415
317.709297989 5119.42537415
318.304537824 5119.42537415
318.899777658 5119.42537415
319.495017493 5119.42537415
320.090257327 5119.42537415
320.685497162 5119.42537415
321.280736996 5119.42537415
321.875976831 5119.42537415
322.471216665 5119.42537415
323.066456499 5119.42537415
323.661696334 5119.42537415
324.256936168 5119.42537415
324.852176003 5119.42537415
325.447415837 5119.42537415
326.042655672 5119.42537415
326.637895506 5119.42537415
327.233135341 5119.42537415
327.828375175 5119.42537415
328.42361501 5119.42537415
329.018854844 5119.42537415
329.614094679 5119.42537415
330.209334513 5119.42537415
330.804574348 5119.42537415
331.399814182 5119.42537415
331.995054017 5119.42537415
332.590293851 5119.42537415
333.185533685 5119.42537415
333.78077352 5119.42537415
334.376013354 5119.42537415
334.971253189 5119.42537415
335.566493023 5119.42537415
336.161732858 5119.42537415
336.756972692 5119.42537415
337.352212527 5119.42537415
337.947452361 5119.42537415
338.542692196 5119.42537415
339.13793203 5119.42537415
339.733171865 5119.42537415
340.328411699 5119.42537415
340.923651534 5119.42537415
341.518891368 5119.42537415
342.114131203 5119.42537415
342.709371037 5119.42537415
343.304610872 5119.42537415
343.899850706 5119.42537415
344.49509054 5119.42537415
345.090330375 5119.42537415
345.685570209 5119.42537415
346.280810044 5119.42537415
346.876049878 5119.42537415
347.471289713 5119.42537415
348.066529547 5119.42537415
348.661769382 5119.42537415
349.257009216 5119.42537415
349.852249051 5119.42537415
350.447488885 5119.42537415
351.04272872 5119.42537415
351.637968554 5119.42537415
352.233208389 5119.42537415
352.828448223 5119.42537415
353.423688058 5119.42537415
354.018927892 5119.42537415
354.614167727 5119.42537415
355.209407561 5119.42537415
355.804647395 5119.42537415
356.39988723 5119.42537415
356.995127064 5119.42537415
357.590366899 5119.42537415
358.185606733 5119.42537415
358.780846568 5119.42537415
359.376086402 5119.42537415
359.971326237 5119.42537415
360.566566071 5119.42537415
361.161805906 5119.42537415
361.75704574 5119.42537415
362.352285575 5119.42537415
362.947525409 5119.42537415
363.542765244 5119.42537415
364.138005078 5119.42537415
364.733244913 5119.42537415
365.328484747 5119.42537415
365.923724581 5119.42537415
366.518964416 5119.42537415
367.11420425 5119.42537415
367.709444085 5119.42537415
368.304683919 5119.42537415
368.899923754 5119.42537415
369.495163588 5119.42537415
370.090403423 5119.42537415
370.685643257 5119.42537415
371.280883092 5119.42537415
371.876122926 5119.42537415
372.471362761 5119.42537415
373.066602595 5119.42537415
373.66184243 5119.42537415
374.257082264 5119.42537415
374.852322099 5119.42537415
375.447561933 5119.42537415
376.042801768 5119.42537415
376.638041602 5119.42537415
377.233281436 5119.42537415
377.828521271 5119.42537415
378.423761105 5119.42537415
379.01900094 5119.42537415
379.614240774 5119.42537415
380.209480609 5119.42537415
380.804720443 5119.42537415
381.399960278 5119.42537415
381.995200112 5119.42537415
382.590439947 5119.42537415
383.185679781 5119.42537415
383.780919616 5119.42537415
384.37615945 5119.42537415
384.971399285 5119.42537415
385.566639119 5119.42537415
386.161878954 5119.42537415
386.757118788 5119.42537415
387.352358623 5119.42537415
387.947598457 5119.42537415
388.542838291 5119.42537415
389.138078126 5119.42537415
389.73331796 5119.42537415
390.328557795 5119.42537415
390.923797629 5119.42537415
391.519037464 5119.42537415
392.114277298 5119.42537415
392.709517133 5119.42537415
393.304756967 5119.42537415
393.899996802 5119.42537415
394.495236636 5119.42537415
395.090476471 5119.42537415
395.685716305 5119.42537415
396.28095614 5119.42537415
396.876195974 5119.42537415
397.471435809 5119.42537415
398.066675643 5119.42537415
398.661915477 5119.42537415
399.257155312 5119.42537415
399.852395146 5119.42537415
400.447634981 5119.42537415
401.042874815 5119.42537415
401.63811465 5119.42537415
402.233354484 5119.42537415
402.828594319 5119.42537415
403.423834153 5119.42537415
404.019073988 5119.42537415
404.614313822 5119.42537415
405.209553657 5119.42537415
405.804793491 5119.42537415
406.400033326 5119.42537415
406.99527316 5119.42537415
407.590512995 5119.42537415
408.185752829 5119.42537415
408.780992664 5119.42537415
409.376232498 5119.42537415
409.971472332 5119.42537415
410.566712167 5119.42537415
411.161952001 5119.42537415
411.757191836 5119.42537415
412.35243167 5119.42537415
412.947671505 5119.42537415
413.542911339 5119.42537415
414.138151174 5119.42537415
414.733391008 5119.42537415
415.328630843 5119.42537415
415.923870677 5119.42537415
416.519110512 5119.42537415
417.114350346 5119.42537415
417.709590181 5119.42537415
418.304830015 5119.42537415
418.90006985 5119.42537415
419.495309684 5119.42537415
420.090549519 5119.42537415
420.685789353 5119.42537415
421.281029187 5119.42537415
421.876269022 5119.42537415
422.471508856 5119.42537415
423.066748691 5119.42537415
423.661988525 5119.42537415
424.25722836 5119.42537415
424.852468194 5119.42537415
425.447708029 5119.42537415
426.042947863 5119.42537415
426.638187698 5119.42537415
427.233427532 5119.42537415
427.828667367 5119.42537415
428.423907201 5119.42537415
429.019147036 5119.42537415
429.61438687 5119.42537415
430.209626705 5119.42537415
430.804866539 5119.42537415
431.400106373 5119.42537415
431.995346208 5119.42537415
432.590586042 5119.42537415
433.185825877 5119.42537415
433.781065711 5119.42537415
434.376305546 5119.42537415
434.97154538 5119.42537415
435.566785215 5119.42537415
436.162025049 5119.42537415
436.757264884 5119.42537415
437.352504718 5119.42537415
437.947744553 5119.42537415
438.542984387 5119.42537415
439.138224222 5119.42537415
439.733464056 5119.42537415
440.328703891 5119.42537415
440.923943725 5119.42537415
441.51918356 5119.42537415
442.114423394 5119.42537415
442.709663228 5119.42537415
443.304903063 5119.42537415
443.900142897 5119.42537415
444.495382732 5119.42537415
445.090622566 5119.42537415
445.685862401 5119.42537415
446.281102235 5119.42537415
446.87634207 5119.42537415
447.471581904 5119.42537415
448.066821739 5119.42537415
448.662061573 5119.42537415
449.257301408 5119.42537415
449.852541242 5119.42537415
450.447781077 5119.42537415
451.043020911 5119.42537415
451.638260746 5119.42537415
452.23350058 5119.42537415
452.828740415 5119.42537415
453.423980249 5119.42537415
454.019220083 5119.42537415
454.614459918 5119.42537415
455.209699752 5119.42537415
455.804939587 5119.42537415
456.400179421 5119.42537415
456.995419256 5119.42537415
457.59065909 4853.85163797
458.185898925 4853.85163797
458.781138759 4853.85163797
459.376378594 4853.85163797
459.971618428 4853.85163797
460.566858263 4853.85163797
461.162098097 4853.85163797
461.757337932 4853.85163797
462.352577766 4853.85163797
462.947817601 4853.85163797
463.543057435 4853.85163797
464.138297269 4853.85163797
464.733537104 4853.85163797
465.328776938 4853.85163797
465.924016773 4853.85163797
466.519256607 4853.85163797
467.114496442 4853.85163797
467.709736276 4853.85163797
468.304976111 4853.85163797
468.900215945 4853.85163797
469.49545578 4853.85163797
470.090695614 4853.85163797
470.685935449 4853.85163797
471.281175283 4853.85163797
471.876415118 4853.85163797
472.471654952 4853.85163797
473.066894787 4853.85163797
473.662134621 4853.85163797
474.257374456 4853.85163797
474.85261429 4853.85163797
475.447854124 4853.85163797
476.043093959 4853.85163797
476.638333793 4853.85163797
477.233573628 4853.85163797
477.828813462 4853.85163797
478.424053297 4853.85163797
479.019293131 4853.85163797
479.614532966 4853.85163797
480.2097728 4853.85163797
480.805012635 4853.85163797
481.400252469 4853.85163797
481.995492304 4853.85163797
482.590732138 4853.85163797
483.185971973 4853.85163797
483.781211807 4853.85163797
484.376451642 4853.85163797
484.971691476 4853.85163797
485.56693131 4853.85163797
486.162171145 4853.85163797
486.757410979 4853.85163797
487.352650814 4853.85163797
487.947890648 4853.85163797
488.543130483 4853.85163797
489.138370317 4853.85163797
489.733610152 4853.85163797
490.328849986 4853.85163797
490.924089821 4853.85163797
491.519329655 4853.85163797
492.11456949 4853.85163797
492.709809324 4853.85163797
493.305049159 4853.85163797
493.900288993 4853.85163797
494.495528828 4853.85163797
495.090768662 4853.85163797
495.686008497 4853.85163797
496.281248331 4853.85163797
496.876488165 4853.85163797
497.471728 4853.85163797
498.066967834 4853.85163797
498.662207669 4853.85163797
499.257447503 4853.85163797
499.852687338 4853.85163797
500.447927172 4853.85163797
501.043167007 4853.85163797
501.638406841 4853.85163797
502.233646676 4853.85163797
502.82888651 4853.85163797
503.424126345 4853.85163797
504.019366179 4853.85163797
504.614606014 4853.85163797
505.209845848 4853.85163797
505.805085683 4853.85163797
506.400325517 4853.85163797
506.995565352 4853.85163797
507.590805186 4853.85163797
508.18604502 4853.85163797
508.781284855 4853.85163797
509.376524689 4853.85163797
509.971764524 4853.85163797
510.567004358 4853.85163797
511.162244193 4853.85163797
511.757484027 4853.85163797
512.352723862 4853.85163797
512.947963696 4853.85163797
513.543203531 4853.85163797
514.138443365 4853.85163797
514.7336832 4853.85163797
515.328923034 4853.85163797
515.924162869 4853.85163797
516.519402703 4853.85163797
517.114642538 4853.85163797
517.709882372 4853.85163797
518.305122206 4853.85163797
518.900362041 4853.85163797
519.495601875 4853.85163797
520.09084171 4853.85163797
520.686081544 4853.85163797
521.281321379 4853.85163797
521.876561213 4853.85163797
522.471801048 4853.85163797
523.067040882 4853.85163797
523.662280717 4853.85163797
524.257520551 4853.85163797
524.852760386 4853.85163797
525.44800022 4853.85163797
526.043240055 4853.85163797
526.638479889 4853.85163797
527.233719724 4853.85163797
527.828959558 4853.85163797
528.424199393 4853.85163797
529.019439227 4853.85163797
529.614679061 4853.85163797
530.209918896 4853.85163797
530.80515873 4853.85163797
531.400398565 4853.85163797
531.995638399 4853.85163797
532.590878234 4853.85163797
533.186118068 4853.85163797
533.781357903 5384.99911032
534.376597737 5384.99911032
534.971837572 5384.99911032
535.567077406 5384.99911032
536.162317241 5384.99911032
536.757557075 5384.99911032
537.35279691 5384.99911032
537.948036744 5384.99911032
538.543276579 5384.99911032
539.138516413 5384.99911032
539.733756248 5384.99911032
540.328996082 5384.99911032
540.924235916 5384.99911032
541.519475751 5384.99911032
542.114715585 5384.99911032
542.70995542 5384.99911032
543.305195254 5384.99911032
543.900435089 5384.99911032
544.495674923 5384.99911032
545.090914758 5384.99911032
545.686154592 5384.99911032
546.281394427 5384.99911032
546.876634261 5384.99911032
547.471874096 5384.99911032
548.06711393 5384.99911032
548.662353765 5384.99911032
549.257593599 5384.99911032
549.852833434 5384.99911032
550.448073268 5384.99911032
551.043313102 5384.99911032
551.638552937 5384.99911032
552.233792771 5384.99911032
552.829032606 5384.99911032
553.42427244 5384.99911032
554.019512275 5384.99911032
554.614752109 5384.99911032
555.209991944 5384.99911032
555.805231778 5384.99911032
556.400471613 5384.99911032
556.995711447 5384.99911032
557.590951282 5384.99911032
558.186191116 5384.99911032
558.781430951 5384.99911032
559.376670785 5384.99911032
559.97191062 5384.99911032
560.567150454 5384.99911032
561.162390289 5384.99911032
561.757630123 5384.99911032
562.352869957 5384.99911032
562.948109792 5384.99911032
563.543349626 5384.99911032
564.138589461 5384.99911032
564.733829295 5384.99911032
565.32906913 5384.99911032
565.924308964 5384.99911032
566.519548799 5384.99911032
567.114788633 5384.99911032
567.710028468 5384.99911032
568.305268302 5384.99911032
568.900508137 5384.99911032
569.495747971 5384.99911032
570.090987806 5384.99911032
570.68622764 5384.99911032
571.281467475 5384.99911032
571.876707309 5384.99911032
572.471947144 5384.99911032
573.067186978 5384.99911032
573.662426812 5384.99911032
574.257666647 5384.99911032
574.852906481 5384.99911032
575.448146316 5384.99911032
576.04338615 5384.99911032
576.638625985 5384.99911032
577.233865819 5384.99911032
577.829105654 5384.99911032
578.424345488 5384.99911032
579.019585323 5384.99911032
579.614825157 5384.99911032
580.210064992 5384.99911032
580.805304826 5384.99911032
581.400544661 5384.99911032
581.995784495 5384.99911032
582.59102433 5384.99911032
583.186264164 5384.99911032
583.781503998 5384.99911032
584.376743833 5384.99911032
584.971983667 5384.99911032
585.567223502 5384.99911032
586.162463336 5384.99911032
586.757703171 5384.99911032
587.352943005 5384.99911032
587.94818284 5384.99911032
588.543422674 5384.99911032
589.138662509 5384.99911032
589.733902343 5384.99911032
590.329142178 5384.99911032
590.924382012 5384.99911032
591.519621847 5384.99911032
592.114861681 5384.99911032
592.710101516 5384.99911032
593.30534135 5384.99911032
593.900581185 5384.99911032
594.495821019 5384.99911032
595.091060853 5384.99911032
595.686300688 5384.99911032
596.281540522 5384.99911032
596.876780357 5384.99911032
597.472020191 5384.99911032
598.067260026 5384.99911032
598.66249986 5384.99911032
599.257739695 5384.99911032
599.852979529 5384.99911032
600.448219364 5384.99911032
601.043459198 5384.99911032
601.638699033 5384.99911032
602.233938867 5384.99911032
602.829178702 5384.99911032
603.424418536 5384.99911032
604.019658371 5384.99911032
604.614898205 5384.99911032
605.21013804 5384.99911032
605.805377874 5384.99911032
606.400617708 5384.99911032
606.995857543 5384.99911032
607.591097377 5384.99911032
608.186337212 5384.99911032
608.781577046 5384.99911032
609.376816881 5384.99911032
609.972056715 5104.90551936
610.56729655 5104.90551936
611.162536384 5104.90551936
611.757776219 5104.90551936
612.353016053 5104.90551936
612.948255888 5104.90551936
613.543495722 5104.90551936
614.138735557 5104.90551936
614.733975391 5104.90551936
615.329215226 5104.90551936
615.92445506 5104.90551936
616.519694894 5104.90551936
617.114934729 5104.90551936
617.710174563 5104.90551936
618.305414398 5104.90551936
618.900654232 5104.90551936
619.495894067 5104.90551936
620.091133901 5104.90551936
620.686373736 5104.90551936
621.28161357 5104.90551936
621.876853405 5104.90551936
622.472093239 5104.90551936
623.067333074 5104.90551936
623.662572908 5104.90551936
624.257812743 5104.90551936
624.853052577 5104.90551936
625.448292412 5104.90551936
626.043532246 5104.90551936
626.638772081 5104.90551936
627.234011915 5104.90551936
627.829251749 5104.90551936
628.424491584 5104.90551936
629.019731418 5104.90551936
629.614971253 5104.90551936
630.210211087 5104.90551936
630.805450922 5104.90551936
631.400690756 5104.90551936
631.995930591 5104.90551936
632.591170425 5104.90551936
633.18641026 5104.90551936
633.781650094 5104.90551936
634.376889929 5104.90551936
634.972129763 5104.90551936
635.567369598 5104.90551936
636.162609432 5104.90551936
636.757849267 5104.90551936
637.353089101 5104.90551936
637.948328935 5104.90551936
638.54356877 6152.29013154
639.138808604 6152.29013154
639.734048439 6152.29013154
640.329288273 6152.29013154
640.924528108 6152.29013154
641.519767942 6152.29013154
642.115007777 6152.29013154
642.710247611 6152.29013154
643.305487446 4057.52090717
643.90072728 4057.52090717
644.495967115 4057.52090717
645.091206949 4057.52090717
645.686446784 4057.52090717
646.281686618 4057.52090717
646.876926453 4057.52090717
647.472166287 4057.52090717
648.067406122 5104.90551936
648.662645956 5104.90551936
649.25788579 5104.90551936
649.853125625 5104.90551936
650.448365459 5104.90551936
651.043605294 5104.90551936
651.638845128 5104.90551936
652.234084963 5104.90551936
652.829324797 5104.90551936
653.424564632 5104.90551936
654.019804466 5104.90551936
654.615044301 5104.90551936
655.210284135 5104.90551936
655.80552397 5104.90551936
656.400763804 5104.90551936
656.996003639 5104.90551936
657.591243473 5104.90551936
658.186483308 5104.90551936
658.781723142 5104.90551936
659.376962977 5104.90551936
659.972202811 5104.90551936
660.567442645 5104.90551936
661.16268248 5104.90551936
661.757922314 5104.90551936
662.353162149 5104.90551936
662.948401983 5104.90551936
663.543641818 5104.90551936
664.138881652 5104.90551936
664.734121487 5104.90551936
665.329361321 5104.90551936
665.924601156 5104.90551936
666.51984099 5104.90551936
667.115080825 5104.90551936
667.710320659 5104.90551936
668.305560494 5104.90551936
668.900800328 5104.90551936
669.496040163 5104.90551936
670.091279997 5104.90551936
670.686519831 5104.90551936
671.281759666 5104.90551936
671.8769995 5104.90551936
672.472239335 5104.90551936
673.067479169 5104.90551936
673.662719004 5104.90551936
674.257958838 5104.90551936
674.853198673 5104.90551936
675.448438507 5104.90551936
676.043678342 5104.90551936
676.638918176 5104.90551936
677.234158011 5104.90551936
677.829397845 5104.90551936
678.42463768 5104.90551936
679.019877514 5104.90551936
679.615117349 5104.90551936
680.210357183 5104.90551936
680.805597018 5104.90551936
681.400836852 5104.90551936
681.996076686 5104.90551936
682.591316521 5104.90551936
683.186556355 5104.90551936
683.78179619 5104.90551936
684.377036024 5104.90551936
684.972275859 5104.90551936
685.567515693 5104.90551936
686.162755528 3641.48408465
686.757995362 3641.48408465
687.353235197 3641.48408465
687.948475031 3641.48408465
688.543714866 3641.48408465
689.1389547 3641.48408465
689.734194535 3641.48408465
690.329434369 3641.48408465
690.924674204 3641.48408465
691.519914038 3641.48408465
692.115153873 3641.48408465
692.710393707 3641.48408465
693.305633541 3641.48408465
693.900873376 3641.48408465
694.49611321 3641.48408465
695.091353045 3641.48408465
695.686592879 3641.48408465
696.281832714 3641.48408465
696.877072548 3641.48408465
697.472312383 3641.48408465
698.067552217 3641.48408465
698.662792052 3641.48408465
699.258031886 3641.48408465
699.853271721 3641.48408465
700.448511555 3641.48408465
701.04375139 3641.48408465
701.638991224 3641.48408465
702.234231059 3641.48408465
702.829470893 3641.48408465
703.424710727 3641.48408465
704.019950562 3641.48408465
704.615190396 3641.48408465
705.210430231 5655.09439167
705.805670065 5655.09439167
706.4009099 5655.09439167
706.996149734 5655.09439167
707.591389569 5655.09439167
708.186629403 5655.09439167
708.781869238 5655.09439167
709.377109072 5655.09439167
709.972348907 5655.09439167
710.567588741 5655.09439167
711.162828576 5655.09439167
711.75806841 5655.09439167
712.353308245 5655.09439167
712.948548079 5655.09439167
713.543787914 5655.09439167
714.139027748 5655.09439167
714.734267582 5655.09439167
715.329507417 5655.09439167
715.924747251 5655.09439167
716.519987086 5655.09439167
717.11522692 5655.09439167
717.710466755 5655.09439167
718.305706589 5655.09439167
718.900946424 5655.09439167
719.496186258 5655.09439167
720.091426093 5655.09439167
720.686665927 5655.09439167
721.281905762 5655.09439167
721.877145596 5655.09439167
722.472385431 5655.09439167
723.067625265 5655.09439167
723.6628651 5655.09439167
724.258104934 5561.52180055
724.853344769 5561.52180055
725.448584603 5561.52180055
726.043824437 5561.52180055
726.639064272 5561.52180055
727.234304106 5561.52180055
727.829543941 5561.52180055
728.424783775 5561.52180055
729.02002361 5561.52180055
729.615263444 5561.52180055
730.210503279 5561.52180055
730.805743113 5561.52180055
731.400982948 5561.52180055
731.996222782 5561.52180055
732.591462617 5561.52180055
733.186702451 5561.52180055
733.781942286 5561.52180055
734.37718212 5561.52180055
734.972421955 5561.52180055
735.567661789 5561.52180055
736.162901623 5561.52180055
736.758141458 5561.52180055
737.353381292 5561.52180055
737.948621127 5561.52180055
738.543860961 5561.52180055
739.139100796 5561.52180055
739.73434063 5561.52180055
740.329580465 5561.52180055
740.924820299 5561.52180055
741.520060134 5561.52180055
742.115299968 5561.52180055
742.710539803 5561.52180055
743.305779637 5561.52180055
743.901019472 5561.52180055
744.496259306 5561.52180055
745.091499141 5561.52180055
745.686738975 5561.52180055
746.28197881 5561.52180055
746.877218644 5561.52180055
747.472458478 5561.52180055
748.067698313 5561.52180055
748.662938147 5561.52180055
749.258177982 5561.52180055
749.853417816 5561.52180055
750.448657651 5561.52180055
751.043897485 5561.52180055
751.63913732 5561.52180055
752.234377154 5561.52180055
752.829616989 5561.52180055
753.424856823 5561.52180055
754.020096658 5561.52180055
754.615336492 5561.52180055
755.210576327 5561.52180055
755.805816161 5561.52180055
756.401055996 5561.52180055
756.99629583 5561.52180055
757.591535665 5561.52180055
758.186775499 5561.52180055
758.782015333 5561.52180055
759.377255168 5561.52180055
759.972495002 5561.52180055
760.567734837 5561.52180055
761.162974671 5561.52180055
761.758214506 5561.52180055
762.35345434 5043.13392928
762.948694175 5043.13392928
763.543934009 5043.13392928
764.139173844 5043.13392928
764.734413678 5043.13392928
765.329653513 5043.13392928
765.924893347 5043.13392928
766.520133182 5043.13392928
767.115373016 5043.13392928
767.710612851 5043.13392928
768.305852685 5043.13392928
768.901092519 5043.13392928
769.496332354 5043.13392928
770.091572188 5043.13392928
770.686812023 5043.13392928
771.282051857 5043.13392928
771.877291692 5043.13392928
772.472531526 5043.13392928
773.067771361 5043.13392928
773.663011195 5043.13392928
774.25825103 5043.13392928
774.853490864 5043.13392928
775.448730699 5043.13392928
776.043970533 5043.13392928
776.639210368 5043.13392928
777.234450202 5043.13392928
777.829690037 5043.13392928
778.424929871 5043.13392928
779.020169706 5043.13392928
779.61540954 5043.13392928
780.210649374 5043.13392928
780.805889209 5043.13392928
781.401129043 5043.13392928
781.996368878 5043.13392928
782.591608712 5043.13392928
783.186848547 5043.13392928
783.782088381 5043.13392928
784.377328216 5043.13392928
784.97256805 5043.13392928
785.567807885 5043.13392928
786.163047719 5043.13392928
786.758287554 5043.13392928
787.353527388 5043.13392928
787.948767223 5043.13392928
788.544007057 5043.13392928
789.139246892 5043.13392928
789.734486726 5043.13392928
790.32972656 5043.13392928
790.924966395 5043.13392928
791.520206229 5043.13392928
792.115446064 5043.13392928
792.710685898 5043.13392928
793.305925733 5043.13392928
793.901165567 5043.13392928
794.496405402 5043.13392928
795.091645236 5043.13392928
795.686885071 5043.13392928
796.282124905 5043.13392928
796.87736474 5043.13392928
797.472604574 5043.13392928
798.067844409 5043.13392928
798.663084243 5043.13392928
799.258324078 5043.13392928
799.853563912 5043.13392928
800.448803747 3912.42515166
801.044043581 3912.42515166
801.639283415 3912.42515166
802.23452325 3912.42515166
802.829763084 3912.42515166
803.425002919 3912.42515166
804.020242753 3912.42515166
804.615482588 3912.42515166
805.210722422 3912.42515166
805.805962257 3912.42515166
806.401202091 3912.42515166
806.996441926 3912.42515166
807.59168176 3912.42515166
808.186921595 3912.42515166
808.782161429 3912.42515166
809.377401264 3912.42515166
809.972641098 3912.42515166
810.567880933 3912.42515166
811.163120767 3912.42515166
811.758360602 3912.42515166
812.353600436 3912.42515166
812.94884027 3912.42515166
813.544080105 3912.42515166
814.139319939 3912.42515166
814.734559774 3912.42515166
815.329799608 3912.42515166
815.925039443 3912.42515166
816.520279277 3912.42515166
817.115519112 3912.42515166
817.710758946 3912.42515166
818.305998781 3912.42515166
818.901238615 3912.42515166
819.49647845 3912.42515166
820.091718284 3912.42515166
820.686958119 3912.42515166
821.282197953 3912.42515166
821.877437788 3912.42515166
822.472677622 3912.42515166
823.067917456 3912.42515166
823.663157291 3912.42515166
824.258397125 3912.42515166
824.85363696 3912.42515166
825.448876794 3912.42515166
826.044116629 3912.42515166
826.639356463 3912.42515166
827.234596298 3912.42515166
827.829836132 3912.42515166
828.425075967 3912.42515166
829.020315801 3912.42515166
829.615555636 3912.42515166
830.21079547 3912.42515166
830.806035305 3912.42515166
831.401275139 3912.42515166
831.996514974 3912.42515166
832.591754808 3912.42515166
833.186994643 3912.42515166
833.782234477 3912.42515166
834.377474311 3912.42515166
834.972714146 3912.42515166
835.56795398 3912.42515166
836.163193815 3912.42515166
836.758433649 3912.42515166
837.353673484 3912.42515166
837.948913318 3912.42515166
838.544153153 5732.03149824
839.139392987 5732.03149824
839.734632822 5732.03149824
840.329872656 5732.03149824
840.925112491 5732.03149824
841.520352325 5732.03149824
842.11559216 5732.03149824
842.710831994 5732.03149824
843.306071829 5732.03149824
843.901311663 5732.03149824
844.496551498 5732.03149824
845.091791332 5732.03149824
845.687031166 5732.03149824
846.282271001 5732.03149824
846.877510835 5732.03149824
847.47275067 5732.03149824
848.067990504 5732.03149824
848.663230339 5732.03149824
849.258470173 5732.03149824
849.853710008 5732.03149824
850.448949842 5732.03149824
851.044189677 5732.03149824
851.639429511 5732.03149824
852.234669346 5732.03149824
852.82990918 5732.03149824
853.425149015 5732.03149824
854.020388849 5732.03149824
854.615628684 5732.03149824
855.210868518 5732.03149824
855.806108352 5732.03149824
856.401348187 5732.03149824
856.996588021 5732.03149824
857.591827856 5732.03149824
858.18706769 5732.03149824
858.782307525 5732.03149824
859.377547359 5732.03149824
859.972787194 5732.03149824
860.568027028 5732.03149824
861.163266863 5732.03149824
861.758506697 5732.03149824
862.353746532 5732.03149824
862.948986366 5732.03149824
863.544226201 5732.03149824
864.139466035 5732.03149824
864.73470587 5732.03149824
865.329945704 5732.03149824
865.925185539 5732.03149824
866.520425373 5732.03149824
867.115665207 5732.03149824
867.710905042 5732.03149824
868.306144876 5732.03149824
868.901384711 5732.03149824
869.496624545 5732.03149824
870.09186438 5732.03149824
870.687104214 5732.03149824
871.282344049 5732.03149824
871.877583883 5732.03149824
872.472823718 5732.03149824
873.068063552 5732.03149824
873.663303387 5732.03149824
874.258543221 5732.03149824
874.853783056 5732.03149824
875.44902289 5732.03149824
876.044262725 5732.03149824
876.639502559 5732.03149824
877.234742394 5732.03149824
877.829982228 5732.03149824
878.425222062 5732.03149824
879.020461897 5732.03149824
879.615701731 5732.03149824
880.210941566 5732.03149824
880.8061814 5732.03149824
881.401421235 5732.03149824
881.996661069 5732.03149824
882.591900904 5732.03149824
883.187140738 5732.03149824
883.782380573 5732.03149824
884.377620407 5732.03149824
884.972860242 5732.03149824
885.568100076 5732.03149824
886.163339911 5732.03149824
886.758579745 5732.03149824
887.35381958 5732.03149824
887.949059414 5732.03149824
888.544299248 5732.03149824
889.139539083 5732.03149824
889.734778917 5732.03149824
890.330018752 5732.03149824
890.925258586 5732.03149824
891.520498421 5732.03149824
892.115738255 5732.03149824
892.71097809 5732.03149824
893.306217924 5732.03149824
893.901457759 5732.03149824
894.496697593 5732.03149824
895.091937428 5732.03149824
895.687177262 5732.03149824
896.282417097 5732.03149824
896.877656931 5732.03149824
897.472896766 5732.03149824
898.0681366 5732.03149824
898.663376435 5732.03149824
899.258616269 5732.03149824
899.853856103 5732.03149824
900.449095938 5732.03149824
901.044335772 5732.03149824
901.639575607 5732.03149824
902.234815441 5732.03149824
902.830055276 5732.03149824
903.42529511 5732.03149824
904.020534945 5732.03149824
904.615774779 5732.03149824
905.211014614 5732.03149824
905.806254448 5732.03149824
906.401494283 5732.03149824
906.996734117 5732.03149824
907.591973952 5732.03149824
908.187213786 5732.03149824
908.782453621 5732.03149824
909.377693455 5732.03149824
909.97293329 5732.03149824
910.568173124 5732.03149824
911.163412958 5732.03149824
911.758652793 5732.03149824
912.353892627 5732.03149824
912.949132462 5732.03149824
913.544372296 5732.03149824
914.139612131 5732.03149824
914.734851965 6273.74695127
915.3300918 6273.74695127
915.925331634 6273.74695127
916.520571469 6273.74695127
917.115811303 6273.74695127
917.711051138 6273.74695127
918.306290972 6273.74695127
918.901530807 6273.74695127
919.496770641 6273.74695127
920.092010476 6273.74695127
920.68725031 6273.74695127
921.282490144 6273.74695127
921.877729979 6273.74695127
922.472969813 6273.74695127
923.068209648 6273.74695127
923.663449482 6273.74695127
924.258689317 6273.74695127
924.853929151 6273.74695127
925.449168986 6273.74695127
926.04440882 6273.74695127
926.639648655 6273.74695127
927.234888489 6273.74695127
927.830128324 6273.74695127
928.425368158 6273.74695127
929.020607993 6273.74695127
929.615847827 6273.74695127
930.211087662 6273.74695127
930.806327496 6273.74695127
931.401567331 6273.74695127
931.996807165 6273.74695127
932.592046999 6273.74695127
933.187286834 6273.74695127
933.782526668 6273.74695127
934.377766503 6273.74695127
934.973006337 6273.74695127
935.568246172 6273.74695127
936.163486006 6273.74695127
936.758725841 6273.74695127
937.353965675 6273.74695127
937.94920551 6273.74695127
938.544445344 6273.74695127
939.139685179 6273.74695127
939.734925013 6273.74695127
940.330164848 6273.74695127
940.925404682 6273.74695127
941.520644517 6273.74695127
942.115884351 6273.74695127
942.711124185 6273.74695127
943.30636402 6273.74695127
943.901603854 6273.74695127
944.496843689 6273.74695127
945.092083523 6273.74695127
945.687323358 6273.74695127
946.282563192 6273.74695127
946.877803027 6273.74695127
947.473042861 6273.74695127
948.068282696 6273.74695127
948.66352253 6273.74695127
949.258762365 6273.74695127
949.854002199 6273.74695127
950.449242034 6273.74695127
951.044481868 6273.74695127
951.639721703 6273.74695127
952.234961537 6273.74695127
952.830201372 6273.74695127
953.425441206 6273.74695127
954.02068104 6273.74695127
954.615920875 6273.74695127
955.211160709 6273.74695127
955.806400544 6273.74695127
956.401640378 6273.74695127
956.996880213 6273.74695127
957.592120047 6273.74695127
958.187359882 6273.74695127
958.782599716 6273.74695127
959.377839551 6273.74695127
959.973079385 6273.74695127
960.56831922 6273.74695127
961.163559054 6273.74695127
961.758798889 6273.74695127
962.354038723 6273.74695127
962.949278558 6273.74695127
963.544518392 6273.74695127
964.139758227 6273.74695127
964.734998061 6273.74695127
965.330237895 6273.74695127
965.92547773 6273.74695127
966.520717564 6273.74695127
967.115957399 6273.74695127
967.711197233 6273.74695127
968.306437068 6273.74695127
968.901676902 6273.74695127
969.496916737 6273.74695127
970.092156571 6273.74695127
970.687396406 6273.74695127
971.28263624 6273.74695127
971.877876075 6273.74695127
972.473115909 6273.74695127
973.068355744 6273.74695127
973.663595578 6273.74695127
974.258835413 6273.74695127
974.854075247 6273.74695127
975.449315081 6273.74695127
976.044554916 6273.74695127
976.63979475 6273.74695127
977.235034585 6273.74695127
977.830274419 6273.74695127
978.425514254 6273.74695127
979.020754088 6273.74695127
979.615993923 6273.74695127
980.211233757 6273.74695127
980.806473592 6273.74695127
981.401713426 6273.74695127
981.996953261 6273.74695127
982.592193095 6273.74695127
983.18743293 6273.74695127
983.782672764 6273.74695127
984.377912599 6273.74695127
984.973152433 6273.74695127
985.568392268 6273.74695127
986.163632102 6273.74695127
986.758871936 6273.74695127
987.354111771 6273.74695127
987.949351605 6273.74695127
988.54459144 6273.74695127
989.139831274 6273.74695127
989.735071109 6273.74695127
990.330310943 6273.74695127
990.925550778 6273.74695127
991.520790612 6273.74695127
992.116030447 6273.74695127
992.711270281 6273.74695127
993.306510116 6273.74695127
993.90174995 6273.74695127
994.496989785 6273.74695127
995.092229619 6273.74695127
995.687469454 6273.74695127
996.282709288 6273.74695127
996.877949123 6273.74695127
997.473188957 6273.74695127
998.068428791 6273.74695127
998.663668626 6273.74695127
999.25890846 6273.74695127
999.854148295 6273.74695127
1000.44938813 6273.74695127
1001.04462796 6273.74695127
1001.6398678 6273.74695127
1002.23510763 6273.74695127
1002.83034747 6273.74695127
1003.4255873 6273.74695127
1004.02082714 6273.74695127
1004.61606697 6273.74695127
1005.21130681 6273.74695127
1005.80654664 6273.74695127
1006.40178647 6273.74695127
1006.99702631 6273.74695127
1007.59226614 6273.74695127
1008.18750598 6273.74695127
1008.78274581 6273.74695127
1009.37798565 6273.74695127
1009.97322548 6273.74695127
1010.56846532 6273.74695127
1011.16370515 6273.74695127
1011.75894498 6273.74695127
1012.35418482 6273.74695127
1012.94942465 6273.74695127
1013.54466449 6273.74695127
1014.13990432 6273.74695127
1014.73514416 6273.74695127
1015.33038399 6273.74695127
1015.92562383 6273.74695127
1016.52086366 6273.74695127
1017.11610349 6273.74695127
1017.71134333 6273.74695127
1018.30658316 6273.74695127
1018.901823 6273.74695127
1019.49706283 6273.74695127
1020.09230267 6273.74695127
1020.6875425 6273.74695127
1021.28278234 6273.74695127
1021.87802217 6273.74695127
1022.473262 6273.74695127
1023.06850184 6273.74695127
1023.66374167 6273.74695127
1024.25898151 6273.74695127
1024.85422134 6273.74695127
1025.44946118 6273.74695127
1026.04470101 6273.74695127
1026.63994085 6273.74695127
1027.23518068 6273.74695127
1027.83042052 6273.74695127
1028.42566035 6273.74695127
1029.02090018 6273.74695127
1029.61614002 6273.74695127
1030.21137985 6273.74695127
1030.80661969 6273.74695127
1031.40185952 6273.74695127
1031.99709936 6273.74695127
1032.59233919 6273.74695127
1033.18757903 6273.74695127
1033.78281886 6273.74695127
1034.37805869 6273.74695127
1034.97329853 6273.74695127
1035.56853836 6273.74695127
1036.1637782 6273.74695127
1036.75901803 6273.74695127
1037.35425787 6273.74695127
1037.9494977 6273.74695127
1038.54473754 6273.74695127
1039.13997737 6273.74695127
1039.7352172 6273.74695127
1040.33045704 6273.74695127
1040.92569687 6273.74695127
1041.52093671 6273.74695127
1042.11617654 6273.74695127
1042.71141638 6273.74695127
1043.30665621 6273.74695127
1043.90189605 6273.74695127
1044.49713588 6273.74695127
1045.09237571 6273.74695127
1045.68761555 6273.74695127
1046.28285538 6273.74695127
1046.87809522 6273.74695127
1047.47333505 6273.74695127
1048.06857489 6273.74695127
1048.66381472 6273.74695127
1049.25905456 6273.74695127
1049.85429439 6273.74695127
1050.44953423 6273.74695127
1051.04477406 6273.74695127
1051.64001389 6273.74695127
1052.23525373 6273.74695127
1052.83049356 6273.74695127
1053.4257334 6273.74695127
1054.02097323 6273.74695127
1054.61621307 6273.74695127
1055.2114529 6273.74695127
1055.80669274 6273.74695127
1056.40193257 6273.74695127
1056.9971724 6273.74695127
1057.59241224 6273.74695127
1058.18765207 6273.74695127
1058.78289191 6273.74695127
1059.37813174 6273.74695127
1059.97337158 6273.74695127
1060.56861141 6273.74695127
1061.16385125 6273.74695127
1061.75909108 6273.74695127
1062.35433091 6273.74695127
1062.94957075 6273.74695127
1063.54481058 6273.74695127
1064.14005042 6273.74695127
1064.73529025 6273.74695127
1065.33053009 6273.74695127
1065.92576992 6273.74695127
1066.52100976 6273.74695127
1067.11624959 6273.74695127
1067.71148942 6273.74695127
1068.30672926 6273.74695127
1068.90196909 6273.74695127
1069.49720893 6273.74695127
1070.09244876 6273.74695127
1070.6876886 6273.74695127
1071.28292843 6273.74695127
1071.87816827 6273.74695127
1072.4734081 6273.74695127
1073.06864794 6273.74695127
1073.66388777 6273.74695127
1074.2591276 6273.74695127
1074.85436744 6273.74695127
1075.44960727 6273.74695127
1076.04484711 6273.74695127
1076.64008694 6273.74695127
1077.23532678 6273.74695127
1077.83056661 6273.74695127
1078.42580645 6273.74695127
1079.02104628 6273.74695127
1079.61628611 6273.74695127
1080.21152595 6273.74695127
1080.80676578 6273.74695127
1081.40200562 6273.74695127
1081.99724545 6273.74695127
1082.59248529 6273.74695127
1083.18772512 6273.74695127
1083.78296496 6273.74695127
1084.37820479 6273.74695127
1084.97344462 6273.74695127
1085.56868446 6273.74695127
1086.16392429 6273.74695127
1086.75916413 6273.74695127
1087.35440396 6273.74695127
1087.9496438 6273.74695127
1088.54488363 6273.74695127
1089.14012347 6273.74695127
1089.7353633 6273.74695127
1090.33060313 6273.74695127
1090.92584297 6273.74695127
1091.5210828 6273.74695127
1092.11632264 6273.74695127
1092.71156247 6273.74695127
1093.30680231 6273.74695127
1093.90204214 6273.74695127
1094.49728198 6273.74695127
1095.09252181 6273.74695127
1095.68776164 6273.74695127
1096.28300148 6273.74695127
1096.87824131 6273.74695127
1097.47348115 6273.74695127
1098.06872098 6273.74695127
1098.66396082 6273.74695127
1099.25920065 6273.74695127
1099.85444049 6273.74695127
1100.44968032 6273.74695127
1101.04492016 6273.74695127
1101.64015999 6273.74695127
1102.23539982 6273.74695127
1102.83063966 6273.74695127
1103.42587949 6273.74695127
1104.02111933 6273.74695127
1104.61635916 6273.74695127
1105.211599 6273.74695127
1105.80683883 6273.74695127
1106.40207867 6273.74695127
1106.9973185 6273.74695127
1107.59255833 6273.74695127
1108.18779817 6273.74695127
1108.783038 6273.74695127
1109.37827784 6273.74695127
1109.97351767 6273.74695127
1110.56875751 6273.74695127
1111.16399734 6273.74695127
1111.75923718 6273.74695127
1112.35447701 6273.74695127
1112.94971684 6273.74695127
1113.54495668 6273.74695127
1114.14019651 6273.74695127
1114.73543635 6273.74695127
1115.33067618 6273.74695127
1115.92591602 6273.74695127
1116.52115585 6273.74695127
1117.11639569 6273.74695127
1117.71163552 6273.74695127
1118.30687535 6273.74695127
1118.90211519 6273.74695127
1119.49735502 6273.74695127
1120.09259486 6273.74695127
1120.68783469 6273.74695127
1121.28307453 6273.74695127
1121.87831436 6273.74695127
1122.4735542 6273.74695127
1123.06879403 6273.74695127
1123.66403387 6273.74695127
1124.2592737 6273.74695127
1124.85451353 6273.74695127
1125.44975337 6273.74695127
1126.0449932 6273.74695127
1126.64023304 6273.74695127
1127.23547287 6273.74695127
1127.83071271 6273.74695127
1128.42595254 6273.74695127
1129.02119238 6273.74695127
1129.61643221 6273.74695127
1130.21167204 6273.74695127
1130.80691188 6273.74695127
1131.40215171 6273.74695127
1131.99739155 6273.74695127
1132.59263138 6273.74695127
1133.18787122 6273.74695127
1133.78311105 6273.74695127
1134.37835089 6273.74695127
1134.97359072 6273.74695127
1135.56883055 6273.74695127
1136.16407039 6273.74695127
1136.75931022 6273.74695127
1137.35455006 6273.74695127
1137.94978989 6273.74695127
1138.54502973 6273.74695127
1139.14026956 6273.74695127
1139.7355094 6273.74695127
1140.33074923 6273.74695127
1140.92598906 6273.74695127
1141.5212289 6273.74695127
1142.11646873 6273.74695127
1142.71170857 6273.74695127
1143.3069484 6273.74695127
1143.90218824 6273.74695127
1144.49742807 6273.74695127
1145.09266791 6273.74695127
1145.68790774 6273.74695127
1146.28314758 6273.74695127
1146.87838741 6273.74695127
1147.47362724 6273.74695127
1148.06886708 6273.74695127
1148.66410691 6273.74695127
1149.25934675 6273.74695127
1149.85458658 6273.74695127
1150.44982642 6273.74695127
1151.04506625 6273.74695127
1151.64030609 6273.74695127
1152.23554592 6273.74695127
1152.83078575 6273.74695127
1153.42602559 6273.74695127
1154.02126542 6273.74695127
1154.61650526 6273.74695127
1155.21174509 6273.74695127
1155.80698493 6273.74695127
1156.40222476 6273.74695127
1156.9974646 6273.74695127
1157.59270443 6273.74695127
1158.18794426 6273.74695127
1158.7831841 6273.74695127
1159.37842393 6273.74695127
1159.97366377 6273.74695127
1160.5689036 6273.74695127
1161.16414344 6273.74695127
1161.75938327 6273.74695127
1162.35462311 6273.74695127
1162.94986294 6273.74695127
1163.54510277 6273.74695127
1164.14034261 6273.74695127
1164.73558244 6273.74695127
1165.33082228 6273.74695127
1165.92606211 6273.74695127
1166.52130195 6273.74695127
1167.11654178 6273.74695127
1167.71178162 6273.74695127
1168.30702145 6273.74695127
1168.90226129 6273.74695127
1169.49750112 6273.74695127
1170.09274095 6273.74695127
1170.68798079 6273.74695127
1171.28322062 6273.74695127
1171.87846046 6273.74695127
1172.47370029 6273.74695127
1173.06894013 6273.74695127
1173.66417996 6273.74695127
1174.2594198 6273.74695127
1174.85465963 6273.74695127
1175.44989946 6273.74695127
1176.0451393 6273.74695127
1176.64037913 6273.74695127
1177.23561897 6273.74695127
1177.8308588 6273.74695127
1178.42609864 6273.74695127
1179.02133847 6273.74695127
1179.61657831 6273.74695127
1180.21181814 6273.74695127
1180.80705797 6273.74695127
1181.40229781 6273.74695127
1181.99753764 6273.74695127
1182.59277748 6273.74695127
1183.18801731 6273.74695127
1183.78325715 6273.74695127
1184.37849698 6273.74695127
1184.97373682 6273.74695127
1185.56897665 6273.74695127
1186.16421648 6273.74695127
1186.75945632 6273.74695127
1187.35469615 6273.74695127
1187.94993599 6273.74695127
1188.54517582 6273.74695127
1189.14041566 6273.74695127
1189.73565549 6273.74695127
1190.33089533 6273.74695127
1190.92613516 6273.74695127
1191.521375 6273.74695127
1192.11661483 6273.74695127
1192.71185466 6273.74695127
1193.3070945 6273.74695127
1193.90233433 6273.74695127
1194.49757417 6273.74695127
1195.092814 6273.74695127
1195.68805384 6273.74695127
1196.28329367 6273.74695127
1196.87853351 6273.74695127
1197.47377334 6273.74695127
1198.06901317 6273.74695127
1198.66425301 6273.74695127
1199.25949284 6273.74695127
1199.85473268 6273.74695127
1200.44997251 6273.74695127
1201.04521235 6273.74695127
1201.64045218 6273.74695127
1202.23569202 6273.74695127
1202.83093185 6273.74695127
1203.42617168 6273.74695127
1204.02141152 6273.74695127
1204.61665135 6273.74695127
1205.21189119 6273.74695127
1205.80713102 6273.74695127
1206.40237086 6273.74695127
1206.99761069 6273.74695127
1207.59285053 6273.74695127
1208.18809036 6273.74695127
1208.78333019 6273.74695127
1209.37857003 6273.74695127
1209.97380986 6273.74695127
1210.5690497 6273.74695127
1211.16428953 6273.74695127
1211.75952937 6273.74695127
1212.3547692 6273.74695127
1212.95000904 6273.74695127
1213.54524887 6273.74695127
1214.14048871 6273.74695127
1214.73572854 6273.74695127
1215.33096837 6273.74695127
1215.92620821 6273.74695127
1216.52144804 6273.74695127
1217.11668788 6273.74695127
1217.71192771 6273.74695127
1218.30716755 6273.74695127
1218.90240738 6273.74695127
