0 4590.60669265
3.92156862745 4560.65421007
7.8431372549 4536.85581819
11.7647058824 4520.60469304
15.6862745098 4513.09821584
19.6078431373 4515.1063769
23.5294117647 4526.46855335
27.4509803922 4546.51326927
31.3725490196 4574.47872419
35.2941176471 4609.42256458
39.2156862745 4650.43955326
43.137254902 4696.61379431
47.0588235294 4746.74113177
50.9803921569 4799.67282105
54.9019607843 4854.58061324
58.8235294118 4910.76220938
62.7450980392 4967.6884209
66.6666666667 5024.81387586
70.5882352941 5081.23597811
74.5098039216 5136.01537965
78.431372549 5188.39253868
82.3529411765 5237.82364107
86.2745098039 5284.2374052
90.1960784314 5327.8325997
94.1176470588 5368.78560129
98.0392156863 5407.38579829
101.960784314 5444.02364027
105.882352941 5479.11623647
109.803921569 5513.2146366
113.725490196 5546.79074472
117.647058824 5579.99214658
121.568627451 5612.83140044
125.490196078 5645.26906278
129.411764706 5677.26458295
133.333333333 5708.96740168
137.254901961 5740.57579497
141.176470588 5772.17885664
145.098039216 5803.82118819
149.019607843 5835.46640647
152.941176471 5867.02002174
156.862745098 5898.43663191
160.784313725 5929.63615306
164.705882353 5960.43661111
168.62745098 5990.63429365
172.549019608 6020.01064022
176.470588235 6048.3945248
180.392156863 6075.77544708
184.31372549 6102.21771072
188.235294118 6127.78658367
192.156862745 6152.56076927
196.078431373 6176.58346108
200 6199.8844207
203.921568627 6222.53750636
207.843137255 6244.61223644
211.764705882 6266.14280724
215.68627451 6287.15389779
219.607843137 6307.65340927
223.529411765 6327.65332971
227.450980392 6347.20928234
231.37254902 6366.38933967
235.294117647 6385.25035016
239.215686275 6403.84029583
243.137254902 6422.18045913
247.058823529 6440.27612201
250.980392157 6458.13654884
254.901960784 6475.76420359
258.823529412 6493.15173536
262.745098039 6510.28679534
266.666666667 6527.14749288
270.588235294 6543.70951198
274.509803922 6559.95660362
278.431372549 6575.87367369
282.352941176 6591.44207727
286.274509804 6606.6413838
290.196078431 6621.44663572
294.117647059 6635.82934931
298.039215686 6649.76146047
301.960784314 6663.21282591
305.882352941 6676.14858571
309.803921569 6688.53252618
313.725490196 6700.33033984
317.647058824 6711.50784012
321.568627451 6722.03141837
325.490196078 6731.87048995
329.411764706 6740.99644535
333.333333333 6749.38752431
337.254901961 6757.03535125
341.176470588 6763.93897156
345.098039216 6770.10059666
349.019607843 6775.52535131
352.941176471 6780.21674983
356.862745098 6784.17851735
360.784313725 6787.41903461
364.705882353 6789.94644277
368.62745098 6791.76587685
372.549019608 6792.88158206
376.470588235 6793.29533111
380.392156863 6793.00979621
384.31372549 6792.0338228
388.235294118 6790.37723824
392.156862745 6788.04796737
396.078431373 6785.05085492
400 6781.38305837
403.921568627 6777.03774164
407.843137255 6772.00905496
411.764705882 6766.28992544
415.68627451 6759.87277638
419.607843137 6752.7503692
423.529411765 6744.91359667
427.450980392 6736.35540424
431.37254902 6727.07508945
435.294117647 6717.07478679
439.215686275 6706.35841441
443.137254902 6694.93012227
447.058823529 6682.79024707
450.980392157 6669.93852801
454.901960784 6656.37737909
458.823529412 6642.11064381
462.745098039 6627.14510454
466.666666667 6611.489304
470.588235294 6595.15029169
474.509803922 6578.13640074
478.431372549 6560.45929533
482.352941176 6542.13118951
486.274509804 6523.16513109
490.196078431 6503.57204232
494.117647059 6483.35602599
498.039215686 6462.51853701
501.960784314 6441.06171772
505.882352941 6418.98809684
509.803921569 6396.3038213
513.725490196 6373.01680192
517.647058824 6349.13284665
521.568627451 6324.65965335
525.490196078 6299.6089228
529.411764706 6273.99410464
533.333333333 6247.83256366
537.254901961 6221.14075558
541.176470588 6193.92766222
545.098039216 6166.20140607
549.019607843 6137.97282426
552.941176471 6109.25647753
556.862745098 6080.07746398
560.784313725 6050.46529993
564.705882353 6020.44485085
568.62745098 5990.0421777
572.549019608 5959.28602118
576.470588235 5928.20297004
580.392156863 5896.82080631
584.31372549 5865.15900689
588.235294118 5833.21638158
592.156862745 5800.98263702
596.078431373 5768.44553519
600 5735.59266435
603.921568627 5702.42257518
607.843137255 5668.93778889
611.764705882 5635.13394614
615.68627451 5601.00971645
619.607843137 5566.5697085
623.529411765 5531.82148942
627.450980392 5496.78439048
631.37254902 5461.47622268
635.294117647 5425.89693002
639.215686275 5390.04691943
643.137254902 5353.93525405
647.058823529 5317.58505969
650.980392157 5281.05428128
654.901960784 5244.41762061
658.823529412 5207.74176818
662.745098039 5171.10103542
666.666666667 5134.57873661
670.588235294 5098.25677535
674.509803922 5062.22802358
678.431372549 5026.56746234
682.352941176 4991.29786992
686.274509804 4956.42242124
690.196078431 4921.93999748
694.117647059 4887.85608569
698.039215686 4854.22028526
701.960784314 4821.09760118
705.882352941 4788.53416892
709.803921569 4756.58141545
713.725490196 4725.29152428
717.647058824 4694.71892072
721.568627451 4664.95834948
725.490196078 4636.09367384
729.411764706 4608.14968604
733.333333333 4581.14687925
737.254901961 4555.108017
741.176470588 4530.10167474
745.098039216 4506.32760667
749.019607843 4484.03341901
752.941176471 4463.44012552
756.862745098 4444.75458377
760.784313725 4428.1168075
764.705882353 4413.62042766
768.62745098 4401.38423611
772.549019608 4391.46108503
776.470588235 4383.78148746
780.392156863 4378.20809983
784.31372549 4374.50239386
788.235294118 4372.42876119
792.156862745 4371.89757532
796.078431373 4372.82967929
800 4375.09471162
803.921568627 4378.47076939
807.843137255 4382.49355298
811.764705882 4386.60610389
815.68627451 4390.33908081
819.607843137 4393.23502684
823.529411765 4394.88762189
827.450980392 4394.97255049
831.37254902 4393.13822941
835.294117647 4389.20930501
839.215686275 4383.37787017
843.137254902 4376.02722448
847.058823529 4367.70907703
850.980392157 4358.98683536
854.901960784 4350.14834038
858.823529412 4341.44631995
862.745098039 4333.26808632
866.666666667 4326.11823017
870.588235294 4320.80751108
874.509803922 4318.25943896
878.431372549 4319.1955029
882.352941176 4324.32518556
886.274509804 4334.39326912
890.196078431 4350.02020859
894.117647059 4371.80667331
898.039215686 4400.0040863
901.960784314 4434.11468903
905.882352941 4473.25042421
909.803921569 4516.3059056
913.725490196 4562.10797694
917.647058824 4609.83184461
921.568627451 4658.70555775
925.490196078 4707.70542794
929.411764706 4755.71720192
933.333333333 4801.43008319
937.254901961 4843.46773233
941.176470588 4880.763164
945.098039216 4912.25737995
949.019607843 4936.68557285
952.941176471 4952.90941108
956.862745098 4959.91172285
960.784313725 4957.15864837
964.705882353 4945.159771
968.62745098 4924.9816506
972.549019608 4897.88824716
976.470588235 4865.29752462
980.392156863 4828.37919693
984.31372549 4788.2726658
988.235294118 4746.45324519
992.156862745 4704.41353231
996.078431373 4663.56212208
1000 4625.26935062
