0 1871.3926752
3.92156862745 1871.3926752
7.8431372549 1871.3926752
11.7647058824 1871.3926752
15.6862745098 1871.3926752
19.6078431373 1871.3926752
23.5294117647 1871.3926752
27.4509803922 1871.3926752
31.3725490196 1871.3926752
35.2941176471 1871.3926752
39.2156862745 1871.3926752
43.137254902 1871.3926752
47.0588235294 1871.3926752
50.9803921569 1871.3926752
54.9019607843 1871.3926752
58.8235294118 1871.3926752
62.7450980392 1871.3926752
66.6666666667 1871.3926752
70.5882352941 1871.3926752
74.5098039216 1871.3926752
78.431372549 1871.3926752
82.3529411765 1871.3926752
86.2745098039 1871.3926752
90.1960784314 1871.3926752
94.1176470588 1871.3926752
98.0392156863 1871.3926752
101.960784314 1871.3926752
105.882352941 1871.3926752
109.803921569 1871.3926752
113.725490196 1871.3926752
117.647058824 1871.3926752
121.568627451 1871.3926752
125.490196078 1871.3926752
129.411764706 1871.3926752
133.333333333 1871.3926752
137.254901961 1871.3926752
141.176470588 1871.3926752
145.098039216 1871.3926752
149.019607843 1871.3926752
152.941176471 1871.3926752
156.862745098 1871.3926752
160.784313725 1871.3926752
164.705882353 1871.3926752
168.62745098 1871.3926752
172.549019608 1871.3926752
176.470588235 1871.3926752
180.392156863 1871.3926752
184.31372549 1871.3926752
188.235294118 1871.3926752
192.156862745 1871.3926752
196.078431373 1871.3926752
200 1871.3926752
203.921568627 1871.3926752
207.843137255 1871.3926752
211.764705882 1871.3926752
215.68627451 1871.3926752
219.607843137 1871.3926752
223.529411765 1871.3926752
227.450980392 1871.3926752
231.37254902 1871.3926752
235.294117647 1871.3926752
239.215686275 1871.3926752
243.137254902 1871.3926752
247.058823529 1871.3926752
250.980392157 2060.1381269
254.901960784 2060.1381269
258.823529412 2060.1381269
262.745098039 2060.1381269
266.666666667 2060.1381269
270.588235294 2060.1381269
274.509803922 2060.1381269
278.431372549 2060.1381269
282.352941176 2060.1381269
286.274509804 2060.1381269
290.196078431 2060.1381269
294.117647059 2060.1381269
298.039215686 2060.1381269
301.960784314 2060.1381269
305.882352941 2060.1381269
309.803921569 2060.1381269
313.725490196 2060.1381269
317.647058824 2060.1381269
321.568627451 2060.1381269
325.490196078 2060.1381269
329.411764706 2060.1381269
333.333333333 2060.1381269
337.254901961 2060.1381269
341.176470588 2060.1381269
345.098039216 2060.1381269
349.019607843 2060.1381269
352.941176471 2060.1381269
356.862745098 2060.1381269
360.784313725 2060.1381269
364.705882353 2060.1381269
368.62745098 2060.1381269
372.549019608 2060.1381269
376.470588235 2126.99599642
380.392156863 2126.99599642
384.31372549 2126.99599642
388.235294118 2126.99599642
392.156862745 2126.99599642
396.078431373 2126.99599642
400 2126.99599642
403.921568627 2126.99599642
407.843137255 2126.99599642
411.764705882 2126.99599642
415.68627451 2126.99599642
419.607843137 2126.99599642
423.529411765 2126.99599642
427.450980392 2126.99599642
431.37254902 2126.99599642
435.294117647 2126.99599642
439.215686275 2126.99599642
443.137254902 2126.99599642
447.058823529 2126.99599642
450.980392157 2126.99599642
454.901960784 2126.99599642
458.823529412 2126.99599642
462.745098039 2126.99599642
466.666666667 2126.99599642
470.588235294 2126.99599642
474.509803922 2126.99599642
478.431372549 2126.99599642
482.352941176 2126.99599642
486.274509804 2126.99599642
490.196078431 2126.99599642
494.117647059 2126.99599642
498.039215686 2126.99599642
501.960784314 3373.54479535
505.882352941 3373.54479535
509.803921569 3373.54479535
513.725490196 3373.54479535
517.647058824 3373.54479535
521.568627451 3373.54479535
525.490196078 3373.54479535
529.411764706 3373.54479535
533.333333333 3373.54479535
537.254901961 3373.54479535
541.176470588 3373.54479535
545.098039216 3373.54479535
549.019607843 3373.54479535
552.941176471 3373.54479535
556.862745098 3373.54479535
560.784313725 3373.54479535
564.705882353 3373.54479535
568.62745098 3373.54479535
572.549019608 3373.54479535
576.470588235 3373.54479535
580.392156863 3373.54479535
584.31372549 3373.54479535
588.235294118 3373.54479535
592.156862745 3373.54479535
596.078431373 3373.54479535
600 3373.54479535
603.921568627 3373.54479535
607.843137255 3373.54479535
611.764705882 3373.54479535
615.68627451 3373.54479535
619.607843137 3373.54479535
623.529411765 3373.54479535
627.450980392 3469.9962557
631.37254902 3469.9962557
635.294117647 3469.9962557
639.215686275 3469.9962557
643.137254902 3469.9962557
647.058823529 3469.9962557
650.980392157 3469.9962557
654.901960784 3469.9962557
658.823529412 3469.9962557
662.745098039 3469.9962557
666.666666667 3469.9962557
670.588235294 3469.9962557
674.509803922 3469.9962557
678.431372549 3469.9962557
682.352941176 3469.9962557
686.274509804 3469.9962557
690.196078431 3469.9962557
694.117647059 3469.9962557
698.039215686 3469.9962557
701.960784314 3469.9962557
705.882352941 3469.9962557
709.803921569 3469.9962557
713.725490196 3469.9962557
717.647058824 3469.9962557
721.568627451 3469.9962557
725.490196078 3469.9962557
729.411764706 3469.9962557
733.333333333 3469.9962557
737.254901961 3469.9962557
741.176470588 3469.9962557
745.098039216 3469.9962557
749.019607843 3469.9962557
752.941176471 3039.08226733
756.862745098 3039.08226733
760.784313725 3039.08226733
764.705882353 3039.08226733
768.62745098 3039.08226733
772.549019608 3039.08226733
776.470588235 3039.08226733
780.392156863 3039.08226733
784.31372549 3039.08226733
788.235294118 3039.08226733
792.156862745 3039.08226733
796.078431373 3039.08226733
800 3039.08226733
803.921568627 3039.08226733
807.843137255 3039.08226733
811.764705882 3039.08226733
815.68627451 3039.08226733
819.607843137 3039.08226733
823.529411765 3039.08226733
827.450980392 3039.08226733
831.37254902 3039.08226733
835.294117647 3039.08226733
839.215686275 3039.08226733
843.137254902 3039.08226733
847.058823529 3039.08226733
850.980392157 3039.08226733
854.901960784 3039.08226733
858.823529412 3039.08226733
862.745098039 3039.08226733
866.666666667 3039.08226733
870.588235294 3039.08226733
874.509803922 3039.08226733
878.431372549 3039.08226733
882.352941176 3039.08226733
886.274509804 3039.08226733
890.196078431 3039.08226733
894.117647059 3039.08226733
898.039215686 3039.08226733
901.960784314 3039.08226733
905.882352941 3039.08226733
909.803921569 3039.08226733
913.725490196 3039.08226733
917.647058824 3039.08226733
921.568627451 3039.08226733
925.490196078 3039.08226733
929.411764706 3039.08226733
933.333333333 3039.08226733
937.254901961 3039.08226733
941.176470588 3039.08226733
945.098039216 3039.08226733
949.019607843 3039.08226733
952.941176471 3039.08226733
956.862745098 3039.08226733
960.784313725 3039.08226733
964.705882353 3039.08226733
968.62745098 3039.08226733
972.549019608 3039.08226733
976.470588235 3039.08226733
980.392156863 3039.08226733
984.31372549 3039.08226733
988.235294118 3039.08226733
992.156862745 3039.08226733
996.078431373 3039.08226733
1000 3039.08226733
