100 6023.21930008
100.782778865 6023.21930008
101.56555773 6023.21930008
102.348336595 6023.21930008
103.13111546 6023.21930008
103.913894325 6023.21930008
104.69667319 6023.21930008
105.479452055 6023.21930008
106.26223092 6023.21930008
107.045009785 6023.21930008
107.82778865 6023.21930008
108.610567515 6023.21930008
109.39334638 6023.21930008
110.176125245 6023.21930008
110.95890411 6023.21930008
111.741682975 6023.21930008
112.52446184 6023.21930008
113.307240705 6023.21930008
114.090019569 6023.21930008
114.872798434 6023.21930008
115.655577299 6023.21930008
116.438356164 6023.21930008
117.221135029 6023.21930008
118.003913894 6023.21930008
118.786692759 6023.21930008
119.569471624 6023.21930008
120.352250489 6023.21930008
121.135029354 6023.21930008
121.917808219 6023.21930008
122.700587084 6023.21930008
123.483365949 6023.21930008
124.266144814 6023.21930008
125.048923679 6023.21930008
125.831702544 6023.21930008
126.614481409 6023.21930008
127.397260274 6023.21930008
128.180039139 6023.21930008
128.962818004 6023.21930008
129.745596869 6023.21930008
130.528375734 6023.21930008
131.311154599 6023.21930008
132.093933464 6023.21930008
132.876712329 6023.21930008
133.659491194 6023.21930008
134.442270059 6023.21930008
135.225048924 6023.21930008
136.007827789 6023.21930008
136.790606654 6023.21930008
137.573385519 6023.21930008
138.356164384 6023.21930008
139.138943249 6023.21930008
139.921722114 6023.21930008
140.704500978 6023.21930008
141.487279843 6023.21930008
142.270058708 6023.21930008
143.052837573 6023.21930008
143.835616438 6023.21930008
144.618395303 6023.21930008
145.401174168 6023.21930008
146.183953033 6023.21930008
146.966731898 6023.21930008
147.749510763 6023.21930008
148.532289628 6023.21930008
149.315068493 6023.21930008
150.097847358 6023.21930008
150.880626223 6023.21930008
151.663405088 6023.21930008
152.446183953 6023.21930008
153.228962818 6023.21930008
154.011741683 6023.21930008
154.794520548 6023.21930008
155.577299413 6023.21930008
156.360078278 6023.21930008
157.142857143 6023.21930008
157.925636008 6023.21930008
158.708414873 6023.21930008
159.491193738 6023.21930008
160.273972603 6023.21930008
161.056751468 6023.21930008
161.839530333 6023.21930008
162.622309198 6023.21930008
163.405088063 6023.21930008
164.187866928 6023.21930008
164.970645793 6023.21930008
165.753424658 6023.21930008
166.536203523 6023.21930008
167.318982387 6023.21930008
168.101761252 6023.21930008
168.884540117 6023.21930008
169.667318982 6023.21930008
170.450097847 6023.21930008
171.232876712 6023.21930008
172.015655577 6023.21930008
172.798434442 6023.21930008
173.581213307 6023.21930008
174.363992172 6023.21930008
175.146771037 6023.21930008
175.929549902 6023.21930008
176.712328767 6023.21930008
177.495107632 6023.21930008
178.277886497 6023.21930008
179.060665362 6023.21930008
179.843444227 6023.21930008
180.626223092 6023.21930008
181.409001957 6023.21930008
182.191780822 6023.21930008
182.974559687 6023.21930008
183.757338552 6023.21930008
184.540117417 6023.21930008
185.322896282 6023.21930008
186.105675147 6023.21930008
186.888454012 6023.21930008
187.671232877 6023.21930008
188.454011742 6023.21930008
189.236790607 6023.21930008
190.019569472 6023.21930008
190.802348337 6023.21930008
191.585127202 6023.21930008
192.367906067 6023.21930008
193.150684932 6023.21930008
193.933463796 6023.21930008
194.716242661 6023.21930008
195.499021526 6023.21930008
196.281800391 6023.21930008
197.064579256 6023.21930008
197.847358121 6023.21930008
198.630136986 6023.21930008
199.412915851 6023.21930008
200.195694716 5056.81806801
200.978473581 5056.81806801
201.761252446 5056.81806801
202.544031311 5056.81806801
203.326810176 5056.81806801
204.109589041 5056.81806801
204.892367906 5056.81806801
205.675146771 5056.81806801
206.457925636 5056.81806801
207.240704501 5056.81806801
208.023483366 5056.81806801
208.806262231 5056.81806801
209.589041096 5056.81806801
210.371819961 5056.81806801
211.154598826 5056.81806801
211.937377691 5056.81806801
212.720156556 5056.81806801
213.502935421 5056.81806801
214.285714286 5056.81806801
215.068493151 5056.81806801
215.851272016 5056.81806801
216.634050881 5056.81806801
217.416829746 5056.81806801
218.199608611 5056.81806801
218.982387476 5056.81806801
219.765166341 5056.81806801
220.547945205 5056.81806801
221.33072407 5056.81806801
222.113502935 5056.81806801
222.8962818 5056.81806801
223.679060665 5056.81806801
224.46183953 5056.81806801
225.244618395 5056.81806801
226.02739726 5056.81806801
226.810176125 5056.81806801
227.59295499 5056.81806801
228.375733855 5056.81806801
229.15851272 5056.81806801
229.941291585 5056.81806801
230.72407045 5056.81806801
231.506849315 5056.81806801
232.28962818 5056.81806801
233.072407045 5056.81806801
233.85518591 5056.81806801
234.637964775 5056.81806801
235.42074364 5056.81806801
236.203522505 5056.81806801
236.98630137 5056.81806801
237.769080235 5056.81806801
238.5518591 5056.81806801
239.334637965 5056.81806801
240.11741683 5056.81806801
240.900195695 5056.81806801
241.68297456 5056.81806801
242.465753425 5056.81806801
243.24853229 5056.81806801
244.031311155 5056.81806801
244.81409002 5056.81806801
245.596868885 5056.81806801
246.37964775 5056.81806801
247.162426614 5056.81806801
247.945205479 5056.81806801
248.727984344 5056.81806801
249.510763209 5056.81806801
250.293542074 5056.81806801
251.076320939 5056.81806801
251.859099804 5056.81806801
252.641878669 5056.81806801
253.424657534 5056.81806801
254.207436399 5056.81806801
254.990215264 5056.81806801
255.772994129 5056.81806801
256.555772994 5056.81806801
257.338551859 5056.81806801
258.121330724 5056.81806801
258.904109589 5056.81806801
259.686888454 5056.81806801
260.469667319 5056.81806801
261.252446184 5056.81806801
262.035225049 5056.81806801
262.818003914 5056.81806801
263.600782779 5056.81806801
264.383561644 5056.81806801
265.166340509 5056.81806801
265.949119374 5056.81806801
266.731898239 5056.81806801
267.514677104 5056.81806801
268.297455969 5056.81806801
269.080234834 5056.81806801
269.863013699 5056.81806801
270.645792564 5056.81806801
271.428571429 5056.81806801
272.211350294 5056.81806801
272.994129159 5056.81806801
273.776908023 5056.81806801
274.559686888 5056.81806801
275.342465753 5056.81806801
276.125244618 5056.81806801
276.908023483 5056.81806801
277.690802348 5056.81806801
278.473581213 5056.81806801
279.256360078 5056.81806801
280.039138943 5056.81806801
280.821917808 5056.81806801
281.604696673 5056.81806801
282.387475538 5056.81806801
283.170254403 5056.81806801
283.953033268 5056.81806801
284.735812133 5056.81806801
285.518590998 5056.81806801
286.301369863 5056.81806801
287.084148728 5056.81806801
287.866927593 5056.81806801
288.649706458 5056.81806801
289.432485323 5056.81806801
290.215264188 5056.81806801
290.998043053 5056.81806801
291.780821918 5056.81806801
292.563600783 5056.81806801
293.346379648 5056.81806801
294.129158513 5056.81806801
294.911937378 5056.81806801
295.694716243 5056.81806801
296.477495108 5056.81806801
297.260273973 5056.81806801
298.043052838 5056.81806801
298.825831703 5056.81806801
299.608610568 5056.81806801
300.391389432 5639.2708554
301.174168297 5639.2708554
301.956947162 5639.2708554
302.739726027 5639.2708554
303.522504892 5639.2708554
304.305283757 5639.2708554
305.088062622 5639.2708554
305.870841487 5639.2708554
306.653620352 5639.2708554
307.436399217 5639.2708554
308.219178082 5639.2708554
309.001956947 5639.2708554
309.784735812 5639.2708554
310.567514677 5639.2708554
311.350293542 5639.2708554
312.133072407 5639.2708554
312.915851272 5639.2708554
313.698630137 5639.2708554
314.481409002 5639.2708554
315.264187867 5639.2708554
316.046966732 5639.2708554
316.829745597 5639.2708554
317.612524462 5639.2708554
318.395303327 5639.2708554
319.178082192 5639.2708554
319.960861057 5639.2708554
320.743639922 5639.2708554
321.526418787 5639.2708554
322.309197652 5639.2708554
323.091976517 5639.2708554
323.874755382 5639.2708554
324.657534247 5639.2708554
325.440313112 5639.2708554
326.223091977 5639.2708554
327.005870841 5639.2708554
327.788649706 5639.2708554
328.571428571 5639.2708554
329.354207436 5639.2708554
330.136986301 5639.2708554
330.919765166 5639.2708554
331.702544031 5639.2708554
332.485322896 5639.2708554
333.268101761 5639.2708554
334.050880626 5639.2708554
334.833659491 5639.2708554
335.616438356 5639.2708554
336.399217221 5639.2708554
337.181996086 5639.2708554
337.964774951 5639.2708554
338.747553816 5639.2708554
339.530332681 5639.2708554
340.313111546 5639.2708554
341.095890411 5639.2708554
341.878669276 5639.2708554
342.661448141 5639.2708554
343.444227006 5639.2708554
344.227005871 5639.2708554
345.009784736 5639.2708554
345.792563601 5639.2708554
346.575342466 5639.2708554
347.358121331 5639.2708554
348.140900196 5639.2708554
348.923679061 5639.2708554
349.706457926 5639.2708554
350.489236791 5639.2708554
351.272015656 5639.2708554
352.054794521 5639.2708554
352.837573386 5639.2708554
353.62035225 5639.2708554
354.403131115 5639.2708554
355.18590998 5639.2708554
355.968688845 5639.2708554
356.75146771 5639.2708554
357.534246575 5639.2708554
358.31702544 5639.2708554
359.099804305 5639.2708554
359.88258317 5639.2708554
360.665362035 5639.2708554
361.4481409 5639.2708554
362.230919765 5639.2708554
363.01369863 5639.2708554
363.796477495 5639.2708554
364.57925636 5639.2708554
365.362035225 5639.2708554
366.14481409 5639.2708554
366.927592955 5639.2708554
367.71037182 5639.2708554
368.493150685 5639.2708554
369.27592955 5639.2708554
370.058708415 5639.2708554
370.84148728 5639.2708554
371.624266145 5639.2708554
372.40704501 5639.2708554
373.189823875 5639.2708554
373.97260274 5639.2708554
374.755381605 5639.2708554
375.53816047 5639.2708554
376.320939335 5639.2708554
377.1037182 5639.2708554
377.886497065 5639.2708554
378.66927593 5639.2708554
379.452054795 5639.2708554
380.234833659 5639.2708554
381.017612524 5639.2708554
381.800391389 5639.2708554
382.583170254 5639.2708554
383.365949119 5639.2708554
384.148727984 5639.2708554
384.931506849 5639.2708554
385.714285714 5639.2708554
386.497064579 5639.2708554
387.279843444 5639.2708554
388.062622309 5639.2708554
388.845401174 5639.2708554
389.628180039 5639.2708554
390.410958904 5639.2708554
391.193737769 5639.2708554
391.976516634 5639.2708554
392.759295499 5639.2708554
393.542074364 5639.2708554
394.324853229 5639.2708554
395.107632094 5639.2708554
395.890410959 5639.2708554
396.673189824 5639.2708554
397.455968689 5639.2708554
398.238747554 5639.2708554
399.021526419 5639.2708554
399.804305284 5639.2708554
400.587084149 9792.30019761
401.369863014 9792.30019761
402.152641879 9792.30019761
402.935420744 9792.30019761
403.718199609 9792.30019761
404.500978474 9792.30019761
405.283757339 9792.30019761
406.066536204 9792.30019761
406.849315068 9792.30019761
407.632093933 9792.30019761
408.414872798 9792.30019761
409.197651663 9792.30019761
409.980430528 9792.30019761
410.763209393 9792.30019761
411.545988258 9792.30019761
412.328767123 9792.30019761
413.111545988 9792.30019761
413.894324853 9792.30019761
414.677103718 9792.30019761
415.459882583 9792.30019761
416.242661448 9792.30019761
417.025440313 9792.30019761
417.808219178 9792.30019761
418.590998043 9792.30019761
419.373776908 9792.30019761
420.156555773 9792.30019761
420.939334638 9792.30019761
421.722113503 9792.30019761
422.504892368 9792.30019761
423.287671233 9792.30019761
424.070450098 9792.30019761
424.853228963 9792.30019761
425.636007828 9792.30019761
426.418786693 9792.30019761
427.201565558 9792.30019761
427.984344423 9792.30019761
428.767123288 9792.30019761
429.549902153 9792.30019761
430.332681018 9792.30019761
431.115459883 9792.30019761
431.898238748 9792.30019761
432.681017613 9792.30019761
433.463796477 9792.30019761
434.246575342 9792.30019761
435.029354207 9792.30019761
435.812133072 9792.30019761
436.594911937 9792.30019761
437.377690802 9792.30019761
438.160469667 9792.30019761
438.943248532 9792.30019761
439.726027397 9792.30019761
440.508806262 9792.30019761
441.291585127 9792.30019761
442.074363992 9792.30019761
442.857142857 9792.30019761
443.639921722 9792.30019761
444.422700587 9792.30019761
445.205479452 9792.30019761
445.988258317 9792.30019761
446.771037182 9792.30019761
447.553816047 9792.30019761
448.336594912 9792.30019761
449.119373777 9792.30019761
449.902152642 9792.30019761
450.684931507 9792.30019761
451.467710372 9792.30019761
452.250489237 9792.30019761
453.033268102 9792.30019761
453.816046967 9792.30019761
454.598825832 9792.30019761
455.381604697 9792.30019761
456.164383562 9792.30019761
456.947162427 9792.30019761
457.729941292 9792.30019761
458.512720157 9792.30019761
459.295499022 9792.30019761
460.078277886 9792.30019761
460.861056751 9792.30019761
461.643835616 9792.30019761
462.426614481 9792.30019761
463.209393346 9792.30019761
463.992172211 9792.30019761
464.774951076 9792.30019761
465.557729941 9792.30019761
466.340508806 9792.30019761
467.123287671 9792.30019761
467.906066536 9792.30019761
468.688845401 9792.30019761
469.471624266 9792.30019761
470.254403131 9792.30019761
471.037181996 9792.30019761
471.819960861 9792.30019761
472.602739726 9792.30019761
473.385518591 9792.30019761
474.168297456 9792.30019761
474.951076321 9792.30019761
475.733855186 9792.30019761
476.516634051 9792.30019761
477.299412916 9792.30019761
478.082191781 9792.30019761
478.864970646 9792.30019761
479.647749511 9792.30019761
480.430528376 9792.30019761
481.213307241 9792.30019761
481.996086106 9792.30019761
482.778864971 9792.30019761
483.561643836 9792.30019761
484.344422701 9792.30019761
485.127201566 9792.30019761
485.909980431 9792.30019761
486.692759295 9792.30019761
487.47553816 9792.30019761
488.258317025 9792.30019761
489.04109589 9792.30019761
489.823874755 9792.30019761
490.60665362 9792.30019761
491.389432485 9792.30019761
492.17221135 9792.30019761
492.954990215 9792.30019761
493.73776908 9792.30019761
494.520547945 9792.30019761
495.30332681 9792.30019761
496.086105675 9792.30019761
496.86888454 9792.30019761
497.651663405 9792.30019761
498.43444227 9792.30019761
499.217221135 9792.30019761
500 9792.30019761
