100 1547.18213644
100.782778865 1547.18213644
101.56555773 1547.18213644
102.348336595 1547.18213644
103.13111546 1547.18213644
103.913894325 1547.18213644
104.69667319 1547.18213644
105.479452055 1547.18213644
106.26223092 1547.18213644
107.045009785 1547.18213644
107.82778865 1547.18213644
108.610567515 1547.18213644
109.39334638 1547.18213644
110.176125245 1547.18213644
110.95890411 1547.18213644
111.741682975 1547.18213644
112.52446184 1547.18213644
113.307240705 1547.18213644
114.090019569 1547.18213644
114.872798434 1547.18213644
115.655577299 1547.18213644
116.438356164 1547.18213644
117.221135029 1547.18213644
118.003913894 1547.18213644
118.786692759 1547.18213644
119.569471624 1547.18213644
120.352250489 1547.18213644
121.135029354 1547.18213644
121.917808219 1547.18213644
122.700587084 1547.18213644
123.483365949 1547.18213644
124.266144814 1547.18213644
125.048923679 1547.18213644
125.831702544 1547.18213644
126.614481409 1547.18213644
127.397260274 1547.18213644
128.180039139 1547.18213644
128.962818004 1547.18213644
129.745596869 1547.18213644
130.528375734 1547.18213644
131.311154599 1547.18213644
132.093933464 1547.18213644
132.876712329 1547.18213644
133.659491194 1547.18213644
134.442270059 1547.18213644
135.225048924 1547.18213644
136.007827789 1547.18213644
136.790606654 1547.18213644
137.573385519 1547.18213644
138.356164384 1547.18213644
139.138943249 1547.18213644
139.921722114 1547.18213644
140.704500978 1547.18213644
141.487279843 1547.18213644
142.270058708 1547.18213644
143.052837573 1547.18213644
143.835616438 1547.18213644
144.618395303 1547.18213644
145.401174168 1547.18213644
146.183953033 1547.18213644
146.966731898 1547.18213644
147.749510763 1547.18213644
148.532289628 1547.18213644
149.315068493 1547.18213644
150.097847358 1547.18213644
150.880626223 1547.18213644
151.663405088 1547.18213644
152.446183953 1547.18213644
153.228962818 1547.18213644
154.011741683 1547.18213644
154.794520548 1547.18213644
155.577299413 1547.18213644
156.360078278 1547.18213644
157.142857143 1547.18213644
157.925636008 1547.18213644
158.708414873 1547.18213644
159.491193738 1547.18213644
160.273972603 1547.18213644
161.056751468 1547.18213644
161.839530333 1547.18213644
162.622309198 1547.18213644
163.405088063 1547.18213644
164.187866928 1547.18213644
164.970645793 1547.18213644
165.753424658 1547.18213644
166.536203523 1547.18213644
167.318982387 1547.18213644
168.101761252 1547.18213644
168.884540117 1547.18213644
169.667318982 1547.18213644
170.450097847 1547.18213644
171.232876712 1547.18213644
172.015655577 1547.18213644
172.798434442 1547.18213644
173.581213307 1547.18213644
174.363992172 1547.18213644
175.146771037 1547.18213644
175.929549902 1547.18213644
176.712328767 1547.18213644
177.495107632 1547.18213644
178.277886497 1547.18213644
179.060665362 1547.18213644
179.843444227 1547.18213644
180.626223092 1547.18213644
181.409001957 1547.18213644
182.191780822 1547.18213644
182.974559687 1547.18213644
183.757338552 1547.18213644
184.540117417 1547.18213644
185.322896282 1547.18213644
186.105675147 1547.18213644
186.888454012 1547.18213644
187.671232877 1547.18213644
188.454011742 1547.18213644
189.236790607 1547.18213644
190.019569472 1547.18213644
190.802348337 1547.18213644
191.585127202 1547.18213644
192.367906067 1547.18213644
193.150684932 1547.18213644
193.933463796 1547.18213644
194.716242661 1547.18213644
195.499021526 1547.18213644
196.281800391 1547.18213644
197.064579256 1547.18213644
197.847358121 1547.18213644
198.630136986 1547.18213644
199.412915851 1547.18213644
200.195694716 3056.34474433
200.978473581 3056.34474433
201.761252446 3056.34474433
202.544031311 3056.34474433
203.326810176 3056.34474433
204.109589041 3056.34474433
204.892367906 3056.34474433
205.675146771 3056.34474433
206.457925636 3056.34474433
207.240704501 3056.34474433
208.023483366 3056.34474433
208.806262231 3056.34474433
209.589041096 3056.34474433
210.371819961 3056.34474433
211.154598826 3056.34474433
211.937377691 3056.34474433
212.720156556 3056.34474433
213.502935421 3056.34474433
214.285714286 3056.34474433
215.068493151 3056.34474433
215.851272016 3056.34474433
216.634050881 3056.34474433
217.416829746 3056.34474433
218.199608611 3056.34474433
218.982387476 3056.34474433
219.765166341 3056.34474433
220.547945205 3056.34474433
221.33072407 3056.34474433
222.113502935 3056.34474433
222.8962818 3056.34474433
223.679060665 3056.34474433
224.46183953 3056.34474433
225.244618395 3056.34474433
226.02739726 3056.34474433
226.810176125 3056.34474433
227.59295499 3056.34474433
228.375733855 3056.34474433
229.15851272 3056.34474433
229.941291585 3056.34474433
230.72407045 3056.34474433
231.506849315 3056.34474433
232.28962818 3056.34474433
233.072407045 3056.34474433
233.85518591 3056.34474433
234.637964775 3056.34474433
235.42074364 3056.34474433
236.203522505 3056.34474433
236.98630137 3056.34474433
237.769080235 3056.34474433
238.5518591 3056.34474433
239.334637965 3056.34474433
240.11741683 3056.34474433
240.900195695 3056.34474433
241.68297456 3056.34474433
242.465753425 3056.34474433
243.24853229 3056.34474433
244.031311155 3056.34474433
244.81409002 3056.34474433
245.596868885 3056.34474433
246.37964775 3056.34474433
247.162426614 3056.34474433
247.945205479 3056.34474433
248.727984344 3056.34474433
249.510763209 3056.34474433
250.293542074 3056.34474433
251.076320939 3056.34474433
251.859099804 3056.34474433
252.641878669 3056.34474433
253.424657534 3056.34474433
254.207436399 3056.34474433
254.990215264 3056.34474433
255.772994129 3056.34474433
256.555772994 3056.34474433
257.338551859 3056.34474433
258.121330724 3056.34474433
258.904109589 3056.34474433
259.686888454 3056.34474433
260.469667319 3056.34474433
261.252446184 3056.34474433
262.035225049 3056.34474433
262.818003914 3056.34474433
263.600782779 3056.34474433
264.383561644 3056.34474433
265.166340509 3056.34474433
265.949119374 3056.34474433
266.731898239 3056.34474433
267.514677104 3056.34474433
268.297455969 3056.34474433
269.080234834 3056.34474433
269.863013699 3056.34474433
270.645792564 3056.34474433
271.428571429 3056.34474433
272.211350294 3056.34474433
272.994129159 3056.34474433
273.776908023 3056.34474433
274.559686888 3056.34474433
275.342465753 3056.34474433
276.125244618 3056.34474433
276.908023483 3056.34474433
277.690802348 3056.34474433
278.473581213 3056.34474433
279.256360078 3056.34474433
280.039138943 3056.34474433
280.821917808 3056.34474433
281.604696673 3056.34474433
282.387475538 3056.34474433
283.170254403 3056.34474433
283.953033268 3056.34474433
284.735812133 3056.34474433
285.518590998 3056.34474433
286.301369863 3056.34474433
287.084148728 3056.34474433
287.866927593 3056.34474433
288.649706458 3056.34474433
289.432485323 3056.34474433
290.215264188 3056.34474433
290.998043053 3056.34474433
291.780821918 3056.34474433
292.563600783 3056.34474433
293.346379648 3056.34474433
294.129158513 3056.34474433
294.911937378 3056.34474433
295.694716243 3056.34474433
296.477495108 3056.34474433
297.260273973 3056.34474433
298.043052838 3056.34474433
298.825831703 3056.34474433
299.608610568 3056.34474433
300.391389432 1626.21100765
301.174168297 1626.21100765
301.956947162 1626.21100765
302.739726027 1626.21100765
303.522504892 1626.21100765
304.305283757 1626.21100765
305.088062622 1626.21100765
305.870841487 1626.21100765
306.653620352 1626.21100765
307.436399217 1626.21100765
308.219178082 1626.21100765
309.001956947 1626.21100765
309.784735812 1626.21100765
310.567514677 1626.21100765
311.350293542 1626.21100765
312.133072407 1626.21100765
312.915851272 1626.21100765
313.698630137 1626.21100765
314.481409002 1626.21100765
315.264187867 1626.21100765
316.046966732 1626.21100765
316.829745597 1626.21100765
317.612524462 1626.21100765
318.395303327 1626.21100765
319.178082192 1626.21100765
319.960861057 1626.21100765
320.743639922 1626.21100765
321.526418787 1626.21100765
322.309197652 1626.21100765
323.091976517 1626.21100765
323.874755382 1626.21100765
324.657534247 1626.21100765
325.440313112 1626.21100765
326.223091977 1626.21100765
327.005870841 1626.21100765
327.788649706 1626.21100765
328.571428571 1626.21100765
329.354207436 1626.21100765
330.136986301 1626.21100765
330.919765166 1626.21100765
331.702544031 1626.21100765
332.485322896 1626.21100765
333.268101761 1626.21100765
334.050880626 1626.21100765
334.833659491 1626.21100765
335.616438356 1626.21100765
336.399217221 1626.21100765
337.181996086 1626.21100765
337.964774951 1626.21100765
338.747553816 1626.21100765
339.530332681 1626.21100765
340.313111546 1626.21100765
341.095890411 1626.21100765
341.878669276 1626.21100765
342.661448141 1626.21100765
343.444227006 1626.21100765
344.227005871 1626.21100765
345.009784736 1626.21100765
345.792563601 1626.21100765
346.575342466 1626.21100765
347.358121331 1626.21100765
348.140900196 1626.21100765
348.923679061 1626.21100765
349.706457926 1626.21100765
350.489236791 1626.21100765
351.272015656 1626.21100765
352.054794521 1626.21100765
352.837573386 1626.21100765
353.62035225 1626.21100765
354.403131115 1626.21100765
355.18590998 1626.21100765
355.968688845 1626.21100765
356.75146771 1626.21100765
357.534246575 1626.21100765
358.31702544 1626.21100765
359.099804305 1626.21100765
359.88258317 1626.21100765
360.665362035 1626.21100765
361.4481409 1626.21100765
362.230919765 1626.21100765
363.01369863 1626.21100765
363.796477495 1626.21100765
364.57925636 1626.21100765
365.362035225 1626.21100765
366.14481409 1626.21100765
366.927592955 1626.21100765
367.71037182 1626.21100765
368.493150685 1626.21100765
369.27592955 1626.21100765
370.058708415 1626.21100765
370.84148728 1626.21100765
371.624266145 1626.21100765
372.40704501 1626.21100765
373.189823875 1626.21100765
373.97260274 1626.21100765
374.755381605 1626.21100765
375.53816047 1626.21100765
376.320939335 1626.21100765
377.1037182 1626.21100765
377.886497065 1626.21100765
378.66927593 1626.21100765
379.452054795 1626.21100765
380.234833659 1626.21100765
381.017612524 1626.21100765
381.800391389 1626.21100765
382.583170254 1626.21100765
383.365949119 1626.21100765
384.148727984 1626.21100765
384.931506849 1626.21100765
385.714285714 1626.21100765
386.497064579 1626.21100765
387.279843444 1626.21100765
388.062622309 1626.21100765
388.845401174 1626.21100765
389.628180039 1626.21100765
390.410958904 1626.21100765
391.193737769 1626.21100765
391.976516634 1626.21100765
392.759295499 1626.21100765
393.542074364 1626.21100765
394.324853229 1626.21100765
395.107632094 1626.21100765
395.890410959 1626.21100765
396.673189824 1626.21100765
397.455968689 1626.21100765
398.238747554 1626.21100765
399.021526419 1626.21100765
399.804305284 1626.21100765
400.587084149 2371.2934248
401.369863014 2371.2934248
402.152641879 2371.2934248
402.935420744 2371.2934248
403.718199609 2371.2934248
404.500978474 2371.2934248
405.283757339 2371.2934248
406.066536204 2371.2934248
406.849315068 2371.2934248
407.632093933 2371.2934248
408.414872798 2371.2934248
409.197651663 2371.2934248
409.980430528 2371.2934248
410.763209393 2371.2934248
411.545988258 2371.2934248
412.328767123 2371.2934248
413.111545988 2371.2934248
413.894324853 2371.2934248
414.677103718 2371.2934248
415.459882583 2371.2934248
416.242661448 2371.2934248
417.025440313 2371.2934248
417.808219178 2371.2934248
418.590998043 2371.2934248
419.373776908 2371.2934248
420.156555773 2371.2934248
420.939334638 2371.2934248
421.722113503 2371.2934248
422.504892368 2371.2934248
423.287671233 2371.2934248
424.070450098 2371.2934248
424.853228963 2371.2934248
425.636007828 2371.2934248
426.418786693 2371.2934248
427.201565558 2371.2934248
427.984344423 2371.2934248
428.767123288 2371.2934248
429.549902153 2371.2934248
430.332681018 2371.2934248
431.115459883 2371.2934248
431.898238748 2371.2934248
432.681017613 2371.2934248
433.463796477 2371.2934248
434.246575342 2371.2934248
435.029354207 2371.2934248
435.812133072 2371.2934248
436.594911937 2371.2934248
437.377690802 2371.2934248
438.160469667 2371.2934248
438.943248532 2371.2934248
439.726027397 2371.2934248
440.508806262 2371.2934248
441.291585127 2371.2934248
442.074363992 2371.2934248
442.857142857 2371.2934248
443.639921722 2371.2934248
444.422700587 2371.2934248
445.205479452 2371.2934248
445.988258317 2371.2934248
446.771037182 2371.2934248
447.553816047 2371.2934248
448.336594912 2371.2934248
449.119373777 2371.2934248
449.902152642 2371.2934248
450.684931507 2371.2934248
451.467710372 2371.2934248
452.250489237 2371.2934248
453.033268102 2371.2934248
453.816046967 2371.2934248
454.598825832 2371.2934248
455.381604697 2371.2934248
456.164383562 2371.2934248
456.947162427 2371.2934248
457.729941292 2371.2934248
458.512720157 2371.2934248
459.295499022 2371.2934248
460.078277886 2371.2934248
460.861056751 2371.2934248
461.643835616 2371.2934248
462.426614481 2371.2934248
463.209393346 2371.2934248
463.992172211 2371.2934248
464.774951076 2371.2934248
465.557729941 2371.2934248
466.340508806 2371.2934248
467.123287671 2371.2934248
467.906066536 2371.2934248
468.688845401 2371.2934248
469.471624266 2371.2934248
470.254403131 2371.2934248
471.037181996 2371.2934248
471.819960861 2371.2934248
472.602739726 2371.2934248
473.385518591 2371.2934248
474.168297456 2371.2934248
474.951076321 2371.2934248
475.733855186 2371.2934248
476.516634051 2371.2934248
477.299412916 2371.2934248
478.082191781 2371.2934248
478.864970646 2371.2934248
479.647749511 2371.2934248
480.430528376 2371.2934248
481.213307241 2371.2934248
481.996086106 2371.2934248
482.778864971 2371.2934248
483.561643836 2371.2934248
484.344422701 2371.2934248
485.127201566 2371.2934248
485.909980431 2371.2934248
486.692759295 2371.2934248
487.47553816 2371.2934248
488.258317025 2371.2934248
489.04109589 2371.2934248
489.823874755 2371.2934248
490.60665362 2371.2934248
491.389432485 2371.2934248
492.17221135 2371.2934248
492.954990215 2371.2934248
493.73776908 2371.2934248
494.520547945 2371.2934248
495.30332681 2371.2934248
496.086105675 2371.2934248
496.86888454 2371.2934248
497.651663405 2371.2934248
498.43444227 2371.2934248
499.217221135 2371.2934248
500 2371.2934248
