100 2447.10911135
100.782778865 2440.28909672
101.56555773 2433.71496906
102.348336595 2427.43251474
103.13111546 2421.40455341
103.913894325 2415.59453387
104.69667319 2409.98812043
105.479452055 2404.55625557
106.26223092 2399.29755454
107.045009785 2394.21692357
107.82778865 2389.28927692
108.610567515 2384.49239487
109.39334638 2379.83010084
110.176125245 2375.30018659
110.95890411 2370.90775822
111.741682975 2366.66311215
112.52446184 2362.54378251
113.307240705 2358.53111645
114.090019569 2354.61005732
114.872798434 2350.75933852
115.655577299 2346.98882033
116.438356164 2343.31157203
117.221135029 2339.7221043
118.003913894 2336.21967205
118.786692759 2332.80955773
119.569471624 2329.49089155
120.352250489 2326.27643942
121.135029354 2323.18177947
121.917808219 2320.18762674
122.700587084 2317.27452107
123.483365949 2314.43653055
124.266144814 2311.66214703
125.048923679 2308.94471262
125.831702544 2306.28302318
126.614481409 2303.66012502
127.397260274 2301.05884051
128.180039139 2298.4898334
128.962818004 2295.96159073
129.745596869 2293.48048002
130.528375734 2291.05812424
131.311154599 2288.68783025
132.093933464 2286.36283559
132.876712329 2284.08479952
133.659491194 2281.85222621
134.442270059 2279.66900085
135.225048924 2277.54213234
136.007827789 2275.46759564
136.790606654 2273.44173843
137.573385519 2271.4746236
138.356164384 2269.57132
139.138943249 2267.74408174
139.921722114 2266.00824716
140.704500978 2264.34806266
141.487279843 2262.74806461
142.270058708 2261.20102053
143.052837573 2259.69419228
143.835616438 2258.22660309
144.618395303 2256.79936871
145.401174168 2255.40284983
146.183953033 2254.02907788
146.966731898 2252.67678557
147.749510763 2251.34192073
148.532289628 2250.02651257
149.315068493 2248.73428165
150.097847358 2247.45359232
150.880626223 2246.17590806
151.663405088 2244.89151259
152.446183953 2243.58756813
153.228962818 2242.27275994
154.011741683 2240.95722964
154.794520548 2239.64073345
155.577299413 2238.32653264
156.360078278 2237.01846762
157.142857143 2235.71694324
157.925636008 2234.43151425
158.708414873 2233.17287453
159.491193738 2231.93266344
160.273972603 2230.70302416
161.056751468 2229.48188127
161.839530333 2228.26397609
162.622309198 2227.04965324
163.405088063 2225.8415988
164.187866928 2224.63416588
164.970645793 2223.42229136
165.753424658 2222.21166541
166.536203523 2221.00607954
167.318982387 2219.81164587
168.101761252 2218.63676338
168.884540117 2217.47685109
169.667318982 2216.32855042
170.450097847 2215.19100983
171.232876712 2214.06055564
172.015655577 2212.9447809
172.798434442 2211.85384292
173.581213307 2210.78577648
174.363992172 2209.73981919
175.146771037 2208.72676085
175.929549902 2207.75202257
176.712328767 2206.82940198
177.495107632 2205.97574932
178.277886497 2205.17524827
179.060665362 2204.41128495
179.843444227 2203.67944311
180.626223092 2202.96980779
181.409001957 2202.27714548
182.191780822 2201.6002985
182.974559687 2200.92494605
183.757338552 2200.23630259
184.540117417 2199.54086424
185.322896282 2198.84381287
186.105675147 2198.14604071
186.888454012 2197.45216531
187.671232877 2196.7570759
188.454011742 2196.05389389
189.236790607 2195.34451669
190.019569472 2194.62944043
190.802348337 2193.90258509
191.585127202 2193.16047679
192.367906067 2192.39405381
193.150684932 2191.592561
193.933463796 2190.7607892
194.716242661 2189.90111544
195.499021526 2189.01562317
196.281800391 2188.11012507
197.064579256 2187.17149426
197.847358121 2186.18368292
198.630136986 2185.14700837
199.412915851 2184.05947976
200.195694716 2182.90668789
200.978473581 2181.68149324
201.761252446 2180.3641592
202.544031311 2178.93147194
203.326810176 2177.40322502
204.109589041 2175.79959667
204.892367906 2174.12696079
205.675146771 2172.39913837
206.457925636 2170.61991058
207.240704501 2168.78870879
208.023483366 2166.92150881
208.806262231 2165.03394062
209.589041096 2163.12041234
210.371819961 2161.17773157
211.154598826 2159.20402189
211.937377691 2157.19356114
212.720156556 2155.15534521
213.502935421 2153.09876134
214.285714286 2151.02609201
215.068493151 2148.94212411
215.851272016 2146.84903308
216.634050881 2144.74636381
217.416829746 2142.64219236
218.199608611 2140.54472984
218.982387476 2138.44941056
219.765166341 2136.3549314
220.547945205 2134.25698804
221.33072407 2132.14789847
222.113502935 2130.04220282
222.8962818 2127.95668624
223.679060665 2125.89283717
224.46183953 2123.85518456
225.244618395 2121.85645166
226.02739726 2119.90271244
226.810176125 2118.01309299
227.59295499 2116.20941522
228.375733855 2114.4749901
229.15851272 2112.79333392
229.941291585 2111.1589594
230.72407045 2109.55964494
231.506849315 2107.99464775
232.28962818 2106.46663306
233.072407045 2104.96381325
233.85518591 2103.47535731
234.637964775 2102.00579153
235.42074364 2100.55710936
236.203522505 2099.13282504
236.98630137 2097.73943321
237.769080235 2096.36870104
238.5518591 2095.01322401
239.334637965 2093.66979107
240.11741683 2092.33246958
240.900195695 2091.0044105
241.68297456 2089.69114419
242.465753425 2088.38850221
243.24853229 2087.09340518
244.031311155 2085.81241347
244.81409002 2084.5484357
245.596868885 2083.31001898
246.37964775 2082.10859988
247.162426614 2080.9321388
247.945205479 2079.76735035
248.727984344 2078.6137539
249.510763209 2077.46733255
250.293542074 2076.3216635
251.076320939 2075.17597173
251.859099804 2074.01627298
252.641878669 2072.82734762
253.424657534 2071.62489899
254.207436399 2070.42269906
254.990215264 2069.23143242
255.772994129 2068.06766145
256.555772994 2066.9281171
257.338551859 2065.80950208
258.121330724 2064.7176787
258.904109589 2063.65496398
259.686888454 2062.63034947
260.469667319 2061.6566172
261.252446184 2060.73295541
262.035225049 2059.85903159
262.818003914 2059.05159406
263.600782779 2058.32100993
264.383561644 2057.6870898
265.166340509 2057.17351204
265.949119374 2056.76406227
266.731898239 2056.44306791
267.514677104 2056.20491632
268.297455969 2056.03685411
269.080234834 2055.94231307
269.863013699 2055.92728842
270.645792564 2055.98372093
271.428571429 2056.10602558
272.211350294 2056.29611195
272.994129159 2056.55170428
273.776908023 2056.88069725
274.559686888 2057.29320942
275.342465753 2057.7759471
276.125244618 2058.32055181
276.908023483 2058.91654545
277.690802348 2059.54835363
278.473581213 2060.2347402
279.256360078 2060.9976987
280.039138943 2061.83929706
280.821917808 2062.76687835
281.604696673 2063.79523559
282.387475538 2064.93184982
283.170254403 2066.20062792
283.953033268 2067.62904267
284.735812133 2069.20133653
285.518590998 2070.9014139
286.301369863 2072.73046479
287.084148728 2074.68255832
287.866927593 2076.75765032
288.649706458 2078.96326111
289.432485323 2081.28447004
290.215264188 2083.70629417
290.998043053 2086.25277963
291.780821918 2088.94262673
292.563600783 2091.79863331
293.346379648 2094.85153686
294.129158513 2098.09137709
294.911937378 2101.51133245
295.694716243 2105.11379359
296.477495108 2108.8923178
297.260273973 2112.87324011
298.043052838 2117.09086379
298.825831703 2121.54205651
299.608610568 2126.22707299
300.391389432 2131.18241421
301.174168297 2136.42748256
301.956947162 2142.00856176
302.739726027 2147.98105515
303.522504892 2154.29716772
304.305283757 2160.90811165
305.088062622 2167.79783811
305.870841487 2174.93233207
306.653620352 2182.30326038
307.436399217 2189.91217665
308.219178082 2197.72166059
309.001956947 2205.69570581
309.784735812 2213.8448864
310.567514677 2222.17346353
311.350293542 2230.68599334
312.133072407 2239.39562357
312.915851272 2248.27790994
313.698630137 2257.30927664
314.481409002 2266.47935151
315.264187867 2275.77114955
316.046966732 2285.1845989
316.829745597 2294.72507759
317.612524462 2304.3770081
318.395303327 2314.12658023
319.178082192 2323.98215336
319.960861057 2333.94448488
320.743639922 2344.02468833
321.526418787 2354.24019028
322.309197652 2364.55975731
323.091976517 2374.94880899
323.874755382 2385.40126371
324.657534247 2395.90396748
325.440313112 2406.43442684
326.223091977 2416.98233005
327.005870841 2427.51089729
327.788649706 2437.97944364
328.571428571 2448.41591093
329.354207436 2458.84662131
330.136986301 2469.28202522
330.919765166 2479.74483235
331.702544031 2490.23069615
332.485322896 2500.73082356
333.268101761 2511.26071058
334.050880626 2521.83248625
334.833659491 2532.44222264
335.616438356 2543.09140148
336.399217221 2553.77192137
337.181996086 2564.4721147
337.964774951 2575.20873146
338.747553816 2585.99394005
339.530332681 2596.83969947
340.313111546 2607.763582
341.095890411 2618.74961163
341.878669276 2629.77912943
342.661448141 2640.85117852
343.444227006 2651.9594839
344.227005871 2663.09474957
345.009784736 2674.25358231
345.792563601 2685.41801204
346.575342466 2696.56783351
347.358121331 2707.71579943
348.140900196 2718.87409666
348.923679061 2730.0441414
349.706457926 2741.23281908
350.489236791 2752.43851535
351.272015656 2763.65519708
352.054794521 2774.89165261
352.837573386 2786.15583391
353.62035225 2797.43488169
354.403131115 2808.71928961
355.18590998 2819.99560201
355.968688845 2831.2459829
356.75146771 2842.47644079
357.534246575 2853.69050142
358.31702544 2864.88758113
359.099804305 2876.0721078
359.88258317 2887.226685
360.665362035 2898.32984447
361.4481409 2909.38027719
362.230919765 2920.37376248
363.01369863 2931.29025851
363.796477495 2942.11891813
364.57925636 2952.83165262
365.362035225 2963.39630394
366.14481409 2973.83529423
366.927592955 2984.16891629
367.71037182 2994.40772902
368.493150685 3004.57234874
369.27592955 3014.65428323
370.058708415 3024.6431182
370.84148728 3034.54650491
371.624266145 3044.36695863
372.40704501 3054.10776825
373.189823875 3063.77905484
373.97260274 3073.3694966
374.755381605 3082.86626973
375.53816047 3092.29236432
376.320939335 3101.66072872
377.1037182 3110.99385405
377.886497065 3120.32241988
378.66927593 3129.61126413
379.452054795 3138.82123634
380.234833659 3147.94472977
381.017612524 3156.96352921
381.800391389 3165.85696712
382.583170254 3174.61549652
383.365949119 3183.20054436
384.148727984 3191.56969523
384.931506849 3199.74327502
385.714285714 3207.74046225
386.497064579 3215.56011573
387.279843444 3223.21170194
388.062622309 3230.68828495
388.845401174 3237.97419385
389.628180039 3245.08380233
390.410958904 3252.02987799
391.193737769 3258.78315492
391.976516634 3265.32230716
392.759295499 3271.6152201
393.542074364 3277.62078287
394.324853229 3283.35308643
395.107632094 3288.82023454
395.890410959 3294.0225041
396.673189824 3298.97261424
397.455968689 3303.62951977
398.238747554 3307.94180516
399.021526419 3311.91097871
399.804305284 3315.5323188
400.587084149 3318.7559655
401.369863014 3321.55610641
402.152641879 3323.86648882
402.935420744 3325.6091371
403.718199609 3326.84923279
404.500978474 3327.6519368
405.283757339 3328.04125961
406.066536204 3328.066453
406.849315068 3327.73345351
407.632093933 3327.03637
408.414872798 3326.02173262
409.197651663 3324.73213773
409.980430528 3323.15877945
410.763209393 3321.30279738
411.545988258 3319.15640556
412.328767123 3316.7018822
413.111545988 3313.97714138
413.894324853 3311.01502458
414.677103718 3307.8386781
415.459882583 3304.48156685
416.242661448 3300.93172673
417.025440313 3297.17116566
417.808219178 3293.21287428
418.590998043 3289.06319699
419.373776908 3284.71305743
420.156555773 3280.16387125
420.939334638 3275.39606322
421.722113503 3270.38431085
422.504892368 3265.1645922
423.287671233 3259.77416279
424.070450098 3254.22354759
424.853228963 3248.53288
425.636007828 3242.71858792
426.418786693 3236.78611334
427.201565558 3230.77006362
427.984344423 3224.70647965
428.767123288 3218.57344461
429.549902153 3212.35263312
430.332681018 3206.03271439
431.115459883 3199.59157758
431.898238748 3193.04100494
432.681017613 3186.39388689
433.463796477 3179.64485567
434.246575342 3172.79410933
435.029354207 3165.83716409
435.812133072 3158.76353595
436.594911937 3151.58183702
437.377690802 3144.30089277
438.160469667 3136.90212299
438.943248532 3129.37569501
439.726027397 3121.70060669
440.508806262 3113.84988032
441.291585127 3105.85209428
442.074363992 3097.73584087
442.857142857 3089.51347779
443.639921722 3081.20709775
444.422700587 3072.82041296
445.205479452 3064.35279237
445.988258317 3055.82329815
446.771037182 3047.24866781
447.553816047 3038.62945527
448.336594912 3029.97081135
449.119373777 3021.26977113
449.902152642 3012.51974576
450.684931507 3003.74040783
451.467710372 2994.94710212
452.250489237 2986.15474072
453.033268102 2977.38342932
453.816046967 2968.62163838
454.598825832 2959.85496074
455.381604697 2951.08641112
456.164383562 2942.31400209
456.947162427 2933.53115355
457.729941292 2924.73723233
458.512720157 2915.91740492
459.295499022 2907.05423276
460.078277886 2898.16448118
460.861056751 2889.26469328
461.643835616 2880.35906518
462.426614481 2871.45740895
463.209393346 2862.56267326
463.992172211 2853.6726522
464.774951076 2844.80127069
465.557729941 2835.96207171
466.340508806 2827.14315716
467.123287671 2818.33611538
467.906066536 2809.52988786
468.688845401 2800.7082129
469.471624266 2791.88073172
470.254403131 2783.05522207
471.037181996 2774.23294335
471.819960861 2765.42063924
472.602739726 2756.605518
473.385518591 2747.76957707
474.168297456 2738.91820871
474.951076321 2730.05488074
475.733855186 2721.15910677
476.516634051 2712.22087592
477.299412916 2703.21437746
478.082191781 2694.10765618
478.864970646 2684.93292642
479.647749511 2675.72395908
480.430528376 2666.49070909
481.213307241 2657.25396374
481.996086106 2648.02483089
482.778864971 2638.80653424
483.561643836 2629.62806068
484.344422701 2620.51913858
485.127201566 2611.46870329
485.909980431 2602.46849008
486.692759295 2593.51755781
487.47553816 2584.60775351
488.258317025 2575.75116788
489.04109589 2566.96283018
489.823874755 2558.24138988
490.60665362 2549.58856642
491.389432485 2541.01565939
492.17221135 2532.52876839
492.954990215 2524.14627179
493.73776908 2515.88929834
494.520547945 2507.74892631
495.30332681 2499.72149661
496.086105675 2491.8022581
496.86888454 2483.97912191
497.651663405 2476.27992487
498.43444227 2468.73782716
499.217221135 2461.35413535
500 2454.13530745
