100 2276.67208008
100.782778865 2282.42337309
101.56555773 2288.16562847
102.348336595 2293.89792434
103.13111546 2299.61935608
103.913894325 2305.32902889
104.69667319 2311.02606044
105.479452055 2316.70957403
106.26223092 2322.37870046
107.045009785 2328.03258314
107.82778865 2333.6703628
108.610567515 2339.29116669
109.39334638 2344.8941098
110.176125245 2350.47829241
110.95890411 2356.04281031
111.741682975 2361.58676862
112.52446184 2367.10927385
113.307240705 2372.60942778
114.090019569 2378.08632997
114.872798434 2383.53907228
115.655577299 2388.96674518
116.438356164 2394.36844719
117.221135029 2399.74327381
118.003913894 2405.09031234
118.786692759 2410.40864809
119.569471624 2415.69736572
120.352250489 2420.95556249
121.135029354 2426.18236425
121.917808219 2431.3769203
122.700587084 2436.53839908
123.483365949 2441.66599057
124.266144814 2446.75889984
125.048923679 2451.81635006
125.831702544 2456.8375876
126.614481409 2461.82186832
127.397260274 2466.76844866
128.180039139 2471.67658597
128.962818004 2476.5455356
129.745596869 2481.37456095
130.528375734 2486.16294614
131.311154599 2490.90998779
132.093933464 2495.61498899
132.876712329 2500.27726013
133.659491194 2504.89611207
134.442270059 2509.47086118
135.225048924 2514.00083672
136.007827789 2518.48536816
136.790606654 2522.92377873
137.573385519 2527.31539004
138.356164384 2531.65952275
139.138943249 2535.95550932
139.921722114 2540.20270967
140.704500978 2544.4005046
141.487279843 2548.5482901
142.270058708 2552.645478
143.052837573 2556.69148795
143.835616438 2560.68575078
144.618395303 2564.62771431
145.401174168 2568.51682985
146.183953033 2572.35254409
146.966731898 2576.13429959
147.749510763 2579.86153157
148.532289628 2583.53367967
149.315068493 2587.15020185
150.097847358 2590.71056678
150.880626223 2594.21424873
151.663405088 2597.66072799
152.446183953 2601.04948355
153.228962818 2604.38000007
154.011741683 2607.65177737
154.794520548 2610.86432016
155.577299413 2614.01713445
156.360078278 2617.10973228
157.142857143 2620.14163158
157.925636008 2623.11236966
158.708414873 2626.02151847
159.491193738 2628.86867953
160.273972603 2631.65348058
161.056751468 2634.37557624
161.839530333 2637.03464056
162.622309198 2639.63037113
163.405088063 2642.16249472
164.187866928 2644.63075578
164.970645793 2647.0349101
165.753424658 2649.37472451
166.536203523 2651.64997308
167.318982387 2653.86044686
168.101761252 2656.00596494
168.884540117 2658.08636696
169.667318982 2660.10150809
170.450097847 2662.05125803
171.232876712 2663.93549322
172.015655577 2665.75410161
172.798434442 2667.50698909
173.581213307 2669.19406908
174.363992172 2670.81525824
175.146771037 2672.37047928
175.929549902 2673.8596602
176.712328767 2675.28274539
177.495107632 2676.63970842
178.277886497 2677.93054659
179.060665362 2679.15527673
179.843444227 2680.31393439
180.626223092 2681.40656607
181.409001957 2682.43323266
182.191780822 2683.39401466
182.974559687 2684.28900197
183.757338552 2685.11828872
184.540117417 2685.88197274
185.322896282 2686.58015196
186.105675147 2687.21293385
186.888454012 2687.78044587
187.671232877 2688.28282877
188.454011742 2688.72023222
189.236790607 2689.0928128
190.019569472 2689.40072603
190.802348337 2689.64413156
191.585127202 2689.82320013
192.367906067 2689.93810592
193.150684932 2689.98902473
193.933463796 2689.97613622
194.716242661 2689.89962233
195.499021526 2689.75967793
196.281800391 2689.55652192
197.064579256 2689.29039313
197.847358121 2688.96154801
198.630136986 2688.57025861
199.412915851 2688.11680476
200.195694716 2687.60147754
200.978473581 2687.02458357
201.761252446 2686.38643679
202.544031311 2685.68735507
203.326810176 2684.9276584
204.109589041 2684.10766434
204.892367906 2683.22769569
205.675146771 2682.28808811
206.457925636 2681.28918387
207.240704501 2680.23132827
208.023483366 2679.1148662
208.806262231 2677.94013411
209.589041096 2676.70746361
210.371819961 2675.41718608
211.154598826 2674.06962543
211.937377691 2672.66509634
212.720156556 2671.20390521
213.502935421 2669.68634829
214.285714286 2668.11272085
215.068493151 2666.48332641
215.851272016 2664.7984731
216.634050881 2663.05847152
217.416829746 2661.26363246
218.199608611 2659.41425986
218.982387476 2657.51065439
219.765166341 2655.55311776
220.547945205 2653.54194635
221.33072407 2651.47742928
222.113502935 2649.35984747
222.8962818 2647.18947025
223.679060665 2644.96656356
224.46183953 2642.69139765
225.244618395 2640.36424258
226.02739726 2637.98536586
226.810176125 2635.55502954
227.59295499 2633.07348327
228.375733855 2630.54096894
229.15851272 2627.9577264
229.941291585 2625.32398896
230.72407045 2622.63998411
231.506849315 2619.90593472
232.28962818 2617.12205767
233.072407045 2614.28857293
233.85518591 2611.40571208
234.637964775 2608.47371634
235.42074364 2605.49283618
236.203522505 2602.463329
236.98630137 2599.3854529
237.769080235 2596.25947061
238.5518591 2593.08565352
239.334637965 2589.86427729
240.11741683 2586.59562154
240.900195695 2583.27996827
241.68297456 2579.91759821
242.465753425 2576.50879745
243.24853229 2573.0538629
244.031311155 2569.55309829
244.81409002 2566.00681233
245.596868885 2562.41531489
246.37964775 2558.77891018
247.162426614 2555.09790014
247.945205479 2551.37258817
248.727984344 2547.60327558
249.510763209 2543.79026252
250.293542074 2539.93384853
251.076320939 2536.03433141
251.859099804 2532.09201541
252.641878669 2528.10721865
253.424657534 2524.08027185
254.207436399 2520.01151841
254.990215264 2515.90131176
255.772994129 2511.75000964
256.555772994 2507.55797837
257.338551859 2503.32559703
258.121330724 2499.05325469
258.904109589 2494.74135148
259.686888454 2490.39029752
260.469667319 2486.00051004
261.252446184 2481.57242085
262.035225049 2477.10648203
262.818003914 2472.60316279
263.600782779 2468.06294822
264.383561644 2463.4863348
265.166340509 2458.87382322
265.949119374 2454.22592232
266.731898239 2449.54315332
267.514677104 2444.82604766
268.297455969 2440.07514929
269.080234834 2435.29101439
269.863013699 2430.47420903
270.645792564 2425.62531686
271.428571429 2420.744945
272.211350294 2415.83372275
272.994129159 2410.89230193
273.776908023 2405.92135212
274.559686888 2400.92155362
275.342465753 2395.89360092
276.125244618 2390.8382055
276.908023483 2385.75609339
277.690802348 2380.64800656
278.473581213 2375.51469956
279.256360078 2370.35693443
280.039138943 2365.17548563
280.821917808 2359.97114256
281.604696673 2354.74470541
282.387475538 2349.4969834
283.170254403 2344.22878803
283.953033268 2338.94092443
284.735812133 2333.63419343
285.518590998 2328.30939328
286.301369863 2322.96731747
287.084148728 2317.60875697
287.866927593 2312.23449858
288.649706458 2306.84532222
289.432485323 2301.44200767
290.215264188 2296.02533925
290.998043053 2290.5961054
291.780821918 2285.15509981
292.563600783 2279.70311677
293.346379648 2274.24094515
294.129158513 2268.76937295
294.911937378 2263.28919121
295.694716243 2257.80119403
296.477495108 2252.30618251
297.260273973 2246.80496278
298.043052838 2241.29834247
298.825831703 2235.78713707
299.608610568 2230.27217302
300.391389432 2224.75428511
301.174168297 2219.2343155
301.956947162 2213.71310627
302.739726027 2208.19149051
303.522504892 2202.67029518
304.305283757 2197.15034404
305.088062622 2191.63245825
305.870841487 2186.11746146
306.653620352 2180.60617747
307.436399217 2175.09942651
308.219178082 2169.59803211
309.001956947 2164.10282445
309.784735812 2158.61464074
310.567514677 2153.1343275
311.350293542 2147.66273288
312.133072407 2142.20069878
312.915851272 2136.74906554
313.698630137 2131.30867526
314.481409002 2125.88037399
315.264187867 2120.46501813
316.046966732 2115.06346995
316.829745597 2109.67659148
317.612524462 2104.30524927
318.395303327 2098.95031411
319.178082192 2093.61265864
319.960861057 2088.29315755
320.743639922 2082.99267721
321.526418787 2077.71206543
322.309197652 2072.45215356
323.091976517 2067.21375749
323.874755382 2061.99768033
324.657534247 2056.80471989
325.440313112 2051.63566519
326.223091977 2046.49129295
327.005870841 2041.37237454
327.788649706 2036.27967845
328.571428571 2031.21397292
329.354207436 2026.17603078
330.136986301 2021.16662151
330.919765166 2016.18650446
331.702544031 2011.23643509
332.485322896 2006.31716888
333.268101761 2001.42946627
334.050880626 1996.57410207
334.833659491 1991.75186178
335.616438356 1986.96353711
336.399217221 1982.20993278
337.181996086 1977.49186727
337.964774951 1972.81017166
338.747553816 1968.16569082
339.530332681 1963.55927187
340.313111546 1958.9917531
341.095890411 1954.46396665
341.878669276 1949.97673995
342.661448141 1945.53089908
343.444227006 1941.12727711
344.227005871 1936.76670881
345.009784736 1932.45002474
345.792563601 1928.17805734
346.575342466 1923.95164127
347.358121331 1919.77161464
348.140900196 1915.63882282
348.923679061 1911.55410692
349.706457926 1907.51829393
350.489236791 1903.53220182
351.272015656 1899.59664193
352.054794521 1895.7124242
352.837573386 1891.88036697
353.62035225 1888.10129029
354.403131115 1884.37600809
355.18590998 1880.70533198
355.968688845 1877.09006811
356.75146771 1873.53101557
357.534246575 1870.02896815
358.31702544 1866.58470072
359.099804305 1863.19895744
359.88258317 1859.87245318
360.665362035 1856.60587268
361.4481409 1853.39987551
362.230919765 1850.25510574
363.01369863 1847.17218557
363.796477495 1844.15170954
364.57925636 1841.19424911
365.362035225 1838.30035115
366.14481409 1835.47054144
366.927592955 1832.70533119
367.71037182 1830.00520731
368.493150685 1827.37062599
369.27592955 1824.80201888
370.058708415 1822.29979595
370.84148728 1819.86435416
371.624266145 1817.49608996
372.40704501 1815.19539497
373.189823875 1812.96265137
373.97260274 1810.79823634
374.755381605 1808.7025191
375.53816047 1806.6758617
376.320939335 1804.71862191
377.1037182 1802.83114053
377.886497065 1801.01373129
378.66927593 1799.26668243
379.452054795 1797.59025615
380.234833659 1795.98469602
381.017612524 1794.45023809
381.800391389 1792.98710445
382.583170254 1791.59549758
383.365949119 1790.27560422
384.148727984 1789.02759241
384.931506849 1787.85161538
385.714285714 1786.74781789
386.497064579 1785.71632415
387.279843444 1784.75722995
388.062622309 1783.87060826
388.845401174 1783.05651127
389.628180039 1782.31498057
390.410958904 1781.64606096
391.193737769 1781.04979406
391.976516634 1780.52621162
392.759295499 1780.07533828
393.542074364 1779.69718594
394.324853229 1779.39175496
395.107632094 1779.15903822
395.890410959 1778.99900683
396.673189824 1778.91159973
397.455968689 1778.89672499
398.238747554 1778.9542583
399.021526419 1779.08405256
399.804305284 1779.28595141
400.587084149 1779.55978256
401.369863014 1779.90535312
402.152641879 1780.32245376
402.935420744 1780.81085537
403.718199609 1781.37031563
404.500978474 1782.00058802
405.283757339 1782.70141091
406.066536204 1783.47250169
406.849315068 1784.31356349
407.632093933 1785.22428736
408.414872798 1786.20436417
409.197651663 1787.25350004
409.980430528 1788.37141114
410.763209393 1789.55781931
411.545988258 1790.81245668
412.328767123 1792.13506155
413.111545988 1793.52538069
413.894324853 1794.98317396
414.677103718 1796.50820047
415.459882583 1798.10020846
416.242661448 1799.75893706
417.025440313 1801.4841151
417.808219178 1803.27546975
418.590998043 1805.13273897
419.373776908 1807.05566418
420.156555773 1809.04398425
420.939334638 1811.09743925
421.722113503 1813.21576633
422.504892368 1815.39870396
423.287671233 1817.64599848
424.070450098 1819.95739084
424.853228963 1822.33260792
425.636007828 1824.77136746
426.418786693 1827.27337888
427.201565558 1829.83835289
427.984344423 1832.46601492
428.767123288 1835.15609745
429.549902153 1837.90833251
430.332681018 1840.72245387
431.115459883 1843.59819059
431.898238748 1846.53526769
432.681017613 1849.53340975
433.463796477 1852.59232596
434.246575342 1855.71169907
435.029354207 1858.89118599
435.812133072 1862.13041529
436.594911937 1865.42899534
437.377690802 1868.78652639
438.160469667 1872.20259298
438.943248532 1875.6767582
439.726027397 1879.2085668
440.508806262 1882.79754099
441.291585127 1886.44318577
442.074363992 1890.14499703
442.857142857 1893.90245077
443.639921722 1897.71499733
444.422700587 1901.58206741
445.205479452 1905.50307391
445.988258317 1909.47742322
446.771037182 1913.50452975
447.553816047 1917.58381092
448.336594912 1921.71468273
449.119373777 1925.89656311
449.902152642 1930.12886699
450.684931507 1934.41100817
451.467710372 1938.74240323
452.250489237 1943.12245769
453.033268102 1947.55055612
453.816046967 1952.02606308
454.598825832 1956.54832142
455.381604697 1961.11666139
456.164383562 1965.73041309
456.947162427 1970.38889908
457.729941292 1975.09142853
458.512720157 1979.83730021
459.295499022 1984.6257979
460.078277886 1989.45619506
460.861056751 1994.327762
461.643835616 1999.2397527
462.426614481 2004.19139696
463.209393346 2009.1819058
463.992172211 2014.21047281
464.774951076 2019.2762856
465.557729941 2024.37854083
466.340508806 2029.51643702
467.123287671 2034.6891677
467.906066536 2039.89592347
468.688845401 2045.13588508
469.471624266 2050.40822506
470.254403131 2055.71211221
471.037181996 2061.04669624
471.819960861 2066.41109711
472.602739726 2071.80440596
473.385518591 2077.22568291
474.168297456 2082.67396775
474.951076321 2088.14829433
475.733855186 2093.64768339
476.516634051 2099.17113768
477.299412916 2104.71764598
478.082191781 2110.28617902
478.864970646 2115.8756967
479.647749511 2121.48515798
480.430528376 2127.11350925
481.213307241 2132.75967857
481.996086106 2138.42258278
482.778864971 2144.10112965
483.561643836 2149.79423107
484.344422701 2155.50081973
485.127201566 2161.21984373
485.909980431 2166.95026217
486.692759295 2172.69104982
487.47553816 2178.44119249
488.258317025 2184.19968968
489.04109589 2189.96555958
489.823874755 2195.73782426
490.60665362 2201.51549906
491.389432485 2207.29759428
492.17221135 2213.08311373
492.954990215 2218.87106432
493.73776908 2224.66046947
494.520547945 2230.45036116
495.30332681 2236.23977353
496.086105675 2242.0277465
496.86888454 2247.81332114
497.651663405 2253.5955444
498.43444227 2259.37347652
499.217221135 2265.14617705
500 2270.91269611
