100 8499.66562012
100.782778865 8499.66562012
101.56555773 8499.66562012
102.348336595 8499.66562012
103.13111546 8499.66562012
103.913894325 8499.66562012
104.69667319 8499.66562012
105.479452055 8499.66562012
106.26223092 8499.66562012
107.045009785 8499.66562012
107.82778865 8499.66562012
108.610567515 8499.66562012
109.39334638 8499.66562012
110.176125245 8499.66562012
110.95890411 8499.66562012
111.741682975 8499.66562012
112.52446184 8499.66562012
113.307240705 8499.66562012
114.090019569 8499.66562012
114.872798434 8499.66562012
115.655577299 8499.66562012
116.438356164 8499.66562012
117.221135029 8499.66562012
118.003913894 8499.66562012
118.786692759 8499.66562012
119.569471624 8499.66562012
120.352250489 8499.66562012
121.135029354 8499.66562012
121.917808219 8499.66562012
122.700587084 8499.66562012
123.483365949 8499.66562012
124.266144814 8499.66562012
125.048923679 8499.66562012
125.831702544 8499.66562012
126.614481409 8499.66562012
127.397260274 8499.66562012
128.180039139 8499.66562012
128.962818004 8499.66562012
129.745596869 8499.66562012
130.528375734 8499.66562012
131.311154599 8499.66562012
132.093933464 8499.66562012
132.876712329 8499.66562012
133.659491194 8499.66562012
134.442270059 8499.66562012
135.225048924 8499.66562012
136.007827789 8499.66562012
136.790606654 8499.66562012
137.573385519 8499.66562012
138.356164384 8499.66562012
139.138943249 8499.66562012
139.921722114 8499.66562012
140.704500978 8499.66562012
141.487279843 8499.66562012
142.270058708 8499.66562012
143.052837573 8499.66562012
143.835616438 8499.66562012
144.618395303 8499.66562012
145.401174168 8499.66562012
146.183953033 8499.66562012
146.966731898 8499.66562012
147.749510763 8499.66562012
148.532289628 8499.66562012
149.315068493 8499.66562012
150.097847358 8499.66562012
150.880626223 8499.66562012
151.663405088 8499.66562012
152.446183953 8499.66562012
153.228962818 8499.66562012
154.011741683 8499.66562012
154.794520548 8499.66562012
155.577299413 8499.66562012
156.360078278 8499.66562012
157.142857143 8499.66562012
157.925636008 8499.66562012
158.708414873 8499.66562012
159.491193738 8499.66562012
160.273972603 8499.66562012
161.056751468 8499.66562012
161.839530333 8499.66562012
162.622309198 8499.66562012
163.405088063 8499.66562012
164.187866928 8499.66562012
164.970645793 8499.66562012
165.753424658 8499.66562012
166.536203523 8499.66562012
167.318982387 8499.66562012
168.101761252 8499.66562012
168.884540117 8499.66562012
169.667318982 8499.66562012
170.450097847 8499.66562012
171.232876712 8499.66562012
172.015655577 8499.66562012
172.798434442 8499.66562012
173.581213307 8499.66562012
174.363992172 8499.66562012
175.146771037 8499.66562012
175.929549902 8499.66562012
176.712328767 8499.66562012
177.495107632 8499.66562012
178.277886497 8499.66562012
179.060665362 8499.66562012
179.843444227 8499.66562012
180.626223092 8499.66562012
181.409001957 8499.66562012
182.191780822 8499.66562012
182.974559687 8499.66562012
183.757338552 8499.66562012
184.540117417 8499.66562012
185.322896282 8499.66562012
186.105675147 8499.66562012
186.888454012 8499.66562012
187.671232877 8499.66562012
188.454011742 8499.66562012
189.236790607 8499.66562012
190.019569472 8499.66562012
190.802348337 8499.66562012
191.585127202 8499.66562012
192.367906067 8499.66562012
193.150684932 8499.66562012
193.933463796 8499.66562012
194.716242661 8499.66562012
195.499021526 8499.66562012
196.281800391 8499.66562012
197.064579256 8499.66562012
197.847358121 8499.66562012
198.630136986 8499.66562012
199.412915851 8499.66562012
200.195694716 9647.26061696
200.978473581 9647.26061696
201.761252446 9647.26061696
202.544031311 9647.26061696
203.326810176 9647.26061696
204.109589041 9647.26061696
204.892367906 9647.26061696
205.675146771 9647.26061696
206.457925636 9647.26061696
207.240704501 9647.26061696
208.023483366 9647.26061696
208.806262231 9647.26061696
209.589041096 9647.26061696
210.371819961 9647.26061696
211.154598826 9647.26061696
211.937377691 9647.26061696
212.720156556 9647.26061696
213.502935421 9647.26061696
214.285714286 9647.26061696
215.068493151 9647.26061696
215.851272016 9647.26061696
216.634050881 9647.26061696
217.416829746 9647.26061696
218.199608611 9647.26061696
218.982387476 9647.26061696
219.765166341 9647.26061696
220.547945205 9647.26061696
221.33072407 9647.26061696
222.113502935 9647.26061696
222.8962818 9647.26061696
223.679060665 9647.26061696
224.46183953 9647.26061696
225.244618395 9647.26061696
226.02739726 9647.26061696
226.810176125 9647.26061696
227.59295499 9647.26061696
228.375733855 9647.26061696
229.15851272 9647.26061696
229.941291585 9647.26061696
230.72407045 9647.26061696
231.506849315 9647.26061696
232.28962818 9647.26061696
233.072407045 9647.26061696
233.85518591 9647.26061696
234.637964775 9647.26061696
235.42074364 9647.26061696
236.203522505 9647.26061696
236.98630137 9647.26061696
237.769080235 9647.26061696
238.5518591 9647.26061696
239.334637965 9647.26061696
240.11741683 9647.26061696
240.900195695 9647.26061696
241.68297456 9647.26061696
242.465753425 9647.26061696
243.24853229 9647.26061696
244.031311155 9647.26061696
244.81409002 9647.26061696
245.596868885 9647.26061696
246.37964775 9647.26061696
247.162426614 9647.26061696
247.945205479 9647.26061696
248.727984344 9647.26061696
249.510763209 9647.26061696
250.293542074 9647.26061696
251.076320939 9647.26061696
251.859099804 9647.26061696
252.641878669 9647.26061696
253.424657534 9647.26061696
254.207436399 9647.26061696
254.990215264 9647.26061696
255.772994129 9647.26061696
256.555772994 9647.26061696
257.338551859 9647.26061696
258.121330724 9647.26061696
258.904109589 9647.26061696
259.686888454 9647.26061696
260.469667319 9647.26061696
261.252446184 9647.26061696
262.035225049 9647.26061696
262.818003914 9647.26061696
263.600782779 9647.26061696
264.383561644 9647.26061696
265.166340509 9647.26061696
265.949119374 9647.26061696
266.731898239 9647.26061696
267.514677104 9647.26061696
268.297455969 9647.26061696
269.080234834 9647.26061696
269.863013699 9647.26061696
270.645792564 9647.26061696
271.428571429 9647.26061696
272.211350294 9647.26061696
272.994129159 9647.26061696
273.776908023 9647.26061696
274.559686888 9647.26061696
275.342465753 9647.26061696
276.125244618 9647.26061696
276.908023483 9647.26061696
277.690802348 9647.26061696
278.473581213 9647.26061696
279.256360078 9647.26061696
280.039138943 9647.26061696
280.821917808 9647.26061696
281.604696673 9647.26061696
282.387475538 9647.26061696
283.170254403 9647.26061696
283.953033268 9647.26061696
284.735812133 9647.26061696
285.518590998 9647.26061696
286.301369863 9647.26061696
287.084148728 9647.26061696
287.866927593 9647.26061696
288.649706458 9647.26061696
289.432485323 9647.26061696
290.215264188 9647.26061696
290.998043053 9647.26061696
291.780821918 9647.26061696
292.563600783 9647.26061696
293.346379648 9647.26061696
294.129158513 9647.26061696
294.911937378 9647.26061696
295.694716243 9647.26061696
296.477495108 9647.26061696
297.260273973 9647.26061696
298.043052838 9647.26061696
298.825831703 9647.26061696
299.608610568 9647.26061696
300.391389432 7843.57366847
301.174168297 7843.57366847
301.956947162 7843.57366847
302.739726027 7843.57366847
303.522504892 7843.57366847
304.305283757 7843.57366847
305.088062622 7843.57366847
305.870841487 7843.57366847
306.653620352 7843.57366847
307.436399217 7843.57366847
308.219178082 7843.57366847
309.001956947 7843.57366847
309.784735812 7843.57366847
310.567514677 7843.57366847
311.350293542 7843.57366847
312.133072407 7843.57366847
312.915851272 7843.57366847
313.698630137 7843.57366847
314.481409002 7843.57366847
315.264187867 7843.57366847
316.046966732 7843.57366847
316.829745597 7843.57366847
317.612524462 7843.57366847
318.395303327 7843.57366847
319.178082192 7843.57366847
319.960861057 7843.57366847
320.743639922 7843.57366847
321.526418787 7843.57366847
322.309197652 7843.57366847
323.091976517 7843.57366847
323.874755382 7843.57366847
324.657534247 7843.57366847
325.440313112 7843.57366847
326.223091977 7843.57366847
327.005870841 7843.57366847
327.788649706 7843.57366847
328.571428571 7843.57366847
329.354207436 7843.57366847
330.136986301 7843.57366847
330.919765166 7843.57366847
331.702544031 7843.57366847
332.485322896 7843.57366847
333.268101761 7843.57366847
334.050880626 7843.57366847
334.833659491 7843.57366847
335.616438356 7843.57366847
336.399217221 7843.57366847
337.181996086 7843.57366847
337.964774951 7843.57366847
338.747553816 7843.57366847
339.530332681 7843.57366847
340.313111546 7843.57366847
341.095890411 7843.57366847
341.878669276 7843.57366847
342.661448141 7843.57366847
343.444227006 7843.57366847
344.227005871 7843.57366847
345.009784736 7843.57366847
345.792563601 7843.57366847
346.575342466 7843.57366847
347.358121331 7843.57366847
348.140900196 7843.57366847
348.923679061 7843.57366847
349.706457926 7843.57366847
350.489236791 7843.57366847
351.272015656 7843.57366847
352.054794521 7843.57366847
352.837573386 7843.57366847
353.62035225 7843.57366847
354.403131115 7843.57366847
355.18590998 7843.57366847
355.968688845 7843.57366847
356.75146771 7843.57366847
357.534246575 7843.57366847
358.31702544 7843.57366847
359.099804305 7843.57366847
359.88258317 7843.57366847
360.665362035 7843.57366847
361.4481409 7843.57366847
362.230919765 7843.57366847
363.01369863 7843.57366847
363.796477495 7843.57366847
364.57925636 7843.57366847
365.362035225 7843.57366847
366.14481409 7843.57366847
366.927592955 7843.57366847
367.71037182 7843.57366847
368.493150685 7843.57366847
369.27592955 7843.57366847
370.058708415 7843.57366847
370.84148728 7843.57366847
371.624266145 7843.57366847
372.40704501 7843.57366847
373.189823875 7843.57366847
373.97260274 7843.57366847
374.755381605 7843.57366847
375.53816047 7843.57366847
376.320939335 7843.57366847
377.1037182 7843.57366847
377.886497065 7843.57366847
378.66927593 7843.57366847
379.452054795 7843.57366847
380.234833659 7843.57366847
381.017612524 7843.57366847
381.800391389 7843.57366847
382.583170254 7843.57366847
383.365949119 7843.57366847
384.148727984 7843.57366847
384.931506849 7843.57366847
385.714285714 7843.57366847
386.497064579 7843.57366847
387.279843444 7843.57366847
388.062622309 7843.57366847
388.845401174 7843.57366847
389.628180039 7843.57366847
390.410958904 7843.57366847
391.193737769 7843.57366847
391.976516634 7843.57366847
392.759295499 7843.57366847
393.542074364 7843.57366847
394.324853229 7843.57366847
395.107632094 7843.57366847
395.890410959 7843.57366847
396.673189824 7843.57366847
397.455968689 7843.57366847
398.238747554 7843.57366847
399.021526419 7843.57366847
399.804305284 7843.57366847
400.587084149 8780.40964673
401.369863014 8780.40964673
402.152641879 8780.40964673
402.935420744 8780.40964673
403.718199609 8780.40964673
404.500978474 8780.40964673
405.283757339 8780.40964673
406.066536204 8780.40964673
406.849315068 8780.40964673
407.632093933 8780.40964673
408.414872798 8780.40964673
409.197651663 8780.40964673
409.980430528 8780.40964673
410.763209393 8780.40964673
411.545988258 8780.40964673
412.328767123 8780.40964673
413.111545988 8780.40964673
413.894324853 8780.40964673
414.677103718 8780.40964673
415.459882583 8780.40964673
416.242661448 8780.40964673
417.025440313 8780.40964673
417.808219178 8780.40964673
418.590998043 8780.40964673
419.373776908 8780.40964673
420.156555773 8780.40964673
420.939334638 8780.40964673
421.722113503 8780.40964673
422.504892368 8780.40964673
423.287671233 8780.40964673
424.070450098 8780.40964673
424.853228963 8780.40964673
425.636007828 8780.40964673
426.418786693 8780.40964673
427.201565558 8780.40964673
427.984344423 8780.40964673
428.767123288 8780.40964673
429.549902153 8780.40964673
430.332681018 8780.40964673
431.115459883 8780.40964673
431.898238748 8780.40964673
432.681017613 8780.40964673
433.463796477 8780.40964673
434.246575342 8780.40964673
435.029354207 8780.40964673
435.812133072 8780.40964673
436.594911937 8780.40964673
437.377690802 8780.40964673
438.160469667 8780.40964673
438.943248532 8780.40964673
439.726027397 8780.40964673
440.508806262 8780.40964673
441.291585127 8780.40964673
442.074363992 8780.40964673
442.857142857 8780.40964673
443.639921722 8780.40964673
444.422700587 8780.40964673
445.205479452 8780.40964673
445.988258317 8780.40964673
446.771037182 8780.40964673
447.553816047 8780.40964673
448.336594912 8780.40964673
449.119373777 8780.40964673
449.902152642 8780.40964673
450.684931507 8780.40964673
451.467710372 8780.40964673
452.250489237 8780.40964673
453.033268102 8780.40964673
453.816046967 8780.40964673
454.598825832 8780.40964673
455.381604697 8780.40964673
456.164383562 8780.40964673
456.947162427 8780.40964673
457.729941292 8780.40964673
458.512720157 8780.40964673
459.295499022 8780.40964673
460.078277886 8780.40964673
460.861056751 8780.40964673
461.643835616 8780.40964673
462.426614481 8780.40964673
463.209393346 8780.40964673
463.992172211 8780.40964673
464.774951076 8780.40964673
465.557729941 8780.40964673
466.340508806 8780.40964673
467.123287671 8780.40964673
467.906066536 8780.40964673
468.688845401 8780.40964673
469.471624266 8780.40964673
470.254403131 8780.40964673
471.037181996 8780.40964673
471.819960861 8780.40964673
472.602739726 8780.40964673
473.385518591 8780.40964673
474.168297456 8780.40964673
474.951076321 8780.40964673
475.733855186 8780.40964673
476.516634051 8780.40964673
477.299412916 8780.40964673
478.082191781 8780.40964673
478.864970646 8780.40964673
479.647749511 8780.40964673
480.430528376 8780.40964673
481.213307241 8780.40964673
481.996086106 8780.40964673
482.778864971 8780.40964673
483.561643836 8780.40964673
484.344422701 8780.40964673
485.127201566 8780.40964673
485.909980431 8780.40964673
486.692759295 8780.40964673
487.47553816 8780.40964673
488.258317025 8780.40964673
489.04109589 8780.40964673
489.823874755 8780.40964673
490.60665362 8780.40964673
491.389432485 8780.40964673
492.17221135 8780.40964673
492.954990215 8780.40964673
493.73776908 8780.40964673
494.520547945 8780.40964673
495.30332681 8780.40964673
496.086105675 8780.40964673
496.86888454 8780.40964673
497.651663405 8780.40964673
498.43444227 8780.40964673
499.217221135 8780.40964673
500 8780.40964673
