100 2983.69221664
100.782778865 2983.69221664
101.56555773 2983.69221664
102.348336595 2983.69221664
103.13111546 2983.69221664
103.913894325 2983.69221664
104.69667319 2983.69221664
105.479452055 2983.69221664
106.26223092 2983.69221664
107.045009785 2983.69221664
107.82778865 2983.69221664
108.610567515 2983.69221664
109.39334638 2983.69221664
110.176125245 2983.69221664
110.95890411 2983.69221664
111.741682975 2983.69221664
112.52446184 2983.69221664
113.307240705 2983.69221664
114.090019569 2983.69221664
114.872798434 2983.69221664
115.655577299 2983.69221664
116.438356164 2983.69221664
117.221135029 2983.69221664
118.003913894 2983.69221664
118.786692759 2983.69221664
119.569471624 2983.69221664
120.352250489 2983.69221664
121.135029354 2983.69221664
121.917808219 2983.69221664
122.700587084 2983.69221664
123.483365949 2983.69221664
124.266144814 2983.69221664
125.048923679 2983.69221664
125.831702544 2983.69221664
126.614481409 2983.69221664
127.397260274 2983.69221664
128.180039139 2983.69221664
128.962818004 2983.69221664
129.745596869 2983.69221664
130.528375734 2983.69221664
131.311154599 2983.69221664
132.093933464 2983.69221664
132.876712329 2983.69221664
133.659491194 2983.69221664
134.442270059 2983.69221664
135.225048924 2983.69221664
136.007827789 2983.69221664
136.790606654 2983.69221664
137.573385519 2983.69221664
138.356164384 2983.69221664
139.138943249 2983.69221664
139.921722114 2983.69221664
140.704500978 2983.69221664
141.487279843 2983.69221664
142.270058708 2983.69221664
143.052837573 2983.69221664
143.835616438 2983.69221664
144.618395303 2983.69221664
145.401174168 2983.69221664
146.183953033 2983.69221664
146.966731898 2983.69221664
147.749510763 2983.69221664
148.532289628 2983.69221664
149.315068493 2983.69221664
150.097847358 2983.69221664
150.880626223 2983.69221664
151.663405088 2983.69221664
152.446183953 2983.69221664
153.228962818 2983.69221664
154.011741683 2983.69221664
154.794520548 2983.69221664
155.577299413 2983.69221664
156.360078278 2983.69221664
157.142857143 2983.69221664
157.925636008 2983.69221664
158.708414873 2983.69221664
159.491193738 2983.69221664
160.273972603 2983.69221664
161.056751468 2983.69221664
161.839530333 2983.69221664
162.622309198 2983.69221664
163.405088063 2983.69221664
164.187866928 2983.69221664
164.970645793 2983.69221664
165.753424658 2983.69221664
166.536203523 2983.69221664
167.318982387 2983.69221664
168.101761252 2983.69221664
168.884540117 2983.69221664
169.667318982 2983.69221664
170.450097847 2983.69221664
171.232876712 2983.69221664
172.015655577 2983.69221664
172.798434442 2983.69221664
173.581213307 2983.69221664
174.363992172 2983.69221664
175.146771037 2983.69221664
175.929549902 2983.69221664
176.712328767 2983.69221664
177.495107632 2983.69221664
178.277886497 2983.69221664
179.060665362 2983.69221664
179.843444227 2983.69221664
180.626223092 2983.69221664
181.409001957 2983.69221664
182.191780822 2983.69221664
182.974559687 2983.69221664
183.757338552 2983.69221664
184.540117417 2983.69221664
185.322896282 2983.69221664
186.105675147 2983.69221664
186.888454012 2983.69221664
187.671232877 2983.69221664
188.454011742 2983.69221664
189.236790607 2983.69221664
190.019569472 2983.69221664
190.802348337 2983.69221664
191.585127202 2983.69221664
192.367906067 2983.69221664
193.150684932 2983.69221664
193.933463796 2983.69221664
194.716242661 2983.69221664
195.499021526 2983.69221664
196.281800391 2983.69221664
197.064579256 2983.69221664
197.847358121 2983.69221664
198.630136986 2983.69221664
199.412915851 2983.69221664
200.195694716 2145.08979787
200.978473581 2145.08979787
201.761252446 2145.08979787
202.544031311 2145.08979787
203.326810176 2145.08979787
204.109589041 2145.08979787
204.892367906 2145.08979787
205.675146771 2145.08979787
206.457925636 2145.08979787
207.240704501 2145.08979787
208.023483366 2145.08979787
208.806262231 2145.08979787
209.589041096 2145.08979787
210.371819961 2145.08979787
211.154598826 2145.08979787
211.937377691 2145.08979787
212.720156556 2145.08979787
213.502935421 2145.08979787
214.285714286 2145.08979787
215.068493151 2145.08979787
215.851272016 2145.08979787
216.634050881 2145.08979787
217.416829746 2145.08979787
218.199608611 2145.08979787
218.982387476 2145.08979787
219.765166341 2145.08979787
220.547945205 2145.08979787
221.33072407 2145.08979787
222.113502935 2145.08979787
222.8962818 2145.08979787
223.679060665 2145.08979787
224.46183953 2145.08979787
225.244618395 2145.08979787
226.02739726 2145.08979787
226.810176125 2145.08979787
227.59295499 2145.08979787
228.375733855 2145.08979787
229.15851272 2145.08979787
229.941291585 2145.08979787
230.72407045 2145.08979787
231.506849315 2145.08979787
232.28962818 2145.08979787
233.072407045 2145.08979787
233.85518591 2145.08979787
234.637964775 2145.08979787
235.42074364 2145.08979787
236.203522505 2145.08979787
236.98630137 2145.08979787
237.769080235 2145.08979787
238.5518591 2145.08979787
239.334637965 2145.08979787
240.11741683 2145.08979787
240.900195695 2145.08979787
241.68297456 2145.08979787
242.465753425 2145.08979787
243.24853229 2145.08979787
244.031311155 2145.08979787
244.81409002 2145.08979787
245.596868885 2145.08979787
246.37964775 2145.08979787
247.162426614 2145.08979787
247.945205479 2145.08979787
248.727984344 2145.08979787
249.510763209 2145.08979787
250.293542074 2145.08979787
251.076320939 2145.08979787
251.859099804 2145.08979787
252.641878669 2145.08979787
253.424657534 2145.08979787
254.207436399 2145.08979787
254.990215264 2145.08979787
255.772994129 2145.08979787
256.555772994 2145.08979787
257.338551859 2145.08979787
258.121330724 2145.08979787
258.904109589 2145.08979787
259.686888454 2145.08979787
260.469667319 2145.08979787
261.252446184 2145.08979787
262.035225049 2145.08979787
262.818003914 2145.08979787
263.600782779 2145.08979787
264.383561644 2145.08979787
265.166340509 2145.08979787
265.949119374 2145.08979787
266.731898239 2145.08979787
267.514677104 2145.08979787
268.297455969 2145.08979787
269.080234834 2145.08979787
269.863013699 2145.08979787
270.645792564 2145.08979787
271.428571429 2145.08979787
272.211350294 2145.08979787
272.994129159 2145.08979787
273.776908023 2145.08979787
274.559686888 2145.08979787
275.342465753 2145.08979787
276.125244618 2145.08979787
276.908023483 2145.08979787
277.690802348 2145.08979787
278.473581213 2145.08979787
279.256360078 2145.08979787
280.039138943 2145.08979787
280.821917808 2145.08979787
281.604696673 2145.08979787
282.387475538 2145.08979787
283.170254403 2145.08979787
283.953033268 2145.08979787
284.735812133 2145.08979787
285.518590998 2145.08979787
286.301369863 2145.08979787
287.084148728 2145.08979787
287.866927593 2145.08979787
288.649706458 2145.08979787
289.432485323 2145.08979787
290.215264188 2145.08979787
290.998043053 2145.08979787
291.780821918 2145.08979787
292.563600783 2145.08979787
293.346379648 2145.08979787
294.129158513 2145.08979787
294.911937378 2145.08979787
295.694716243 2145.08979787
296.477495108 2145.08979787
297.260273973 2145.08979787
298.043052838 2145.08979787
298.825831703 2145.08979787
299.608610568 2145.08979787
300.391389432 2532.3960109
301.174168297 2532.3960109
301.956947162 2532.3960109
302.739726027 2532.3960109
303.522504892 2532.3960109
304.305283757 2532.3960109
305.088062622 2532.3960109
305.870841487 2532.3960109
306.653620352 2532.3960109
307.436399217 2532.3960109
308.219178082 2532.3960109
309.001956947 2532.3960109
309.784735812 2532.3960109
310.567514677 2532.3960109
311.350293542 2532.3960109
312.133072407 2532.3960109
312.915851272 2532.3960109
313.698630137 2532.3960109
314.481409002 2532.3960109
315.264187867 2532.3960109
316.046966732 2532.3960109
316.829745597 2532.3960109
317.612524462 2532.3960109
318.395303327 2532.3960109
319.178082192 2532.3960109
319.960861057 2532.3960109
320.743639922 2532.3960109
321.526418787 2532.3960109
322.309197652 2532.3960109
323.091976517 2532.3960109
323.874755382 2532.3960109
324.657534247 2532.3960109
325.440313112 2532.3960109
326.223091977 2532.3960109
327.005870841 2532.3960109
327.788649706 2532.3960109
328.571428571 2532.3960109
329.354207436 2532.3960109
330.136986301 2532.3960109
330.919765166 2532.3960109
331.702544031 2532.3960109
332.485322896 2532.3960109
333.268101761 2532.3960109
334.050880626 2532.3960109
334.833659491 2532.3960109
335.616438356 2532.3960109
336.399217221 2532.3960109
337.181996086 2532.3960109
337.964774951 2532.3960109
338.747553816 2532.3960109
339.530332681 2532.3960109
340.313111546 2532.3960109
341.095890411 2532.3960109
341.878669276 2532.3960109
342.661448141 2532.3960109
343.444227006 2532.3960109
344.227005871 2532.3960109
345.009784736 2532.3960109
345.792563601 2532.3960109
346.575342466 2532.3960109
347.358121331 2532.3960109
348.140900196 2532.3960109
348.923679061 2532.3960109
349.706457926 2532.3960109
350.489236791 2532.3960109
351.272015656 2532.3960109
352.054794521 2532.3960109
352.837573386 2532.3960109
353.62035225 2532.3960109
354.403131115 2532.3960109
355.18590998 2532.3960109
355.968688845 2532.3960109
356.75146771 2532.3960109
357.534246575 2532.3960109
358.31702544 2532.3960109
359.099804305 2532.3960109
359.88258317 2532.3960109
360.665362035 2532.3960109
361.4481409 2532.3960109
362.230919765 2532.3960109
363.01369863 2532.3960109
363.796477495 2532.3960109
364.57925636 2532.3960109
365.362035225 2532.3960109
366.14481409 2532.3960109
366.927592955 2532.3960109
367.71037182 2532.3960109
368.493150685 2532.3960109
369.27592955 2532.3960109
370.058708415 2532.3960109
370.84148728 2532.3960109
371.624266145 2532.3960109
372.40704501 2532.3960109
373.189823875 2532.3960109
373.97260274 2532.3960109
374.755381605 2532.3960109
375.53816047 2532.3960109
376.320939335 2532.3960109
377.1037182 2532.3960109
377.886497065 2532.3960109
378.66927593 2532.3960109
379.452054795 2532.3960109
380.234833659 2532.3960109
381.017612524 2532.3960109
381.800391389 2532.3960109
382.583170254 2532.3960109
383.365949119 2532.3960109
384.148727984 2532.3960109
384.931506849 2532.3960109
385.714285714 2532.3960109
386.497064579 2532.3960109
387.279843444 2532.3960109
388.062622309 2532.3960109
388.845401174 2532.3960109
389.628180039 2532.3960109
390.410958904 2532.3960109
391.193737769 2532.3960109
391.976516634 2532.3960109
392.759295499 2532.3960109
393.542074364 2532.3960109
394.324853229 2532.3960109
395.107632094 2532.3960109
395.890410959 2532.3960109
396.673189824 2532.3960109
397.455968689 2532.3960109
398.238747554 2532.3960109
399.021526419 2532.3960109
399.804305284 2532.3960109
400.587084149 2700.85409288
401.369863014 2700.85409288
402.152641879 2700.85409288
402.935420744 2700.85409288
403.718199609 2700.85409288
404.500978474 2700.85409288
405.283757339 2700.85409288
406.066536204 2700.85409288
406.849315068 2700.85409288
407.632093933 2700.85409288
408.414872798 2700.85409288
409.197651663 2700.85409288
409.980430528 2700.85409288
410.763209393 2700.85409288
411.545988258 2700.85409288
412.328767123 2700.85409288
413.111545988 2700.85409288
413.894324853 2700.85409288
414.677103718 2700.85409288
415.459882583 2700.85409288
416.242661448 2700.85409288
417.025440313 2700.85409288
417.808219178 2700.85409288
418.590998043 2700.85409288
419.373776908 2700.85409288
420.156555773 2700.85409288
420.939334638 2700.85409288
421.722113503 2700.85409288
422.504892368 2700.85409288
423.287671233 2700.85409288
424.070450098 2700.85409288
424.853228963 2700.85409288
425.636007828 2700.85409288
426.418786693 2700.85409288
427.201565558 2700.85409288
427.984344423 2700.85409288
428.767123288 2700.85409288
429.549902153 2700.85409288
430.332681018 2700.85409288
431.115459883 2700.85409288
431.898238748 2700.85409288
432.681017613 2700.85409288
433.463796477 2700.85409288
434.246575342 2700.85409288
435.029354207 2700.85409288
435.812133072 2700.85409288
436.594911937 2700.85409288
437.377690802 2700.85409288
438.160469667 2700.85409288
438.943248532 2700.85409288
439.726027397 2700.85409288
440.508806262 2700.85409288
441.291585127 2700.85409288
442.074363992 2700.85409288
442.857142857 2700.85409288
443.639921722 2700.85409288
444.422700587 2700.85409288
445.205479452 2700.85409288
445.988258317 2700.85409288
446.771037182 2700.85409288
447.553816047 2700.85409288
448.336594912 2700.85409288
449.119373777 2700.85409288
449.902152642 2700.85409288
450.684931507 2700.85409288
451.467710372 2700.85409288
452.250489237 2700.85409288
453.033268102 2700.85409288
453.816046967 2700.85409288
454.598825832 2700.85409288
455.381604697 2700.85409288
456.164383562 2700.85409288
456.947162427 2700.85409288
457.729941292 2700.85409288
458.512720157 2700.85409288
459.295499022 2700.85409288
460.078277886 2700.85409288
460.861056751 2700.85409288
461.643835616 2700.85409288
462.426614481 2700.85409288
463.209393346 2700.85409288
463.992172211 2700.85409288
464.774951076 2700.85409288
465.557729941 2700.85409288
466.340508806 2700.85409288
467.123287671 2700.85409288
467.906066536 2700.85409288
468.688845401 2700.85409288
469.471624266 2700.85409288
470.254403131 2700.85409288
471.037181996 2700.85409288
471.819960861 2700.85409288
472.602739726 2700.85409288
473.385518591 2700.85409288
474.168297456 2700.85409288
474.951076321 2700.85409288
475.733855186 2700.85409288
476.516634051 2700.85409288
477.299412916 2700.85409288
478.082191781 2700.85409288
478.864970646 2700.85409288
479.647749511 2700.85409288
480.430528376 2700.85409288
481.213307241 2700.85409288
481.996086106 2700.85409288
482.778864971 2700.85409288
483.561643836 2700.85409288
484.344422701 2700.85409288
485.127201566 2700.85409288
485.909980431 2700.85409288
486.692759295 2700.85409288
487.47553816 2700.85409288
488.258317025 2700.85409288
489.04109589 2700.85409288
489.823874755 2700.85409288
490.60665362 2700.85409288
491.389432485 2700.85409288
492.17221135 2700.85409288
492.954990215 2700.85409288
493.73776908 2700.85409288
494.520547945 2700.85409288
495.30332681 2700.85409288
496.086105675 2700.85409288
496.86888454 2700.85409288
497.651663405 2700.85409288
498.43444227 2700.85409288
499.217221135 2700.85409288
500 2700.85409288
