100 5675.00184078
100.782778865 5675.00184078
101.56555773 5675.00184078
102.348336595 5675.00184078
103.13111546 5675.00184078
103.913894325 5675.00184078
104.69667319 5675.00184078
105.479452055 5675.00184078
106.26223092 5675.00184078
107.045009785 5675.00184078
107.82778865 5675.00184078
108.610567515 5675.00184078
109.39334638 5675.00184078
110.176125245 5675.00184078
110.95890411 5675.00184078
111.741682975 5675.00184078
112.52446184 5675.00184078
113.307240705 5675.00184078
114.090019569 5675.00184078
114.872798434 5675.00184078
115.655577299 5675.00184078
116.438356164 5675.00184078
117.221135029 5675.00184078
118.003913894 5675.00184078
118.786692759 5675.00184078
119.569471624 5675.00184078
120.352250489 5675.00184078
121.135029354 5675.00184078
121.917808219 5675.00184078
122.700587084 5675.00184078
123.483365949 5675.00184078
124.266144814 5675.00184078
125.048923679 5675.00184078
125.831702544 5675.00184078
126.614481409 5675.00184078
127.397260274 5675.00184078
128.180039139 5675.00184078
128.962818004 5675.00184078
129.745596869 5675.00184078
130.528375734 5675.00184078
131.311154599 5675.00184078
132.093933464 5675.00184078
132.876712329 5675.00184078
133.659491194 5675.00184078
134.442270059 5675.00184078
135.225048924 5675.00184078
136.007827789 5675.00184078
136.790606654 5675.00184078
137.573385519 5675.00184078
138.356164384 5675.00184078
139.138943249 5675.00184078
139.921722114 5675.00184078
140.704500978 5675.00184078
141.487279843 5675.00184078
142.270058708 5675.00184078
143.052837573 5675.00184078
143.835616438 5675.00184078
144.618395303 5675.00184078
145.401174168 5675.00184078
146.183953033 5675.00184078
146.966731898 5675.00184078
147.749510763 5675.00184078
148.532289628 5675.00184078
149.315068493 5675.00184078
150.097847358 5675.00184078
150.880626223 5675.00184078
151.663405088 5675.00184078
152.446183953 5675.00184078
153.228962818 5675.00184078
154.011741683 5675.00184078
154.794520548 5675.00184078
155.577299413 5675.00184078
156.360078278 5675.00184078
157.142857143 5675.00184078
157.925636008 5675.00184078
158.708414873 5675.00184078
159.491193738 5675.00184078
160.273972603 5675.00184078
161.056751468 5675.00184078
161.839530333 5675.00184078
162.622309198 5675.00184078
163.405088063 5675.00184078
164.187866928 5675.00184078
164.970645793 5675.00184078
165.753424658 5675.00184078
166.536203523 5675.00184078
167.318982387 5675.00184078
168.101761252 5675.00184078
168.884540117 5675.00184078
169.667318982 5675.00184078
170.450097847 5675.00184078
171.232876712 5675.00184078
172.015655577 5675.00184078
172.798434442 5675.00184078
173.581213307 5675.00184078
174.363992172 5675.00184078
175.146771037 5675.00184078
175.929549902 5675.00184078
176.712328767 5675.00184078
177.495107632 5675.00184078
178.277886497 5675.00184078
179.060665362 5675.00184078
179.843444227 5675.00184078
180.626223092 5675.00184078
181.409001957 5675.00184078
182.191780822 5675.00184078
182.974559687 5675.00184078
183.757338552 5675.00184078
184.540117417 5675.00184078
185.322896282 5675.00184078
186.105675147 5675.00184078
186.888454012 5675.00184078
187.671232877 5675.00184078
188.454011742 5675.00184078
189.236790607 5675.00184078
190.019569472 5675.00184078
190.802348337 5675.00184078
191.585127202 5675.00184078
192.367906067 5675.00184078
193.150684932 5675.00184078
193.933463796 5675.00184078
194.716242661 5675.00184078
195.499021526 5675.00184078
196.281800391 5675.00184078
197.064579256 5675.00184078
197.847358121 5675.00184078
198.630136986 5675.00184078
199.412915851 5675.00184078
200.195694716 6794.68376367
200.978473581 6794.68376367
201.761252446 6794.68376367
202.544031311 6794.68376367
203.326810176 6794.68376367
204.109589041 6794.68376367
204.892367906 6794.68376367
205.675146771 6794.68376367
206.457925636 6794.68376367
207.240704501 6794.68376367
208.023483366 6794.68376367
208.806262231 6794.68376367
209.589041096 6794.68376367
210.371819961 6794.68376367
211.154598826 6794.68376367
211.937377691 6794.68376367
212.720156556 6794.68376367
213.502935421 6794.68376367
214.285714286 6794.68376367
215.068493151 6794.68376367
215.851272016 6794.68376367
216.634050881 6794.68376367
217.416829746 6794.68376367
218.199608611 6794.68376367
218.982387476 6794.68376367
219.765166341 6794.68376367
220.547945205 6794.68376367
221.33072407 6794.68376367
222.113502935 6794.68376367
222.8962818 6794.68376367
223.679060665 6794.68376367
224.46183953 6794.68376367
225.244618395 6794.68376367
226.02739726 6794.68376367
226.810176125 6794.68376367
227.59295499 6794.68376367
228.375733855 6794.68376367
229.15851272 6794.68376367
229.941291585 6794.68376367
230.72407045 6794.68376367
231.506849315 6794.68376367
232.28962818 6794.68376367
233.072407045 6794.68376367
233.85518591 6794.68376367
234.637964775 6794.68376367
235.42074364 6794.68376367
236.203522505 6794.68376367
236.98630137 6794.68376367
237.769080235 6794.68376367
238.5518591 6794.68376367
239.334637965 6794.68376367
240.11741683 6794.68376367
240.900195695 6794.68376367
241.68297456 6794.68376367
242.465753425 6794.68376367
243.24853229 6794.68376367
244.031311155 6794.68376367
244.81409002 6794.68376367
245.596868885 6794.68376367
246.37964775 6794.68376367
247.162426614 6794.68376367
247.945205479 6794.68376367
248.727984344 6794.68376367
249.510763209 6794.68376367
250.293542074 6794.68376367
251.076320939 6794.68376367
251.859099804 6794.68376367
252.641878669 6794.68376367
253.424657534 6794.68376367
254.207436399 6794.68376367
254.990215264 6794.68376367
255.772994129 6794.68376367
256.555772994 6794.68376367
257.338551859 6794.68376367
258.121330724 6794.68376367
258.904109589 6794.68376367
259.686888454 6794.68376367
260.469667319 6794.68376367
261.252446184 6794.68376367
262.035225049 6794.68376367
262.818003914 6794.68376367
263.600782779 6794.68376367
264.383561644 6794.68376367
265.166340509 6794.68376367
265.949119374 6794.68376367
266.731898239 6794.68376367
267.514677104 6794.68376367
268.297455969 6794.68376367
269.080234834 6794.68376367
269.863013699 6794.68376367
270.645792564 6794.68376367
271.428571429 6794.68376367
272.211350294 6794.68376367
272.994129159 6794.68376367
273.776908023 6794.68376367
274.559686888 6794.68376367
275.342465753 6794.68376367
276.125244618 6794.68376367
276.908023483 6794.68376367
277.690802348 6794.68376367
278.473581213 6794.68376367
279.256360078 6794.68376367
280.039138943 6794.68376367
280.821917808 6794.68376367
281.604696673 6794.68376367
282.387475538 6794.68376367
283.170254403 6794.68376367
283.953033268 6794.68376367
284.735812133 6794.68376367
285.518590998 6794.68376367
286.301369863 6794.68376367
287.084148728 6794.68376367
287.866927593 6794.68376367
288.649706458 6794.68376367
289.432485323 6794.68376367
290.215264188 6794.68376367
290.998043053 6794.68376367
291.780821918 6794.68376367
292.563600783 6794.68376367
293.346379648 6794.68376367
294.129158513 6794.68376367
294.911937378 6794.68376367
295.694716243 6794.68376367
296.477495108 6794.68376367
297.260273973 6794.68376367
298.043052838 6794.68376367
298.825831703 6794.68376367
299.608610568 6794.68376367
300.391389432 7817.70972972
301.174168297 7817.70972972
301.956947162 7817.70972972
302.739726027 7817.70972972
303.522504892 7817.70972972
304.305283757 7817.70972972
305.088062622 7817.70972972
305.870841487 7817.70972972
306.653620352 7817.70972972
307.436399217 7817.70972972
308.219178082 7817.70972972
309.001956947 7817.70972972
309.784735812 7817.70972972
310.567514677 7817.70972972
311.350293542 7817.70972972
312.133072407 7817.70972972
312.915851272 7817.70972972
313.698630137 7817.70972972
314.481409002 7817.70972972
315.264187867 7817.70972972
316.046966732 7817.70972972
316.829745597 7817.70972972
317.612524462 7817.70972972
318.395303327 7817.70972972
319.178082192 7817.70972972
319.960861057 7817.70972972
320.743639922 7817.70972972
321.526418787 7817.70972972
322.309197652 7817.70972972
323.091976517 7817.70972972
323.874755382 7817.70972972
324.657534247 7817.70972972
325.440313112 7817.70972972
326.223091977 7817.70972972
327.005870841 7817.70972972
327.788649706 7817.70972972
328.571428571 7817.70972972
329.354207436 7817.70972972
330.136986301 7817.70972972
330.919765166 7817.70972972
331.702544031 7817.70972972
332.485322896 7817.70972972
333.268101761 7817.70972972
334.050880626 7817.70972972
334.833659491 7817.70972972
335.616438356 7817.70972972
336.399217221 7817.70972972
337.181996086 7817.70972972
337.964774951 7817.70972972
338.747553816 7817.70972972
339.530332681 7817.70972972
340.313111546 7817.70972972
341.095890411 7817.70972972
341.878669276 7817.70972972
342.661448141 7817.70972972
343.444227006 7817.70972972
344.227005871 7817.70972972
345.009784736 7817.70972972
345.792563601 7817.70972972
346.575342466 7817.70972972
347.358121331 7817.70972972
348.140900196 7817.70972972
348.923679061 7817.70972972
349.706457926 7817.70972972
350.489236791 7817.70972972
351.272015656 7817.70972972
352.054794521 7817.70972972
352.837573386 7817.70972972
353.62035225 7817.70972972
354.403131115 7817.70972972
355.18590998 7817.70972972
355.968688845 7817.70972972
356.75146771 7817.70972972
357.534246575 7817.70972972
358.31702544 7817.70972972
359.099804305 7817.70972972
359.88258317 7817.70972972
360.665362035 7817.70972972
361.4481409 7817.70972972
362.230919765 7817.70972972
363.01369863 7817.70972972
363.796477495 7817.70972972
364.57925636 7817.70972972
365.362035225 7817.70972972
366.14481409 7817.70972972
366.927592955 7817.70972972
367.71037182 7817.70972972
368.493150685 7817.70972972
369.27592955 7817.70972972
370.058708415 7817.70972972
370.84148728 7817.70972972
371.624266145 7817.70972972
372.40704501 7817.70972972
373.189823875 7817.70972972
373.97260274 7817.70972972
374.755381605 7817.70972972
375.53816047 7817.70972972
376.320939335 7817.70972972
377.1037182 7817.70972972
377.886497065 7817.70972972
378.66927593 7817.70972972
379.452054795 7817.70972972
380.234833659 7817.70972972
381.017612524 7817.70972972
381.800391389 7817.70972972
382.583170254 7817.70972972
383.365949119 7817.70972972
384.148727984 7817.70972972
384.931506849 7817.70972972
385.714285714 7817.70972972
386.497064579 7817.70972972
387.279843444 7817.70972972
388.062622309 7817.70972972
388.845401174 7817.70972972
389.628180039 7817.70972972
390.410958904 7817.70972972
391.193737769 7817.70972972
391.976516634 7817.70972972
392.759295499 7817.70972972
393.542074364 7817.70972972
394.324853229 7817.70972972
395.107632094 7817.70972972
395.890410959 7817.70972972
396.673189824 7817.70972972
397.455968689 7817.70972972
398.238747554 7817.70972972
399.021526419 7817.70972972
399.804305284 7817.70972972
400.587084149 8134.67552902
401.369863014 8134.67552902
402.152641879 8134.67552902
402.935420744 8134.67552902
403.718199609 8134.67552902
404.500978474 8134.67552902
405.283757339 8134.67552902
406.066536204 8134.67552902
406.849315068 8134.67552902
407.632093933 8134.67552902
408.414872798 8134.67552902
409.197651663 8134.67552902
409.980430528 8134.67552902
410.763209393 8134.67552902
411.545988258 8134.67552902
412.328767123 8134.67552902
413.111545988 8134.67552902
413.894324853 8134.67552902
414.677103718 8134.67552902
415.459882583 8134.67552902
416.242661448 8134.67552902
417.025440313 8134.67552902
417.808219178 8134.67552902
418.590998043 8134.67552902
419.373776908 8134.67552902
420.156555773 8134.67552902
420.939334638 8134.67552902
421.722113503 8134.67552902
422.504892368 8134.67552902
423.287671233 8134.67552902
424.070450098 8134.67552902
424.853228963 8134.67552902
425.636007828 8134.67552902
426.418786693 8134.67552902
427.201565558 8134.67552902
427.984344423 8134.67552902
428.767123288 8134.67552902
429.549902153 8134.67552902
430.332681018 8134.67552902
431.115459883 8134.67552902
431.898238748 8134.67552902
432.681017613 8134.67552902
433.463796477 8134.67552902
434.246575342 8134.67552902
435.029354207 8134.67552902
435.812133072 8134.67552902
436.594911937 8134.67552902
437.377690802 8134.67552902
438.160469667 8134.67552902
438.943248532 8134.67552902
439.726027397 8134.67552902
440.508806262 8134.67552902
441.291585127 8134.67552902
442.074363992 8134.67552902
442.857142857 8134.67552902
443.639921722 8134.67552902
444.422700587 8134.67552902
445.205479452 8134.67552902
445.988258317 8134.67552902
446.771037182 8134.67552902
447.553816047 8134.67552902
448.336594912 8134.67552902
449.119373777 8134.67552902
449.902152642 8134.67552902
450.684931507 8134.67552902
451.467710372 8134.67552902
452.250489237 8134.67552902
453.033268102 8134.67552902
453.816046967 8134.67552902
454.598825832 8134.67552902
455.381604697 8134.67552902
456.164383562 8134.67552902
456.947162427 8134.67552902
457.729941292 8134.67552902
458.512720157 8134.67552902
459.295499022 8134.67552902
460.078277886 8134.67552902
460.861056751 8134.67552902
461.643835616 8134.67552902
462.426614481 8134.67552902
463.209393346 8134.67552902
463.992172211 8134.67552902
464.774951076 8134.67552902
465.557729941 8134.67552902
466.340508806 8134.67552902
467.123287671 8134.67552902
467.906066536 8134.67552902
468.688845401 8134.67552902
469.471624266 8134.67552902
470.254403131 8134.67552902
471.037181996 8134.67552902
471.819960861 8134.67552902
472.602739726 8134.67552902
473.385518591 8134.67552902
474.168297456 8134.67552902
474.951076321 8134.67552902
475.733855186 8134.67552902
476.516634051 8134.67552902
477.299412916 8134.67552902
478.082191781 8134.67552902
478.864970646 8134.67552902
479.647749511 8134.67552902
480.430528376 8134.67552902
481.213307241 8134.67552902
481.996086106 8134.67552902
482.778864971 8134.67552902
483.561643836 8134.67552902
484.344422701 8134.67552902
485.127201566 8134.67552902
485.909980431 8134.67552902
486.692759295 8134.67552902
487.47553816 8134.67552902
488.258317025 8134.67552902
489.04109589 8134.67552902
489.823874755 8134.67552902
490.60665362 8134.67552902
491.389432485 8134.67552902
492.17221135 8134.67552902
492.954990215 8134.67552902
493.73776908 8134.67552902
494.520547945 8134.67552902
495.30332681 8134.67552902
496.086105675 8134.67552902
496.86888454 8134.67552902
497.651663405 8134.67552902
498.43444227 8134.67552902
499.217221135 8134.67552902
500 8134.67552902
