100 6760.1639698
100.782778865 6760.1639698
101.56555773 6760.1639698
102.348336595 6760.1639698
103.13111546 6760.1639698
103.913894325 6760.1639698
104.69667319 6760.1639698
105.479452055 6760.1639698
106.26223092 6760.1639698
107.045009785 6760.1639698
107.82778865 6760.1639698
108.610567515 6760.1639698
109.39334638 6760.1639698
110.176125245 6760.1639698
110.95890411 6760.1639698
111.741682975 6760.1639698
112.52446184 6760.1639698
113.307240705 6760.1639698
114.090019569 6760.1639698
114.872798434 6760.1639698
115.655577299 6760.1639698
116.438356164 6760.1639698
117.221135029 6760.1639698
118.003913894 6760.1639698
118.786692759 6760.1639698
119.569471624 6760.1639698
120.352250489 6760.1639698
121.135029354 6760.1639698
121.917808219 6760.1639698
122.700587084 6760.1639698
123.483365949 6760.1639698
124.266144814 6760.1639698
125.048923679 6760.1639698
125.831702544 6760.1639698
126.614481409 6760.1639698
127.397260274 6760.1639698
128.180039139 6760.1639698
128.962818004 6760.1639698
129.745596869 6760.1639698
130.528375734 6760.1639698
131.311154599 6760.1639698
132.093933464 6760.1639698
132.876712329 6760.1639698
133.659491194 6760.1639698
134.442270059 6760.1639698
135.225048924 6760.1639698
136.007827789 6760.1639698
136.790606654 6760.1639698
137.573385519 6760.1639698
138.356164384 6760.1639698
139.138943249 6760.1639698
139.921722114 6760.1639698
140.704500978 6760.1639698
141.487279843 6760.1639698
142.270058708 6760.1639698
143.052837573 6760.1639698
143.835616438 6760.1639698
144.618395303 6760.1639698
145.401174168 6760.1639698
146.183953033 6760.1639698
146.966731898 6760.1639698
147.749510763 6760.1639698
148.532289628 6760.1639698
149.315068493 6760.1639698
150.097847358 6760.1639698
150.880626223 6760.1639698
151.663405088 6760.1639698
152.446183953 6760.1639698
153.228962818 6760.1639698
154.011741683 6760.1639698
154.794520548 6760.1639698
155.577299413 6760.1639698
156.360078278 6760.1639698
157.142857143 6760.1639698
157.925636008 6760.1639698
158.708414873 6760.1639698
159.491193738 6760.1639698
160.273972603 6760.1639698
161.056751468 6760.1639698
161.839530333 6760.1639698
162.622309198 6760.1639698
163.405088063 6760.1639698
164.187866928 6760.1639698
164.970645793 6760.1639698
165.753424658 6760.1639698
166.536203523 6760.1639698
167.318982387 6760.1639698
168.101761252 6760.1639698
168.884540117 6760.1639698
169.667318982 6760.1639698
170.450097847 6760.1639698
171.232876712 6760.1639698
172.015655577 6760.1639698
172.798434442 6760.1639698
173.581213307 6760.1639698
174.363992172 6760.1639698
175.146771037 6760.1639698
175.929549902 6760.1639698
176.712328767 6760.1639698
177.495107632 6760.1639698
178.277886497 6760.1639698
179.060665362 6760.1639698
179.843444227 6760.1639698
180.626223092 6760.1639698
181.409001957 6760.1639698
182.191780822 6760.1639698
182.974559687 6760.1639698
183.757338552 6760.1639698
184.540117417 6760.1639698
185.322896282 6760.1639698
186.105675147 6760.1639698
186.888454012 6760.1639698
187.671232877 6760.1639698
188.454011742 6760.1639698
189.236790607 6760.1639698
190.019569472 6760.1639698
190.802348337 6760.1639698
191.585127202 6760.1639698
192.367906067 6760.1639698
193.150684932 6760.1639698
193.933463796 6760.1639698
194.716242661 6760.1639698
195.499021526 6760.1639698
196.281800391 6760.1639698
197.064579256 6760.1639698
197.847358121 6760.1639698
198.630136986 6760.1639698
199.412915851 6760.1639698
200.195694716 5289.34368761
200.978473581 5289.34368761
201.761252446 5289.34368761
202.544031311 5289.34368761
203.326810176 5289.34368761
204.109589041 5289.34368761
204.892367906 5289.34368761
205.675146771 5289.34368761
206.457925636 5289.34368761
207.240704501 5289.34368761
208.023483366 5289.34368761
208.806262231 5289.34368761
209.589041096 5289.34368761
210.371819961 5289.34368761
211.154598826 5289.34368761
211.937377691 5289.34368761
212.720156556 5289.34368761
213.502935421 5289.34368761
214.285714286 5289.34368761
215.068493151 5289.34368761
215.851272016 5289.34368761
216.634050881 5289.34368761
217.416829746 5289.34368761
218.199608611 5289.34368761
218.982387476 5289.34368761
219.765166341 5289.34368761
220.547945205 5289.34368761
221.33072407 5289.34368761
222.113502935 5289.34368761
222.8962818 5289.34368761
223.679060665 5289.34368761
224.46183953 5289.34368761
225.244618395 5289.34368761
226.02739726 5289.34368761
226.810176125 5289.34368761
227.59295499 5289.34368761
228.375733855 5289.34368761
229.15851272 5289.34368761
229.941291585 5289.34368761
230.72407045 5289.34368761
231.506849315 5289.34368761
232.28962818 5289.34368761
233.072407045 5289.34368761
233.85518591 5289.34368761
234.637964775 5289.34368761
235.42074364 5289.34368761
236.203522505 5289.34368761
236.98630137 5289.34368761
237.769080235 5289.34368761
238.5518591 5289.34368761
239.334637965 5289.34368761
240.11741683 5289.34368761
240.900195695 5289.34368761
241.68297456 5289.34368761
242.465753425 5289.34368761
243.24853229 5289.34368761
244.031311155 5289.34368761
244.81409002 5289.34368761
245.596868885 5289.34368761
246.37964775 5289.34368761
247.162426614 5289.34368761
247.945205479 5289.34368761
248.727984344 5289.34368761
249.510763209 5289.34368761
250.293542074 5289.34368761
251.076320939 5289.34368761
251.859099804 5289.34368761
252.641878669 5289.34368761
253.424657534 5289.34368761
254.207436399 5289.34368761
254.990215264 5289.34368761
255.772994129 5289.34368761
256.555772994 5289.34368761
257.338551859 5289.34368761
258.121330724 5289.34368761
258.904109589 5289.34368761
259.686888454 5289.34368761
260.469667319 5289.34368761
261.252446184 5289.34368761
262.035225049 5289.34368761
262.818003914 5289.34368761
263.600782779 5289.34368761
264.383561644 5289.34368761
265.166340509 5289.34368761
265.949119374 5289.34368761
266.731898239 5289.34368761
267.514677104 5289.34368761
268.297455969 5289.34368761
269.080234834 5289.34368761
269.863013699 5289.34368761
270.645792564 5289.34368761
271.428571429 5289.34368761
272.211350294 5289.34368761
272.994129159 5289.34368761
273.776908023 5289.34368761
274.559686888 5289.34368761
275.342465753 5289.34368761
276.125244618 5289.34368761
276.908023483 5289.34368761
277.690802348 5289.34368761
278.473581213 5289.34368761
279.256360078 5289.34368761
280.039138943 5289.34368761
280.821917808 5289.34368761
281.604696673 5289.34368761
282.387475538 5289.34368761
283.170254403 5289.34368761
283.953033268 5289.34368761
284.735812133 5289.34368761
285.518590998 5289.34368761
286.301369863 5289.34368761
287.084148728 5289.34368761
287.866927593 5289.34368761
288.649706458 5289.34368761
289.432485323 5289.34368761
290.215264188 5289.34368761
290.998043053 5289.34368761
291.780821918 5289.34368761
292.563600783 5289.34368761
293.346379648 5289.34368761
294.129158513 5289.34368761
294.911937378 5289.34368761
295.694716243 5289.34368761
296.477495108 5289.34368761
297.260273973 5289.34368761
298.043052838 5289.34368761
298.825831703 5289.34368761
299.608610568 5289.34368761
300.391389432 5790.51694068
301.174168297 5790.51694068
301.956947162 5790.51694068
302.739726027 5790.51694068
303.522504892 5790.51694068
304.305283757 5790.51694068
305.088062622 5790.51694068
305.870841487 5790.51694068
306.653620352 5790.51694068
307.436399217 5790.51694068
308.219178082 5790.51694068
309.001956947 5790.51694068
309.784735812 5790.51694068
310.567514677 5790.51694068
311.350293542 5790.51694068
312.133072407 5790.51694068
312.915851272 5790.51694068
313.698630137 5790.51694068
314.481409002 5790.51694068
315.264187867 5790.51694068
316.046966732 5790.51694068
316.829745597 5790.51694068
317.612524462 5790.51694068
318.395303327 5790.51694068
319.178082192 5790.51694068
319.960861057 5790.51694068
320.743639922 5790.51694068
321.526418787 5790.51694068
322.309197652 5790.51694068
323.091976517 5790.51694068
323.874755382 5790.51694068
324.657534247 5790.51694068
325.440313112 5790.51694068
326.223091977 5790.51694068
327.005870841 5790.51694068
327.788649706 5790.51694068
328.571428571 5790.51694068
329.354207436 5790.51694068
330.136986301 5790.51694068
330.919765166 5790.51694068
331.702544031 5790.51694068
332.485322896 5790.51694068
333.268101761 5790.51694068
334.050880626 5790.51694068
334.833659491 5790.51694068
335.616438356 5790.51694068
336.399217221 5790.51694068
337.181996086 5790.51694068
337.964774951 5790.51694068
338.747553816 5790.51694068
339.530332681 5790.51694068
340.313111546 5790.51694068
341.095890411 5790.51694068
341.878669276 5790.51694068
342.661448141 5790.51694068
343.444227006 5790.51694068
344.227005871 5790.51694068
345.009784736 5790.51694068
345.792563601 5790.51694068
346.575342466 5790.51694068
347.358121331 5790.51694068
348.140900196 5790.51694068
348.923679061 5790.51694068
349.706457926 5790.51694068
350.489236791 5790.51694068
351.272015656 5790.51694068
352.054794521 5790.51694068
352.837573386 5790.51694068
353.62035225 5790.51694068
354.403131115 5790.51694068
355.18590998 5790.51694068
355.968688845 5790.51694068
356.75146771 5790.51694068
357.534246575 5790.51694068
358.31702544 5790.51694068
359.099804305 5790.51694068
359.88258317 5790.51694068
360.665362035 5790.51694068
361.4481409 5790.51694068
362.230919765 5790.51694068
363.01369863 5790.51694068
363.796477495 5790.51694068
364.57925636 5790.51694068
365.362035225 5790.51694068
366.14481409 5790.51694068
366.927592955 5790.51694068
367.71037182 5790.51694068
368.493150685 5790.51694068
369.27592955 5790.51694068
370.058708415 5790.51694068
370.84148728 5790.51694068
371.624266145 5790.51694068
372.40704501 5790.51694068
373.189823875 5790.51694068
373.97260274 5790.51694068
374.755381605 5790.51694068
375.53816047 5790.51694068
376.320939335 5790.51694068
377.1037182 5790.51694068
377.886497065 5790.51694068
378.66927593 5790.51694068
379.452054795 5790.51694068
380.234833659 5790.51694068
381.017612524 5790.51694068
381.800391389 5790.51694068
382.583170254 5790.51694068
383.365949119 5790.51694068
384.148727984 5790.51694068
384.931506849 5790.51694068
385.714285714 5790.51694068
386.497064579 5790.51694068
387.279843444 5790.51694068
388.062622309 5790.51694068
388.845401174 5790.51694068
389.628180039 5790.51694068
390.410958904 5790.51694068
391.193737769 5790.51694068
391.976516634 5790.51694068
392.759295499 5790.51694068
393.542074364 5790.51694068
394.324853229 5790.51694068
395.107632094 5790.51694068
395.890410959 5790.51694068
396.673189824 5790.51694068
397.455968689 5790.51694068
398.238747554 5790.51694068
399.021526419 5790.51694068
399.804305284 5790.51694068
400.587084149 9172.44648817
401.369863014 9172.44648817
402.152641879 9172.44648817
402.935420744 9172.44648817
403.718199609 9172.44648817
404.500978474 9172.44648817
405.283757339 9172.44648817
406.066536204 9172.44648817
406.849315068 9172.44648817
407.632093933 9172.44648817
408.414872798 9172.44648817
409.197651663 9172.44648817
409.980430528 9172.44648817
410.763209393 9172.44648817
411.545988258 9172.44648817
412.328767123 9172.44648817
413.111545988 9172.44648817
413.894324853 9172.44648817
414.677103718 9172.44648817
415.459882583 9172.44648817
416.242661448 9172.44648817
417.025440313 9172.44648817
417.808219178 9172.44648817
418.590998043 9172.44648817
419.373776908 9172.44648817
420.156555773 9172.44648817
420.939334638 9172.44648817
421.722113503 9172.44648817
422.504892368 9172.44648817
423.287671233 9172.44648817
424.070450098 9172.44648817
424.853228963 9172.44648817
425.636007828 9172.44648817
426.418786693 9172.44648817
427.201565558 9172.44648817
427.984344423 9172.44648817
428.767123288 9172.44648817
429.549902153 9172.44648817
430.332681018 9172.44648817
431.115459883 9172.44648817
431.898238748 9172.44648817
432.681017613 9172.44648817
433.463796477 9172.44648817
434.246575342 9172.44648817
435.029354207 9172.44648817
435.812133072 9172.44648817
436.594911937 9172.44648817
437.377690802 9172.44648817
438.160469667 9172.44648817
438.943248532 9172.44648817
439.726027397 9172.44648817
440.508806262 9172.44648817
441.291585127 9172.44648817
442.074363992 9172.44648817
442.857142857 9172.44648817
443.639921722 9172.44648817
444.422700587 9172.44648817
445.205479452 9172.44648817
445.988258317 9172.44648817
446.771037182 9172.44648817
447.553816047 9172.44648817
448.336594912 9172.44648817
449.119373777 9172.44648817
449.902152642 9172.44648817
450.684931507 9172.44648817
451.467710372 9172.44648817
452.250489237 9172.44648817
453.033268102 9172.44648817
453.816046967 9172.44648817
454.598825832 9172.44648817
455.381604697 9172.44648817
456.164383562 9172.44648817
456.947162427 9172.44648817
457.729941292 9172.44648817
458.512720157 9172.44648817
459.295499022 9172.44648817
460.078277886 9172.44648817
460.861056751 9172.44648817
461.643835616 9172.44648817
462.426614481 9172.44648817
463.209393346 9172.44648817
463.992172211 9172.44648817
464.774951076 9172.44648817
465.557729941 9172.44648817
466.340508806 9172.44648817
467.123287671 9172.44648817
467.906066536 9172.44648817
468.688845401 9172.44648817
469.471624266 9172.44648817
470.254403131 9172.44648817
471.037181996 9172.44648817
471.819960861 9172.44648817
472.602739726 9172.44648817
473.385518591 9172.44648817
474.168297456 9172.44648817
474.951076321 9172.44648817
475.733855186 9172.44648817
476.516634051 9172.44648817
477.299412916 9172.44648817
478.082191781 9172.44648817
478.864970646 9172.44648817
479.647749511 9172.44648817
480.430528376 9172.44648817
481.213307241 9172.44648817
481.996086106 9172.44648817
482.778864971 9172.44648817
483.561643836 9172.44648817
484.344422701 9172.44648817
485.127201566 9172.44648817
485.909980431 9172.44648817
486.692759295 9172.44648817
487.47553816 9172.44648817
488.258317025 9172.44648817
489.04109589 9172.44648817
489.823874755 9172.44648817
490.60665362 9172.44648817
491.389432485 9172.44648817
492.17221135 9172.44648817
492.954990215 9172.44648817
493.73776908 9172.44648817
494.520547945 9172.44648817
495.30332681 9172.44648817
496.086105675 9172.44648817
496.86888454 9172.44648817
497.651663405 9172.44648817
498.43444227 9172.44648817
499.217221135 9172.44648817
500 9172.44648817
