100 10381.0041186
100.782778865 10381.0041186
101.56555773 10381.0041186
102.348336595 10381.0041186
103.13111546 10381.0041186
103.913894325 10381.0041186
104.69667319 10381.0041186
105.479452055 10381.0041186
106.26223092 10381.0041186
107.045009785 10381.0041186
107.82778865 10381.0041186
108.610567515 10381.0041186
109.39334638 10381.0041186
110.176125245 10381.0041186
110.95890411 10381.0041186
111.741682975 10381.0041186
112.52446184 10381.0041186
113.307240705 10381.0041186
114.090019569 10381.0041186
114.872798434 10381.0041186
115.655577299 10381.0041186
116.438356164 10381.0041186
117.221135029 10381.0041186
118.003913894 10381.0041186
118.786692759 10381.0041186
119.569471624 10381.0041186
120.352250489 10381.0041186
121.135029354 10381.0041186
121.917808219 10381.0041186
122.700587084 10381.0041186
123.483365949 10381.0041186
124.266144814 10381.0041186
125.048923679 10381.0041186
125.831702544 10381.0041186
126.614481409 10381.0041186
127.397260274 10381.0041186
128.180039139 10381.0041186
128.962818004 10381.0041186
129.745596869 10381.0041186
130.528375734 10381.0041186
131.311154599 10381.0041186
132.093933464 10381.0041186
132.876712329 10381.0041186
133.659491194 10381.0041186
134.442270059 10381.0041186
135.225048924 10381.0041186
136.007827789 10381.0041186
136.790606654 10381.0041186
137.573385519 10381.0041186
138.356164384 10381.0041186
139.138943249 10381.0041186
139.921722114 10381.0041186
140.704500978 10381.0041186
141.487279843 10381.0041186
142.270058708 10381.0041186
143.052837573 10381.0041186
143.835616438 10381.0041186
144.618395303 10381.0041186
145.401174168 10381.0041186
146.183953033 10381.0041186
146.966731898 10381.0041186
147.749510763 10381.0041186
148.532289628 10381.0041186
149.315068493 10381.0041186
150.097847358 10381.0041186
150.880626223 10381.0041186
151.663405088 10381.0041186
152.446183953 10381.0041186
153.228962818 10381.0041186
154.011741683 10381.0041186
154.794520548 10381.0041186
155.577299413 10381.0041186
156.360078278 10381.0041186
157.142857143 10381.0041186
157.925636008 10381.0041186
158.708414873 10381.0041186
159.491193738 10381.0041186
160.273972603 10381.0041186
161.056751468 10381.0041186
161.839530333 10381.0041186
162.622309198 10381.0041186
163.405088063 10381.0041186
164.187866928 10381.0041186
164.970645793 10381.0041186
165.753424658 10381.0041186
166.536203523 10381.0041186
167.318982387 10381.0041186
168.101761252 10381.0041186
168.884540117 10381.0041186
169.667318982 10381.0041186
170.450097847 10381.0041186
171.232876712 10381.0041186
172.015655577 10381.0041186
172.798434442 10381.0041186
173.581213307 10381.0041186
174.363992172 10381.0041186
175.146771037 10381.0041186
175.929549902 10381.0041186
176.712328767 10381.0041186
177.495107632 10381.0041186
178.277886497 10381.0041186
179.060665362 10381.0041186
179.843444227 10381.0041186
180.626223092 10381.0041186
181.409001957 10381.0041186
182.191780822 10381.0041186
182.974559687 10381.0041186
183.757338552 10381.0041186
184.540117417 10381.0041186
185.322896282 10381.0041186
186.105675147 10381.0041186
186.888454012 10381.0041186
187.671232877 10381.0041186
188.454011742 10381.0041186
189.236790607 10381.0041186
190.019569472 10381.0041186
190.802348337 10381.0041186
191.585127202 10381.0041186
192.367906067 10381.0041186
193.150684932 10381.0041186
193.933463796 10381.0041186
194.716242661 10381.0041186
195.499021526 10381.0041186
196.281800391 10381.0041186
197.064579256 10381.0041186
197.847358121 10381.0041186
198.630136986 10381.0041186
199.412915851 10381.0041186
200.195694716 7131.89236425
200.978473581 7131.89236425
201.761252446 7131.89236425
202.544031311 7131.89236425
203.326810176 7131.89236425
204.109589041 7131.89236425
204.892367906 7131.89236425
205.675146771 7131.89236425
206.457925636 7131.89236425
207.240704501 7131.89236425
208.023483366 7131.89236425
208.806262231 7131.89236425
209.589041096 7131.89236425
210.371819961 7131.89236425
211.154598826 7131.89236425
211.937377691 7131.89236425
212.720156556 7131.89236425
213.502935421 7131.89236425
214.285714286 7131.89236425
215.068493151 7131.89236425
215.851272016 7131.89236425
216.634050881 7131.89236425
217.416829746 7131.89236425
218.199608611 7131.89236425
218.982387476 7131.89236425
219.765166341 7131.89236425
220.547945205 7131.89236425
221.33072407 7131.89236425
222.113502935 7131.89236425
222.8962818 7131.89236425
223.679060665 7131.89236425
224.46183953 7131.89236425
225.244618395 7131.89236425
226.02739726 7131.89236425
226.810176125 7131.89236425
227.59295499 7131.89236425
228.375733855 7131.89236425
229.15851272 7131.89236425
229.941291585 7131.89236425
230.72407045 7131.89236425
231.506849315 7131.89236425
232.28962818 7131.89236425
233.072407045 7131.89236425
233.85518591 7131.89236425
234.637964775 7131.89236425
235.42074364 7131.89236425
236.203522505 7131.89236425
236.98630137 7131.89236425
237.769080235 7131.89236425
238.5518591 7131.89236425
239.334637965 7131.89236425
240.11741683 7131.89236425
240.900195695 7131.89236425
241.68297456 7131.89236425
242.465753425 7131.89236425
243.24853229 7131.89236425
244.031311155 7131.89236425
244.81409002 7131.89236425
245.596868885 7131.89236425
246.37964775 7131.89236425
247.162426614 7131.89236425
247.945205479 7131.89236425
248.727984344 7131.89236425
249.510763209 7131.89236425
250.293542074 7131.89236425
251.076320939 7131.89236425
251.859099804 7131.89236425
252.641878669 7131.89236425
253.424657534 7131.89236425
254.207436399 7131.89236425
254.990215264 7131.89236425
255.772994129 7131.89236425
256.555772994 7131.89236425
257.338551859 7131.89236425
258.121330724 7131.89236425
258.904109589 7131.89236425
259.686888454 7131.89236425
260.469667319 7131.89236425
261.252446184 7131.89236425
262.035225049 7131.89236425
262.818003914 7131.89236425
263.600782779 7131.89236425
264.383561644 7131.89236425
265.166340509 7131.89236425
265.949119374 7131.89236425
266.731898239 7131.89236425
267.514677104 7131.89236425
268.297455969 7131.89236425
269.080234834 7131.89236425
269.863013699 7131.89236425
270.645792564 7131.89236425
271.428571429 7131.89236425
272.211350294 7131.89236425
272.994129159 7131.89236425
273.776908023 7131.89236425
274.559686888 7131.89236425
275.342465753 7131.89236425
276.125244618 7131.89236425
276.908023483 7131.89236425
277.690802348 7131.89236425
278.473581213 7131.89236425
279.256360078 7131.89236425
280.039138943 7131.89236425
280.821917808 7131.89236425
281.604696673 7131.89236425
282.387475538 7131.89236425
283.170254403 7131.89236425
283.953033268 7131.89236425
284.735812133 7131.89236425
285.518590998 7131.89236425
286.301369863 7131.89236425
287.084148728 7131.89236425
287.866927593 7131.89236425
288.649706458 7131.89236425
289.432485323 7131.89236425
290.215264188 7131.89236425
290.998043053 7131.89236425
291.780821918 7131.89236425
292.563600783 7131.89236425
293.346379648 7131.89236425
294.129158513 7131.89236425
294.911937378 7131.89236425
295.694716243 7131.89236425
296.477495108 7131.89236425
297.260273973 7131.89236425
298.043052838 7131.89236425
298.825831703 7131.89236425
299.608610568 7131.89236425
300.391389432 5799.91003607
301.174168297 5799.91003607
301.956947162 5799.91003607
302.739726027 5799.91003607
303.522504892 5799.91003607
304.305283757 5799.91003607
305.088062622 5799.91003607
305.870841487 5799.91003607
306.653620352 5799.91003607
307.436399217 5799.91003607
308.219178082 5799.91003607
309.001956947 5799.91003607
309.784735812 5799.91003607
310.567514677 5799.91003607
311.350293542 5799.91003607
312.133072407 5799.91003607
312.915851272 5799.91003607
313.698630137 5799.91003607
314.481409002 5799.91003607
315.264187867 5799.91003607
316.046966732 5799.91003607
316.829745597 5799.91003607
317.612524462 5799.91003607
318.395303327 5799.91003607
319.178082192 5799.91003607
319.960861057 5799.91003607
320.743639922 5799.91003607
321.526418787 5799.91003607
322.309197652 5799.91003607
323.091976517 5799.91003607
323.874755382 5799.91003607
324.657534247 5799.91003607
325.440313112 5799.91003607
326.223091977 5799.91003607
327.005870841 5799.91003607
327.788649706 5799.91003607
328.571428571 5799.91003607
329.354207436 5799.91003607
330.136986301 5799.91003607
330.919765166 5799.91003607
331.702544031 5799.91003607
332.485322896 5799.91003607
333.268101761 5799.91003607
334.050880626 5799.91003607
334.833659491 5799.91003607
335.616438356 5799.91003607
336.399217221 5799.91003607
337.181996086 5799.91003607
337.964774951 5799.91003607
338.747553816 5799.91003607
339.530332681 5799.91003607
340.313111546 5799.91003607
341.095890411 5799.91003607
341.878669276 5799.91003607
342.661448141 5799.91003607
343.444227006 5799.91003607
344.227005871 5799.91003607
345.009784736 5799.91003607
345.792563601 5799.91003607
346.575342466 5799.91003607
347.358121331 5799.91003607
348.140900196 5799.91003607
348.923679061 5799.91003607
349.706457926 5799.91003607
350.489236791 5799.91003607
351.272015656 5799.91003607
352.054794521 5799.91003607
352.837573386 5799.91003607
353.62035225 5799.91003607
354.403131115 5799.91003607
355.18590998 5799.91003607
355.968688845 5799.91003607
356.75146771 5799.91003607
357.534246575 5799.91003607
358.31702544 5799.91003607
359.099804305 5799.91003607
359.88258317 5799.91003607
360.665362035 5799.91003607
361.4481409 5799.91003607
362.230919765 5799.91003607
363.01369863 5799.91003607
363.796477495 5799.91003607
364.57925636 5799.91003607
365.362035225 5799.91003607
366.14481409 5799.91003607
366.927592955 5799.91003607
367.71037182 5799.91003607
368.493150685 5799.91003607
369.27592955 5799.91003607
370.058708415 5799.91003607
370.84148728 5799.91003607
371.624266145 5799.91003607
372.40704501 5799.91003607
373.189823875 5799.91003607
373.97260274 5799.91003607
374.755381605 5799.91003607
375.53816047 5799.91003607
376.320939335 5799.91003607
377.1037182 5799.91003607
377.886497065 5799.91003607
378.66927593 5799.91003607
379.452054795 5799.91003607
380.234833659 5799.91003607
381.017612524 5799.91003607
381.800391389 5799.91003607
382.583170254 5799.91003607
383.365949119 5799.91003607
384.148727984 5799.91003607
384.931506849 5799.91003607
385.714285714 5799.91003607
386.497064579 5799.91003607
387.279843444 5799.91003607
388.062622309 5799.91003607
388.845401174 5799.91003607
389.628180039 5799.91003607
390.410958904 5799.91003607
391.193737769 5799.91003607
391.976516634 5799.91003607
392.759295499 5799.91003607
393.542074364 5799.91003607
394.324853229 5799.91003607
395.107632094 5799.91003607
395.890410959 5799.91003607
396.673189824 5799.91003607
397.455968689 5799.91003607
398.238747554 5799.91003607
399.021526419 5799.91003607
399.804305284 5799.91003607
400.587084149 8247.55872793
401.369863014 8247.55872793
402.152641879 8247.55872793
402.935420744 8247.55872793
403.718199609 8247.55872793
404.500978474 8247.55872793
405.283757339 8247.55872793
406.066536204 8247.55872793
406.849315068 8247.55872793
407.632093933 8247.55872793
408.414872798 8247.55872793
409.197651663 8247.55872793
409.980430528 8247.55872793
410.763209393 8247.55872793
411.545988258 8247.55872793
412.328767123 8247.55872793
413.111545988 8247.55872793
413.894324853 8247.55872793
414.677103718 8247.55872793
415.459882583 8247.55872793
416.242661448 8247.55872793
417.025440313 8247.55872793
417.808219178 8247.55872793
418.590998043 8247.55872793
419.373776908 8247.55872793
420.156555773 8247.55872793
420.939334638 8247.55872793
421.722113503 8247.55872793
422.504892368 8247.55872793
423.287671233 8247.55872793
424.070450098 8247.55872793
424.853228963 8247.55872793
425.636007828 8247.55872793
426.418786693 8247.55872793
427.201565558 8247.55872793
427.984344423 8247.55872793
428.767123288 8247.55872793
429.549902153 8247.55872793
430.332681018 8247.55872793
431.115459883 8247.55872793
431.898238748 8247.55872793
432.681017613 8247.55872793
433.463796477 8247.55872793
434.246575342 8247.55872793
435.029354207 8247.55872793
435.812133072 8247.55872793
436.594911937 8247.55872793
437.377690802 8247.55872793
438.160469667 8247.55872793
438.943248532 8247.55872793
439.726027397 8247.55872793
440.508806262 8247.55872793
441.291585127 8247.55872793
442.074363992 8247.55872793
442.857142857 8247.55872793
443.639921722 8247.55872793
444.422700587 8247.55872793
445.205479452 8247.55872793
445.988258317 8247.55872793
446.771037182 8247.55872793
447.553816047 8247.55872793
448.336594912 8247.55872793
449.119373777 8247.55872793
449.902152642 8247.55872793
450.684931507 8247.55872793
451.467710372 8247.55872793
452.250489237 8247.55872793
453.033268102 8247.55872793
453.816046967 8247.55872793
454.598825832 8247.55872793
455.381604697 8247.55872793
456.164383562 8247.55872793
456.947162427 8247.55872793
457.729941292 8247.55872793
458.512720157 8247.55872793
459.295499022 8247.55872793
460.078277886 8247.55872793
460.861056751 8247.55872793
461.643835616 8247.55872793
462.426614481 8247.55872793
463.209393346 8247.55872793
463.992172211 8247.55872793
464.774951076 8247.55872793
465.557729941 8247.55872793
466.340508806 8247.55872793
467.123287671 8247.55872793
467.906066536 8247.55872793
468.688845401 8247.55872793
469.471624266 8247.55872793
470.254403131 8247.55872793
471.037181996 8247.55872793
471.819960861 8247.55872793
472.602739726 8247.55872793
473.385518591 8247.55872793
474.168297456 8247.55872793
474.951076321 8247.55872793
475.733855186 8247.55872793
476.516634051 8247.55872793
477.299412916 8247.55872793
478.082191781 8247.55872793
478.864970646 8247.55872793
479.647749511 8247.55872793
480.430528376 8247.55872793
481.213307241 8247.55872793
481.996086106 8247.55872793
482.778864971 8247.55872793
483.561643836 8247.55872793
484.344422701 8247.55872793
485.127201566 8247.55872793
485.909980431 8247.55872793
486.692759295 8247.55872793
487.47553816 8247.55872793
488.258317025 8247.55872793
489.04109589 8247.55872793
489.823874755 8247.55872793
490.60665362 8247.55872793
491.389432485 8247.55872793
492.17221135 8247.55872793
492.954990215 8247.55872793
493.73776908 8247.55872793
494.520547945 8247.55872793
495.30332681 8247.55872793
496.086105675 8247.55872793
496.86888454 8247.55872793
497.651663405 8247.55872793
498.43444227 8247.55872793
499.217221135 8247.55872793
500 8247.55872793
