0.446466215283 1513.61733207
1.04170604976 1513.61733207
1.63694588423 1513.61733207
2.2321857187 1513.61733207
2.82742555317 1513.61733207
3.42266538765 1513.61733207
4.01790522212 1513.61733207
4.61314505659 1513.61733207
5.20838489106 1513.61733207
5.80362472554 1513.61733207
6.39886456001 1513.61733207
6.99410439448 1513.61733207
7.58934422895 1513.61733207
8.18458406343 1513.61733207
8.7798238979 1513.61733207
9.37506373237 1513.61733207
9.97030356685 1513.61733207
10.5655434013 1513.61733207
11.1607832358 1513.61733207
11.7560230703 1513.61733207
12.3512629047 1513.61733207
12.9465027392 1513.61733207
13.5417425737 1513.61733207
14.1369824082 1513.61733207
14.7322222426 1513.61733207
15.3274620771 1513.61733207
15.9227019116 1513.61733207
16.517941746 1513.61733207
17.1131815805 1513.61733207
17.708421415 1513.61733207
18.3036612495 1513.61733207
18.8989010839 1513.61733207
19.4941409184 1513.61733207
20.0893807529 1513.61733207
20.6846205874 1513.61733207
21.2798604218 1513.61733207
21.8751002563 1513.61733207
22.4703400908 1513.61733207
23.0655799252 1513.61733207
23.6608197597 1513.61733207
24.2560595942 1513.61733207
24.8512994287 1513.61733207
25.4465392631 1513.61733207
26.0417790976 1513.61733207
26.6370189321 1513.61733207
27.2322587666 1513.61733207
27.827498601 1513.61733207
28.4227384355 1513.61733207
29.01797827 1513.61733207
29.6132181044 1513.61733207
30.2084579389 1513.61733207
30.8036977734 1513.61733207
31.3989376079 1513.61733207
31.9941774423 1513.61733207
32.5894172768 1513.61733207
33.1846571113 1513.61733207
33.7798969458 1513.61733207
34.3751367802 1513.61733207
34.9703766147 1513.61733207
35.5656164492 1513.61733207
36.1608562836 1513.61733207
36.7560961181 1513.61733207
37.3513359526 1513.61733207
37.9465757871 1513.61733207
38.5418156215 1513.61733207
39.137055456 1513.61733207
39.7322952905 1513.61733207
40.327535125 1513.61733207
40.9227749594 1513.61733207
41.5180147939 1513.61733207
42.1132546284 1513.61733207
42.7084944628 1513.61733207
43.3037342973 1513.61733207
43.8989741318 1513.61733207
44.4942139663 1513.61733207
45.0894538007 1513.61733207
45.6846936352 1513.61733207
46.2799334697 1513.61733207
46.8751733041 1513.61733207
47.4704131386 1513.61733207
48.0656529731 1513.61733207
48.6608928076 1513.61733207
49.256132642 1513.61733207
49.8513724765 1513.61733207
50.446612311 1513.61733207
51.0418521455 1513.61733207
51.6370919799 1513.61733207
52.2323318144 1513.61733207
52.8275716489 1513.61733207
53.4228114833 1513.61733207
54.0180513178 1513.61733207
54.6132911523 1513.61733207
55.2085309868 1513.61733207
55.8037708212 1513.61733207
56.3990106557 1513.61733207
56.9942504902 1513.61733207
57.5894903247 1513.61733207
58.1847301591 1513.61733207
58.7799699936 1513.61733207
59.3752098281 1513.61733207
59.9704496625 1513.61733207
60.565689497 1513.61733207
61.1609293315 1513.61733207
61.756169166 1513.61733207
62.3514090004 1513.61733207
62.9466488349 1513.61733207
63.5418886694 1513.61733207
64.1371285039 1513.61733207
64.7323683383 1513.61733207
65.3276081728 1513.61733207
65.9228480073 1513.61733207
66.5180878417 1513.61733207
67.1133276762 1513.61733207
67.7085675107 1513.61733207
68.3038073452 1513.61733207
68.8990471796 1513.61733207
69.4942870141 1513.61733207
70.0895268486 1513.61733207
70.6847666831 1513.61733207
71.2800065175 1513.61733207
71.875246352 1513.61733207
72.4704861865 1513.61733207
73.0657260209 1513.61733207
73.6609658554 1513.61733207
74.2562056899 1513.61733207
74.8514455244 1513.61733207
75.4466853588 1513.61733207
76.0419251933 1513.61733207
76.6371650278 1513.61733207
77.2324048623 1513.61733207
77.8276446967 1513.61733207
78.4228845312 1513.61733207
79.0181243657 1513.61733207
79.6133642001 1513.61733207
80.2086040346 1513.61733207
80.8038438691 1513.61733207
81.3990837036 1513.61733207
81.994323538 1513.61733207
82.5895633725 1513.61733207
83.184803207 1513.61733207
83.7800430415 1513.61733207
84.3752828759 1513.61733207
84.9705227104 1513.61733207
85.5657625449 1513.61733207
86.1610023793 1513.61733207
86.7562422138 1513.61733207
87.3514820483 1513.61733207
87.9467218828 1513.61733207
88.5419617172 1513.61733207
89.1372015517 1513.61733207
89.7324413862 1513.61733207
90.3276812207 1513.61733207
90.9229210551 1513.61733207
91.5181608896 1513.61733207
92.1134007241 1513.61733207
92.7086405585 1513.61733207
93.303880393 1513.61733207
93.8991202275 1513.61733207
94.494360062 1513.61733207
95.0895998964 1513.61733207
95.6848397309 1513.61733207
96.2800795654 1513.61733207
96.8753193999 1513.61733207
97.4705592343 1513.61733207
98.0657990688 1513.61733207
98.6610389033 1513.61733207
99.2562787377 1513.61733207
99.8515185722 1513.61733207
100.446758407 1513.61733207
101.041998241 1513.61733207
101.637238076 1513.61733207
102.23247791 1513.61733207
102.827717745 1513.61733207
103.422957579 1513.61733207
104.018197414 1513.61733207
104.613437248 1513.61733207
105.208677082 1513.61733207
105.803916917 1513.61733207
106.399156751 1513.61733207
106.994396586 1513.61733207
107.58963642 1513.61733207
108.184876255 1513.61733207
108.780116089 1513.61733207
109.375355924 1513.61733207
109.970595758 1513.61733207
110.565835593 1513.61733207
111.161075427 1513.61733207
111.756315262 1513.61733207
112.351555096 1513.61733207
112.946794931 1513.61733207
113.542034765 1513.61733207
114.1372746 1513.61733207
114.732514434 1513.61733207
115.327754269 1513.61733207
115.922994103 1513.61733207
116.518233937 1513.61733207
117.113473772 1513.61733207
117.708713606 1513.61733207
118.303953441 1513.61733207
118.899193275 1513.61733207
119.49443311 1513.61733207
120.089672944 1513.61733207
120.684912779 1513.61733207
121.280152613 1513.61733207
121.875392448 1513.61733207
122.470632282 1513.61733207
123.065872117 1513.61733207
123.661111951 1513.61733207
124.256351786 1513.61733207
124.85159162 1513.61733207
125.446831455 1513.61733207
126.042071289 1513.61733207
126.637311123 1513.61733207
127.232550958 1513.61733207
127.827790792 1513.61733207
128.423030627 1513.61733207
129.018270461 1513.61733207
129.613510296 1513.61733207
130.20875013 1513.61733207
130.803989965 1513.61733207
131.399229799 1513.61733207
131.994469634 1513.61733207
132.589709468 1513.61733207
133.184949303 1513.61733207
133.780189137 1513.61733207
134.375428972 1513.61733207
134.970668806 1513.61733207
135.565908641 1513.61733207
136.161148475 1513.61733207
136.75638831 1513.61733207
137.351628144 1513.61733207
137.946867978 1513.61733207
138.542107813 1513.61733207
139.137347647 1513.61733207
139.732587482 1513.61733207
140.327827316 1513.61733207
140.923067151 1513.61733207
141.518306985 1513.61733207
142.11354682 1513.61733207
142.708786654 1513.61733207
143.304026489 1513.61733207
143.899266323 1513.61733207
144.494506158 1513.61733207
145.089745992 1513.61733207
145.684985827 1513.61733207
146.280225661 1513.61733207
146.875465496 1513.61733207
147.47070533 1513.61733207
148.065945165 1513.61733207
148.661184999 1513.61733207
149.256424833 1513.61733207
149.851664668 1513.61733207
150.446904502 1513.61733207
151.042144337 1513.61733207
151.637384171 1513.61733207
152.232624006 1513.61733207
152.82786384 1513.61733207
153.423103675 1513.61733207
154.018343509 1513.61733207
154.613583344 1513.61733207
155.208823178 1513.61733207
155.804063013 1513.61733207
156.399302847 1513.61733207
156.994542682 1513.61733207
157.589782516 1513.61733207
158.185022351 1513.61733207
158.780262185 1513.61733207
159.375502019 1513.61733207
159.970741854 1513.61733207
160.565981688 1513.61733207
161.161221523 1513.61733207
161.756461357 1513.61733207
162.351701192 1513.61733207
162.946941026 1513.61733207
163.542180861 1513.61733207
164.137420695 1513.61733207
164.73266053 1513.61733207
165.327900364 1513.61733207
165.923140199 1513.61733207
166.518380033 1513.61733207
167.113619868 1513.61733207
167.708859702 1513.61733207
168.304099537 1513.61733207
168.899339371 1513.61733207
169.494579206 1513.61733207
170.08981904 1513.61733207
170.685058874 1513.61733207
171.280298709 1513.61733207
171.875538543 1513.61733207
172.470778378 1513.61733207
173.066018212 1513.61733207
173.661258047 1513.61733207
174.256497881 1513.61733207
174.851737716 1513.61733207
175.44697755 1513.61733207
176.042217385 1513.61733207
176.637457219 1513.61733207
177.232697054 1513.61733207
177.827936888 1513.61733207
178.423176723 1513.61733207
179.018416557 1513.61733207
179.613656392 1513.61733207
180.208896226 1513.61733207
180.80413606 1513.61733207
181.399375895 1513.61733207
181.994615729 1513.61733207
182.589855564 1513.61733207
183.185095398 1513.61733207
183.780335233 1513.61733207
184.375575067 1513.61733207
184.970814902 1513.61733207
185.566054736 1513.61733207
186.161294571 1513.61733207
186.756534405 1513.61733207
187.35177424 1513.61733207
187.947014074 1513.61733207
188.542253909 1513.61733207
189.137493743 1513.61733207
189.732733578 1513.61733207
190.327973412 1513.61733207
190.923213247 1513.61733207
191.518453081 1513.61733207
192.113692915 1513.61733207
192.70893275 1513.61733207
193.304172584 1513.61733207
193.899412419 1513.61733207
194.494652253 1513.61733207
195.089892088 1513.61733207
195.685131922 1513.61733207
196.280371757 1513.61733207
196.875611591 1513.61733207
197.470851426 1513.61733207
198.06609126 1513.61733207
198.661331095 1513.61733207
199.256570929 1513.61733207
199.851810764 1513.61733207
200.447050598 1513.61733207
201.042290433 1513.61733207
201.637530267 1513.61733207
202.232770102 1513.61733207
202.828009936 1513.61733207
203.42324977 1513.61733207
204.018489605 1513.61733207
204.613729439 1513.61733207
205.208969274 1513.61733207
205.804209108 1513.61733207
206.399448943 1513.61733207
206.994688777 1513.61733207
207.589928612 1513.61733207
208.185168446 1513.61733207
208.780408281 1513.61733207
209.375648115 1513.61733207
209.97088795 1513.61733207
210.566127784 1513.61733207
211.161367619 1513.61733207
211.756607453 1513.61733207
212.351847288 1513.61733207
212.947087122 1513.61733207
213.542326956 1513.61733207
214.137566791 1513.61733207
214.732806625 1513.61733207
215.32804646 1513.61733207
215.923286294 1513.61733207
216.518526129 1513.61733207
217.113765963 1513.61733207
217.709005798 1513.61733207
218.304245632 1513.61733207
218.899485467 1513.61733207
219.494725301 1513.61733207
220.089965136 1513.61733207
220.68520497 1513.61733207
221.280444805 1513.61733207
221.875684639 1513.61733207
222.470924474 1513.61733207
223.066164308 1513.61733207
223.661404143 1513.61733207
224.256643977 1513.61733207
224.851883811 1513.61733207
225.447123646 1513.61733207
226.04236348 1513.61733207
226.637603315 1513.61733207
227.232843149 1513.61733207
227.828082984 1513.61733207
228.423322818 1513.61733207
229.018562653 1513.61733207
229.613802487 1513.61733207
230.209042322 1513.61733207
230.804282156 1513.61733207
231.399521991 1513.61733207
231.994761825 1513.61733207
232.59000166 1513.61733207
233.185241494 1513.61733207
233.780481329 1513.61733207
234.375721163 1513.61733207
234.970960998 1513.61733207
235.566200832 1513.61733207
236.161440666 1513.61733207
236.756680501 1513.61733207
237.351920335 1513.61733207
237.94716017 1513.61733207
238.542400004 1513.61733207
239.137639839 1513.61733207
239.732879673 1513.61733207
240.328119508 1513.61733207
240.923359342 1513.61733207
241.518599177 1513.61733207
242.113839011 1513.61733207
242.709078846 1513.61733207
243.30431868 1513.61733207
243.899558515 1513.61733207
244.494798349 1513.61733207
245.090038184 1513.61733207
245.685278018 1513.61733207
246.280517852 1513.61733207
246.875757687 1513.61733207
247.470997521 1513.61733207
248.066237356 1513.61733207
248.66147719 1513.61733207
249.256717025 1513.61733207
249.851956859 1513.61733207
250.447196694 1513.61733207
251.042436528 1513.61733207
251.637676363 1513.61733207
252.232916197 1513.61733207
252.828156032 1513.61733207
253.423395866 1513.61733207
254.018635701 1513.61733207
254.613875535 1513.61733207
255.20911537 1513.61733207
255.804355204 1513.61733207
256.399595039 1513.61733207
256.994834873 1513.61733207
257.590074707 1513.61733207
258.185314542 1513.61733207
258.780554376 1513.61733207
259.375794211 1513.61733207
259.971034045 1513.61733207
260.56627388 1513.61733207
261.161513714 1513.61733207
261.756753549 1513.61733207
262.351993383 1513.61733207
262.947233218 1513.61733207
263.542473052 1513.61733207
264.137712887 1513.61733207
264.732952721 1513.61733207
265.328192556 1513.61733207
265.92343239 1513.61733207
266.518672225 1513.61733207
267.113912059 1513.61733207
267.709151894 1513.61733207
268.304391728 1513.61733207
268.899631562 1513.61733207
269.494871397 1513.61733207
270.090111231 1513.61733207
270.685351066 1513.61733207
271.2805909 1513.61733207
271.875830735 1513.61733207
272.471070569 1513.61733207
273.066310404 1513.61733207
273.661550238 1513.61733207
274.256790073 1513.61733207
274.852029907 1513.61733207
275.447269742 1513.61733207
276.042509576 1513.61733207
276.637749411 1513.61733207
277.232989245 1513.61733207
277.82822908 1513.61733207
278.423468914 1513.61733207
279.018708748 1513.61733207
279.613948583 1513.61733207
280.209188417 1513.61733207
280.804428252 1513.61733207
281.399668086 1513.61733207
281.994907921 1513.61733207
282.590147755 1513.61733207
283.18538759 1513.61733207
283.780627424 1513.61733207
284.375867259 1513.61733207
284.971107093 1513.61733207
285.566346928 1513.61733207
286.161586762 1513.61733207
286.756826597 1513.61733207
287.352066431 1513.61733207
287.947306266 1513.61733207
288.5425461 1513.61733207
289.137785935 1513.61733207
289.733025769 1513.61733207
290.328265603 1513.61733207
290.923505438 1513.61733207
291.518745272 1513.61733207
292.113985107 1513.61733207
292.709224941 1513.61733207
293.304464776 1513.61733207
293.89970461 1513.61733207
294.494944445 1513.61733207
295.090184279 1513.61733207
295.685424114 1513.61733207
296.280663948 1513.61733207
296.875903783 1513.61733207
297.471143617 1513.61733207
298.066383452 1513.61733207
298.661623286 1513.61733207
299.256863121 1513.61733207
299.852102955 1513.61733207
300.44734279 1513.61733207
301.042582624 1513.61733207
301.637822458 1513.61733207
302.233062293 1513.61733207
302.828302127 1513.61733207
303.423541962 1513.61733207
304.018781796 1513.61733207
304.614021631 1513.61733207
305.209261465 1813.90916012
305.8045013 1813.90916012
306.399741134 1813.90916012
306.994980969 1813.90916012
307.590220803 1813.90916012
308.185460638 1813.90916012
308.780700472 1813.90916012
309.375940307 1813.90916012
309.971180141 1813.90916012
310.566419976 1813.90916012
311.16165981 1813.90916012
311.756899644 1813.90916012
312.352139479 1813.90916012
312.947379313 1813.90916012
313.542619148 1813.90916012
314.137858982 1813.90916012
314.733098817 1813.90916012
315.328338651 1813.90916012
315.923578486 1813.90916012
316.51881832 1813.90916012
317.114058155 1813.90916012
317.709297989 1813.90916012
318.304537824 1813.90916012
318.899777658 1813.90916012
319.495017493 1813.90916012
320.090257327 1813.90916012
320.685497162 1813.90916012
321.280736996 1813.90916012
321.875976831 1813.90916012
322.471216665 1813.90916012
323.066456499 1813.90916012
323.661696334 1813.90916012
324.256936168 1813.90916012
324.852176003 1813.90916012
325.447415837 1813.90916012
326.042655672 1813.90916012
326.637895506 1813.90916012
327.233135341 1813.90916012
327.828375175 1813.90916012
328.42361501 1813.90916012
329.018854844 1813.90916012
329.614094679 1813.90916012
330.209334513 1813.90916012
330.804574348 1813.90916012
331.399814182 1813.90916012
331.995054017 1813.90916012
332.590293851 1813.90916012
333.185533685 1813.90916012
333.78077352 1813.90916012
334.376013354 1813.90916012
334.971253189 1813.90916012
335.566493023 1813.90916012
336.161732858 1813.90916012
336.756972692 1813.90916012
337.352212527 1813.90916012
337.947452361 1813.90916012
338.542692196 1813.90916012
339.13793203 1813.90916012
339.733171865 1813.90916012
340.328411699 1813.90916012
340.923651534 1813.90916012
341.518891368 1813.90916012
342.114131203 1813.90916012
342.709371037 1813.90916012
343.304610872 1813.90916012
343.899850706 1813.90916012
344.49509054 1813.90916012
345.090330375 1813.90916012
345.685570209 1813.90916012
346.280810044 1813.90916012
346.876049878 1813.90916012
347.471289713 1813.90916012
348.066529547 1813.90916012
348.661769382 1813.90916012
349.257009216 1813.90916012
349.852249051 1813.90916012
350.447488885 1813.90916012
351.04272872 1813.90916012
351.637968554 1813.90916012
352.233208389 1813.90916012
352.828448223 1813.90916012
353.423688058 1813.90916012
354.018927892 1813.90916012
354.614167727 1813.90916012
355.209407561 1813.90916012
355.804647395 1813.90916012
356.39988723 1813.90916012
356.995127064 1813.90916012
357.590366899 1813.90916012
358.185606733 1813.90916012
358.780846568 1813.90916012
359.376086402 1813.90916012
359.971326237 1813.90916012
360.566566071 1813.90916012
361.161805906 1813.90916012
361.75704574 1813.90916012
362.352285575 1813.90916012
362.947525409 1813.90916012
363.542765244 1813.90916012
364.138005078 1813.90916012
364.733244913 1813.90916012
365.328484747 1813.90916012
365.923724581 1813.90916012
366.518964416 1813.90916012
367.11420425 1813.90916012
367.709444085 1813.90916012
368.304683919 1813.90916012
368.899923754 1813.90916012
369.495163588 1813.90916012
370.090403423 1813.90916012
370.685643257 1813.90916012
371.280883092 1813.90916012
371.876122926 1813.90916012
372.471362761 1813.90916012
373.066602595 1813.90916012
373.66184243 1813.90916012
374.257082264 1813.90916012
374.852322099 1813.90916012
375.447561933 1813.90916012
376.042801768 1813.90916012
376.638041602 1813.90916012
377.233281436 1813.90916012
377.828521271 1813.90916012
378.423761105 1813.90916012
379.01900094 1813.90916012
379.614240774 1813.90916012
380.209480609 1813.90916012
380.804720443 1813.90916012
381.399960278 1813.90916012
381.995200112 1813.90916012
382.590439947 1813.90916012
383.185679781 1813.90916012
383.780919616 1813.90916012
384.37615945 1813.90916012
384.971399285 1813.90916012
385.566639119 1813.90916012
386.161878954 1813.90916012
386.757118788 1813.90916012
387.352358623 1813.90916012
387.947598457 1813.90916012
388.542838291 1813.90916012
389.138078126 1813.90916012
389.73331796 1813.90916012
390.328557795 1813.90916012
390.923797629 1813.90916012
391.519037464 1813.90916012
392.114277298 1813.90916012
392.709517133 1813.90916012
393.304756967 1813.90916012
393.899996802 1813.90916012
394.495236636 1813.90916012
395.090476471 1813.90916012
395.685716305 1813.90916012
396.28095614 1813.90916012
396.876195974 1813.90916012
397.471435809 1813.90916012
398.066675643 1813.90916012
398.661915477 1813.90916012
399.257155312 1813.90916012
399.852395146 1813.90916012
400.447634981 1813.90916012
401.042874815 1813.90916012
401.63811465 1813.90916012
402.233354484 1813.90916012
402.828594319 1813.90916012
403.423834153 1813.90916012
404.019073988 1813.90916012
404.614313822 1813.90916012
405.209553657 1813.90916012
405.804793491 1813.90916012
406.400033326 1813.90916012
406.99527316 1813.90916012
407.590512995 1813.90916012
408.185752829 1813.90916012
408.780992664 1813.90916012
409.376232498 1813.90916012
409.971472332 1813.90916012
410.566712167 1813.90916012
411.161952001 1813.90916012
411.757191836 1813.90916012
412.35243167 1813.90916012
412.947671505 1813.90916012
413.542911339 1813.90916012
414.138151174 1813.90916012
414.733391008 1813.90916012
415.328630843 1813.90916012
415.923870677 1813.90916012
416.519110512 1813.90916012
417.114350346 1813.90916012
417.709590181 1813.90916012
418.304830015 1813.90916012
418.90006985 1813.90916012
419.495309684 1813.90916012
420.090549519 1813.90916012
420.685789353 1813.90916012
421.281029187 1813.90916012
421.876269022 1813.90916012
422.471508856 1813.90916012
423.066748691 1813.90916012
423.661988525 1813.90916012
424.25722836 1813.90916012
424.852468194 1813.90916012
425.447708029 1813.90916012
426.042947863 1813.90916012
426.638187698 1813.90916012
427.233427532 1813.90916012
427.828667367 1813.90916012
428.423907201 1813.90916012
429.019147036 1813.90916012
429.61438687 1813.90916012
430.209626705 1813.90916012
430.804866539 1813.90916012
431.400106373 1813.90916012
431.995346208 1813.90916012
432.590586042 1813.90916012
433.185825877 1813.90916012
433.781065711 1813.90916012
434.376305546 1813.90916012
434.97154538 1813.90916012
435.566785215 1813.90916012
436.162025049 1813.90916012
436.757264884 1813.90916012
437.352504718 1813.90916012
437.947744553 1813.90916012
438.542984387 1813.90916012
439.138224222 1813.90916012
439.733464056 1813.90916012
440.328703891 1813.90916012
440.923943725 1813.90916012
441.51918356 1813.90916012
442.114423394 1813.90916012
442.709663228 1813.90916012
443.304903063 1813.90916012
443.900142897 1813.90916012
444.495382732 1813.90916012
445.090622566 1813.90916012
445.685862401 1813.90916012
446.281102235 1813.90916012
446.87634207 1813.90916012
447.471581904 1813.90916012
448.066821739 1813.90916012
448.662061573 1813.90916012
449.257301408 1813.90916012
449.852541242 1813.90916012
450.447781077 1813.90916012
451.043020911 1813.90916012
451.638260746 1813.90916012
452.23350058 1813.90916012
452.828740415 1813.90916012
453.423980249 1813.90916012
454.019220083 1813.90916012
454.614459918 1813.90916012
455.209699752 1813.90916012
455.804939587 1813.90916012
456.400179421 1813.90916012
456.995419256 1813.90916012
457.59065909 1659.18375383
458.185898925 1659.18375383
458.781138759 1659.18375383
459.376378594 1659.18375383
459.971618428 1659.18375383
460.566858263 1659.18375383
461.162098097 1659.18375383
461.757337932 1659.18375383
462.352577766 1659.18375383
462.947817601 1659.18375383
463.543057435 1659.18375383
464.138297269 1659.18375383
464.733537104 1659.18375383
465.328776938 1659.18375383
465.924016773 1659.18375383
466.519256607 1659.18375383
467.114496442 1659.18375383
467.709736276 1659.18375383
468.304976111 1659.18375383
468.900215945 1659.18375383
469.49545578 1659.18375383
470.090695614 1659.18375383
470.685935449 1659.18375383
471.281175283 1659.18375383
471.876415118 1659.18375383
472.471654952 1659.18375383
473.066894787 1659.18375383
473.662134621 1659.18375383
474.257374456 1659.18375383
474.85261429 1659.18375383
475.447854124 1659.18375383
476.043093959 1659.18375383
476.638333793 1659.18375383
477.233573628 1659.18375383
477.828813462 1659.18375383
478.424053297 1659.18375383
479.019293131 1659.18375383
479.614532966 1659.18375383
480.2097728 1659.18375383
480.805012635 1659.18375383
481.400252469 1659.18375383
481.995492304 1659.18375383
482.590732138 1659.18375383
483.185971973 1659.18375383
483.781211807 1659.18375383
484.376451642 1659.18375383
484.971691476 1659.18375383
485.56693131 1659.18375383
486.162171145 1659.18375383
486.757410979 1659.18375383
487.352650814 1659.18375383
487.947890648 1659.18375383
488.543130483 1659.18375383
489.138370317 1659.18375383
489.733610152 1659.18375383
490.328849986 1659.18375383
490.924089821 1659.18375383
491.519329655 1659.18375383
492.11456949 1659.18375383
492.709809324 1659.18375383
493.305049159 1659.18375383
493.900288993 1659.18375383
494.495528828 1659.18375383
495.090768662 1659.18375383
495.686008497 1659.18375383
496.281248331 1659.18375383
496.876488165 1659.18375383
497.471728 1659.18375383
498.066967834 1659.18375383
498.662207669 1659.18375383
499.257447503 1659.18375383
499.852687338 1659.18375383
500.447927172 1659.18375383
501.043167007 1659.18375383
501.638406841 1659.18375383
502.233646676 1659.18375383
502.82888651 1659.18375383
503.424126345 1659.18375383
504.019366179 1659.18375383
504.614606014 1659.18375383
505.209845848 1659.18375383
505.805085683 1659.18375383
506.400325517 1659.18375383
506.995565352 1659.18375383
507.590805186 1659.18375383
508.18604502 1659.18375383
508.781284855 1659.18375383
509.376524689 1659.18375383
509.971764524 1659.18375383
510.567004358 1659.18375383
511.162244193 1659.18375383
511.757484027 1659.18375383
512.352723862 1659.18375383
512.947963696 1659.18375383
513.543203531 1659.18375383
514.138443365 1659.18375383
514.7336832 1659.18375383
515.328923034 1659.18375383
515.924162869 1659.18375383
516.519402703 1659.18375383
517.114642538 1659.18375383
517.709882372 1659.18375383
518.305122206 1659.18375383
518.900362041 1659.18375383
519.495601875 1659.18375383
520.09084171 1659.18375383
520.686081544 1659.18375383
521.281321379 1659.18375383
521.876561213 1659.18375383
522.471801048 1659.18375383
523.067040882 1659.18375383
523.662280717 1659.18375383
524.257520551 1659.18375383
524.852760386 1659.18375383
525.44800022 1659.18375383
526.043240055 1659.18375383
526.638479889 1659.18375383
527.233719724 1659.18375383
527.828959558 1659.18375383
528.424199393 1659.18375383
529.019439227 1659.18375383
529.614679061 1659.18375383
530.209918896 1659.18375383
530.80515873 1659.18375383
531.400398565 1659.18375383
531.995638399 1659.18375383
532.590878234 1659.18375383
533.186118068 1659.18375383
533.781357903 1968.63456641
534.376597737 1968.63456641
534.971837572 1968.63456641
535.567077406 1968.63456641
536.162317241 1968.63456641
536.757557075 1968.63456641
537.35279691 1968.63456641
537.948036744 1968.63456641
538.543276579 1968.63456641
539.138516413 1968.63456641
539.733756248 1968.63456641
540.328996082 1968.63456641
540.924235916 1968.63456641
541.519475751 1968.63456641
542.114715585 1968.63456641
542.70995542 1968.63456641
543.305195254 1968.63456641
543.900435089 1968.63456641
544.495674923 1968.63456641
545.090914758 1968.63456641
545.686154592 1968.63456641
546.281394427 1968.63456641
546.876634261 1968.63456641
547.471874096 1968.63456641
548.06711393 1968.63456641
548.662353765 1968.63456641
549.257593599 1968.63456641
549.852833434 1968.63456641
550.448073268 1968.63456641
551.043313102 1968.63456641
551.638552937 1968.63456641
552.233792771 1968.63456641
552.829032606 1968.63456641
553.42427244 1968.63456641
554.019512275 1968.63456641
554.614752109 1968.63456641
555.209991944 1968.63456641
555.805231778 1968.63456641
556.400471613 1968.63456641
556.995711447 1968.63456641
557.590951282 1968.63456641
558.186191116 1968.63456641
558.781430951 1968.63456641
559.376670785 1968.63456641
559.97191062 1968.63456641
560.567150454 1968.63456641
561.162390289 1968.63456641
561.757630123 1968.63456641
562.352869957 1968.63456641
562.948109792 1968.63456641
563.543349626 1968.63456641
564.138589461 1968.63456641
564.733829295 1968.63456641
565.32906913 1968.63456641
565.924308964 1968.63456641
566.519548799 1968.63456641
567.114788633 1968.63456641
567.710028468 1968.63456641
568.305268302 1968.63456641
568.900508137 1968.63456641
569.495747971 1968.63456641
570.090987806 1968.63456641
570.68622764 1968.63456641
571.281467475 1968.63456641
571.876707309 1968.63456641
572.471947144 1968.63456641
573.067186978 1968.63456641
573.662426812 1968.63456641
574.257666647 1968.63456641
574.852906481 1968.63456641
575.448146316 1968.63456641
576.04338615 1968.63456641
576.638625985 1968.63456641
577.233865819 1968.63456641
577.829105654 1968.63456641
578.424345488 1968.63456641
579.019585323 1968.63456641
579.614825157 1968.63456641
580.210064992 1968.63456641
580.805304826 1968.63456641
581.400544661 1968.63456641
581.995784495 1968.63456641
582.59102433 1968.63456641
583.186264164 1968.63456641
583.781503998 1968.63456641
584.376743833 1968.63456641
584.971983667 1968.63456641
585.567223502 1968.63456641
586.162463336 1968.63456641
586.757703171 1968.63456641
587.352943005 1968.63456641
587.94818284 1968.63456641
588.543422674 1968.63456641
589.138662509 1968.63456641
589.733902343 1968.63456641
590.329142178 1968.63456641
590.924382012 1968.63456641
591.519621847 1968.63456641
592.114861681 1968.63456641
592.710101516 1968.63456641
593.30534135 1968.63456641
593.900581185 1968.63456641
594.495821019 1968.63456641
595.091060853 1968.63456641
595.686300688 1968.63456641
596.281540522 1968.63456641
596.876780357 1968.63456641
597.472020191 1968.63456641
598.067260026 1968.63456641
598.66249986 1968.63456641
599.257739695 1968.63456641
599.852979529 1968.63456641
600.448219364 1968.63456641
601.043459198 1968.63456641
601.638699033 1968.63456641
602.233938867 1968.63456641
602.829178702 1968.63456641
603.424418536 1968.63456641
604.019658371 1968.63456641
604.614898205 1968.63456641
605.21013804 1968.63456641
605.805377874 1968.63456641
606.400617708 1968.63456641
606.995857543 1968.63456641
607.591097377 1968.63456641
608.186337212 1968.63456641
608.781577046 1968.63456641
609.376816881 1968.63456641
609.972056715 2504.65908891
610.56729655 2504.65908891
611.162536384 2504.65908891
611.757776219 2504.65908891
612.353016053 2504.65908891
612.948255888 2504.65908891
613.543495722 2504.65908891
614.138735557 2504.65908891
614.733975391 2504.65908891
615.329215226 2504.65908891
615.92445506 2504.65908891
616.519694894 2504.65908891
617.114934729 2504.65908891
617.710174563 2504.65908891
618.305414398 2504.65908891
618.900654232 2504.65908891
619.495894067 2504.65908891
620.091133901 2504.65908891
620.686373736 2504.65908891
621.28161357 2504.65908891
621.876853405 2504.65908891
622.472093239 2504.65908891
623.067333074 2504.65908891
623.662572908 2504.65908891
624.257812743 2504.65908891
624.853052577 2504.65908891
625.448292412 2504.65908891
626.043532246 2504.65908891
626.638772081 2504.65908891
627.234011915 2504.65908891
627.829251749 2504.65908891
628.424491584 2504.65908891
629.019731418 2504.65908891
629.614971253 2504.65908891
630.210211087 2504.65908891
630.805450922 2504.65908891
631.400690756 2504.65908891
631.995930591 2504.65908891
632.591170425 2504.65908891
633.18641026 2504.65908891
633.781650094 2504.65908891
634.376889929 2504.65908891
634.972129763 2504.65908891
635.567369598 2504.65908891
636.162609432 2504.65908891
636.757849267 2504.65908891
637.353089101 2504.65908891
637.948328935 2504.65908891
638.54356877 1490.11552956
639.138808604 1490.11552956
639.734048439 1490.11552956
640.329288273 1490.11552956
640.924528108 1490.11552956
641.519767942 1490.11552956
642.115007777 1490.11552956
642.710247611 1490.11552956
643.305487446 3519.20264825
643.90072728 3519.20264825
644.495967115 3519.20264825
645.091206949 3519.20264825
645.686446784 3519.20264825
646.281686618 3519.20264825
646.876926453 3519.20264825
647.472166287 3519.20264825
648.067406122 2504.65908891
648.662645956 2504.65908891
649.25788579 2504.65908891
649.853125625 2504.65908891
650.448365459 2504.65908891
651.043605294 2504.65908891
651.638845128 2504.65908891
652.234084963 2504.65908891
652.829324797 2504.65908891
653.424564632 2504.65908891
654.019804466 2504.65908891
654.615044301 2504.65908891
655.210284135 2504.65908891
655.80552397 2504.65908891
656.400763804 2504.65908891
656.996003639 2504.65908891
657.591243473 2504.65908891
658.186483308 2504.65908891
658.781723142 2504.65908891
659.376962977 2504.65908891
659.972202811 2504.65908891
660.567442645 2504.65908891
661.16268248 2504.65908891
661.757922314 2504.65908891
662.353162149 2504.65908891
662.948401983 2504.65908891
663.543641818 2504.65908891
664.138881652 2504.65908891
664.734121487 2504.65908891
665.329361321 2504.65908891
665.924601156 2504.65908891
666.51984099 2504.65908891
667.115080825 2504.65908891
667.710320659 2504.65908891
668.305560494 2504.65908891
668.900800328 2504.65908891
669.496040163 2504.65908891
670.091279997 2504.65908891
670.686519831 2504.65908891
671.281759666 2504.65908891
671.8769995 2504.65908891
672.472239335 2504.65908891
673.067479169 2504.65908891
673.662719004 2504.65908891
674.257958838 2504.65908891
674.853198673 2504.65908891
675.448438507 2504.65908891
676.043678342 2504.65908891
676.638918176 2504.65908891
677.234158011 2504.65908891
677.829397845 2504.65908891
678.42463768 2504.65908891
679.019877514 2504.65908891
679.615117349 2504.65908891
680.210357183 2504.65908891
680.805597018 2504.65908891
681.400836852 2504.65908891
681.996076686 2504.65908891
682.591316521 2504.65908891
683.186556355 2504.65908891
683.78179619 2504.65908891
684.377036024 2504.65908891
684.972275859 2504.65908891
685.567515693 2504.65908891
686.162755528 3094.71273744
686.757995362 3094.71273744
687.353235197 3094.71273744
687.948475031 3094.71273744
688.543714866 3094.71273744
689.1389547 3094.71273744
689.734194535 3094.71273744
690.329434369 3094.71273744
690.924674204 3094.71273744
691.519914038 3094.71273744
692.115153873 3094.71273744
692.710393707 3094.71273744
693.305633541 3094.71273744
693.900873376 3094.71273744
694.49611321 3094.71273744
695.091353045 3094.71273744
695.686592879 3094.71273744
696.281832714 3094.71273744
696.877072548 3094.71273744
697.472312383 3094.71273744
698.067552217 3094.71273744
698.662792052 3094.71273744
699.258031886 3094.71273744
699.853271721 3094.71273744
700.448511555 3094.71273744
701.04375139 3094.71273744
701.638991224 3094.71273744
702.234231059 3094.71273744
702.829470893 3094.71273744
703.424710727 3094.71273744
704.019950562 3094.71273744
704.615190396 3094.71273744
705.210430231 2232.28446294
705.805670065 2232.28446294
706.4009099 2232.28446294
706.996149734 2232.28446294
707.591389569 2232.28446294
708.186629403 2232.28446294
708.781869238 2232.28446294
709.377109072 2232.28446294
709.972348907 2232.28446294
710.567588741 2232.28446294
711.162828576 2232.28446294
711.75806841 2232.28446294
712.353308245 2232.28446294
712.948548079 2232.28446294
713.543787914 2232.28446294
714.139027748 2232.28446294
714.734267582 2232.28446294
715.329507417 2232.28446294
715.924747251 2232.28446294
716.519987086 2232.28446294
717.11522692 2232.28446294
717.710466755 2232.28446294
718.305706589 2232.28446294
718.900946424 2232.28446294
719.496186258 2232.28446294
720.091426093 2232.28446294
720.686665927 2232.28446294
721.281905762 2232.28446294
721.877145596 2232.28446294
722.472385431 2232.28446294
723.067625265 2232.28446294
723.6628651 2232.28446294
724.258104934 2345.81957762
724.853344769 2345.81957762
725.448584603 2345.81957762
726.043824437 2345.81957762
726.639064272 2345.81957762
727.234304106 2345.81957762
727.829543941 2345.81957762
728.424783775 2345.81957762
729.02002361 2345.81957762
729.615263444 2345.81957762
730.210503279 2345.81957762
730.805743113 2345.81957762
731.400982948 2345.81957762
731.996222782 2345.81957762
732.591462617 2345.81957762
733.186702451 2345.81957762
733.781942286 2345.81957762
734.37718212 2345.81957762
734.972421955 2345.81957762
735.567661789 2345.81957762
736.162901623 2345.81957762
736.758141458 2345.81957762
737.353381292 2345.81957762
737.948621127 2345.81957762
738.543860961 2345.81957762
739.139100796 2345.81957762
739.73434063 2345.81957762
740.329580465 2345.81957762
740.924820299 2345.81957762
741.520060134 2345.81957762
742.115299968 2345.81957762
742.710539803 2345.81957762
743.305779637 2345.81957762
743.901019472 2345.81957762
744.496259306 2345.81957762
745.091499141 2345.81957762
745.686738975 2345.81957762
746.28197881 2345.81957762
746.877218644 2345.81957762
747.472458478 2345.81957762
748.067698313 2345.81957762
748.662938147 2345.81957762
749.258177982 2345.81957762
749.853417816 2345.81957762
750.448657651 2345.81957762
751.043897485 2345.81957762
751.63913732 2345.81957762
752.234377154 2345.81957762
752.829616989 2345.81957762
753.424856823 2345.81957762
754.020096658 2345.81957762
754.615336492 2345.81957762
755.210576327 2345.81957762
755.805816161 2345.81957762
756.401055996 2345.81957762
756.99629583 2345.81957762
757.591535665 2345.81957762
758.186775499 2345.81957762
758.782015333 2345.81957762
759.377255168 2345.81957762
759.972495002 2345.81957762
760.567734837 2345.81957762
761.162974671 2345.81957762
761.758214506 2345.81957762
762.35345434 2316.67919511
762.948694175 2316.67919511
763.543934009 2316.67919511
764.139173844 2316.67919511
764.734413678 2316.67919511
765.329653513 2316.67919511
765.924893347 2316.67919511
766.520133182 2316.67919511
767.115373016 2316.67919511
767.710612851 2316.67919511
768.305852685 2316.67919511
768.901092519 2316.67919511
769.496332354 2316.67919511
770.091572188 2316.67919511
770.686812023 2316.67919511
771.282051857 2316.67919511
771.877291692 2316.67919511
772.472531526 2316.67919511
773.067771361 2316.67919511
773.663011195 2316.67919511
774.25825103 2316.67919511
774.853490864 2316.67919511
775.448730699 2316.67919511
776.043970533 2316.67919511
776.639210368 2316.67919511
777.234450202 2316.67919511
777.829690037 2316.67919511
778.424929871 2316.67919511
779.020169706 2316.67919511
779.61540954 2316.67919511
780.210649374 2316.67919511
780.805889209 2316.67919511
781.401129043 2316.67919511
781.996368878 2316.67919511
782.591608712 2316.67919511
783.186848547 2316.67919511
783.782088381 2316.67919511
784.377328216 2316.67919511
784.97256805 2316.67919511
785.567807885 2316.67919511
786.163047719 2316.67919511
786.758287554 2316.67919511
787.353527388 2316.67919511
787.948767223 2316.67919511
788.544007057 2316.67919511
789.139246892 2316.67919511
789.734486726 2316.67919511
790.32972656 2316.67919511
790.924966395 2316.67919511
791.520206229 2316.67919511
792.115446064 2316.67919511
792.710685898 2316.67919511
793.305925733 2316.67919511
793.901165567 2316.67919511
794.496405402 2316.67919511
795.091645236 2316.67919511
795.686885071 2316.67919511
796.282124905 2316.67919511
796.87736474 2316.67919511
797.472604574 2316.67919511
798.067844409 2316.67919511
798.663084243 2316.67919511
799.258324078 2316.67919511
799.853563912 2316.67919511
800.448803747 2952.8839703
801.044043581 2952.8839703
801.639283415 2952.8839703
802.23452325 2952.8839703
802.829763084 2952.8839703
803.425002919 2952.8839703
804.020242753 2952.8839703
804.615482588 2952.8839703
805.210722422 2952.8839703
805.805962257 2952.8839703
806.401202091 2952.8839703
806.996441926 2952.8839703
807.59168176 2952.8839703
808.186921595 2952.8839703
808.782161429 2952.8839703
809.377401264 2952.8839703
809.972641098 2952.8839703
810.567880933 2952.8839703
811.163120767 2952.8839703
811.758360602 2952.8839703
812.353600436 2952.8839703
812.94884027 2952.8839703
813.544080105 2952.8839703
814.139319939 2952.8839703
814.734559774 2952.8839703
815.329799608 2952.8839703
815.925039443 2952.8839703
816.520279277 2952.8839703
817.115519112 2952.8839703
817.710758946 2952.8839703
818.305998781 2952.8839703
818.901238615 2952.8839703
819.49647845 2952.8839703
820.091718284 2952.8839703
820.686958119 2952.8839703
821.282197953 2952.8839703
821.877437788 2952.8839703
822.472677622 2952.8839703
823.067917456 2952.8839703
823.663157291 2952.8839703
824.258397125 2952.8839703
824.85363696 2952.8839703
825.448876794 2952.8839703
826.044116629 2952.8839703
826.639356463 2952.8839703
827.234596298 2952.8839703
827.829836132 2952.8839703
828.425075967 2952.8839703
829.020315801 2952.8839703
829.615555636 2952.8839703
830.21079547 2952.8839703
830.806035305 2952.8839703
831.401275139 2952.8839703
831.996514974 2952.8839703
832.591754808 2952.8839703
833.186994643 2952.8839703
833.782234477 2952.8839703
834.377474311 2952.8839703
834.972714146 2952.8839703
835.56795398 2952.8839703
836.163193815 2952.8839703
836.758433649 2952.8839703
837.353673484 2952.8839703
837.948913318 2952.8839703
838.544153153 2374.53659511
839.139392987 2374.53659511
839.734632822 2374.53659511
840.329872656 2374.53659511
840.925112491 2374.53659511
841.520352325 2374.53659511
842.11559216 2374.53659511
842.710831994 2374.53659511
843.306071829 2374.53659511
843.901311663 2374.53659511
844.496551498 2374.53659511
845.091791332 2374.53659511
845.687031166 2374.53659511
846.282271001 2374.53659511
846.877510835 2374.53659511
847.47275067 2374.53659511
848.067990504 2374.53659511
848.663230339 2374.53659511
849.258470173 2374.53659511
849.853710008 2374.53659511
850.448949842 2374.53659511
851.044189677 2374.53659511
851.639429511 2374.53659511
852.234669346 2374.53659511
852.82990918 2374.53659511
853.425149015 2374.53659511
854.020388849 2374.53659511
854.615628684 2374.53659511
855.210868518 2374.53659511
855.806108352 2374.53659511
856.401348187 2374.53659511
856.996588021 2374.53659511
857.591827856 2374.53659511
858.18706769 2374.53659511
858.782307525 2374.53659511
859.377547359 2374.53659511
859.972787194 2374.53659511
860.568027028 2374.53659511
861.163266863 2374.53659511
861.758506697 2374.53659511
862.353746532 2374.53659511
862.948986366 2374.53659511
863.544226201 2374.53659511
864.139466035 2374.53659511
864.73470587 2374.53659511
865.329945704 2374.53659511
865.925185539 2374.53659511
866.520425373 2374.53659511
867.115665207 2374.53659511
867.710905042 2374.53659511
868.306144876 2374.53659511
868.901384711 2374.53659511
869.496624545 2374.53659511
870.09186438 2374.53659511
870.687104214 2374.53659511
871.282344049 2374.53659511
871.877583883 2374.53659511
872.472823718 2374.53659511
873.068063552 2374.53659511
873.663303387 2374.53659511
874.258543221 2374.53659511
874.853783056 2374.53659511
875.44902289 2374.53659511
876.044262725 2374.53659511
876.639502559 2374.53659511
877.234742394 2374.53659511
877.829982228 2374.53659511
878.425222062 2374.53659511
879.020461897 2374.53659511
879.615701731 2374.53659511
880.210941566 2374.53659511
880.8061814 2374.53659511
881.401421235 2374.53659511
881.996661069 2374.53659511
882.591900904 2374.53659511
883.187140738 2374.53659511
883.782380573 2374.53659511
884.377620407 2374.53659511
884.972860242 2374.53659511
885.568100076 2374.53659511
886.163339911 2374.53659511
886.758579745 2374.53659511
887.35381958 2374.53659511
887.949059414 2374.53659511
888.544299248 2374.53659511
889.139539083 2374.53659511
889.734778917 2374.53659511
890.330018752 2374.53659511
890.925258586 2374.53659511
891.520498421 2374.53659511
892.115738255 2374.53659511
892.71097809 2374.53659511
893.306217924 2374.53659511
893.901457759 2374.53659511
894.496697593 2374.53659511
895.091937428 2374.53659511
895.687177262 2374.53659511
896.282417097 2374.53659511
896.877656931 2374.53659511
897.472896766 2374.53659511
898.0681366 2374.53659511
898.663376435 2374.53659511
899.258616269 2374.53659511
899.853856103 2374.53659511
900.449095938 2374.53659511
901.044335772 2374.53659511
901.639575607 2374.53659511
902.234815441 2374.53659511
902.830055276 2374.53659511
903.42529511 2374.53659511
904.020534945 2374.53659511
904.615774779 2374.53659511
905.211014614 2374.53659511
905.806254448 2374.53659511
906.401494283 2374.53659511
906.996734117 2374.53659511
907.591973952 2374.53659511
908.187213786 2374.53659511
908.782453621 2374.53659511
909.377693455 2374.53659511
909.97293329 2374.53659511
910.568173124 2374.53659511
911.163412958 2374.53659511
911.758652793 2374.53659511
912.353892627 2374.53659511
912.949132462 2374.53659511
913.544372296 2374.53659511
914.139612131 2374.53659511
914.734851965 3143.2406527
915.3300918 3143.2406527
915.925331634 3143.2406527
916.520571469 3143.2406527
917.115811303 3143.2406527
917.711051138 3143.2406527
918.306290972 3143.2406527
918.901530807 3143.2406527
919.496770641 3143.2406527
920.092010476 3143.2406527
920.68725031 3143.2406527
921.282490144 3143.2406527
921.877729979 3143.2406527
922.472969813 3143.2406527
923.068209648 3143.2406527
923.663449482 3143.2406527
924.258689317 3143.2406527
924.853929151 3143.2406527
925.449168986 3143.2406527
926.04440882 3143.2406527
926.639648655 3143.2406527
927.234888489 3143.2406527
927.830128324 3143.2406527
928.425368158 3143.2406527
929.020607993 3143.2406527
929.615847827 3143.2406527
930.211087662 3143.2406527
930.806327496 3143.2406527
931.401567331 3143.2406527
931.996807165 3143.2406527
932.592046999 3143.2406527
933.187286834 3143.2406527
933.782526668 3143.2406527
934.377766503 3143.2406527
934.973006337 3143.2406527
935.568246172 3143.2406527
936.163486006 3143.2406527
936.758725841 3143.2406527
937.353965675 3143.2406527
937.94920551 3143.2406527
938.544445344 3143.2406527
939.139685179 3143.2406527
939.734925013 3143.2406527
940.330164848 3143.2406527
940.925404682 3143.2406527
941.520644517 3143.2406527
942.115884351 3143.2406527
942.711124185 3143.2406527
943.30636402 3143.2406527
943.901603854 3143.2406527
944.496843689 3143.2406527
945.092083523 3143.2406527
945.687323358 3143.2406527
946.282563192 3143.2406527
946.877803027 3143.2406527
947.473042861 3143.2406527
948.068282696 3143.2406527
948.66352253 3143.2406527
949.258762365 3143.2406527
949.854002199 3143.2406527
950.449242034 3143.2406527
951.044481868 3143.2406527
951.639721703 3143.2406527
952.234961537 3143.2406527
952.830201372 3143.2406527
953.425441206 3143.2406527
954.02068104 3143.2406527
954.615920875 3143.2406527
955.211160709 3143.2406527
955.806400544 3143.2406527
956.401640378 3143.2406527
956.996880213 3143.2406527
957.592120047 3143.2406527
958.187359882 3143.2406527
958.782599716 3143.2406527
959.377839551 3143.2406527
959.973079385 3143.2406527
960.56831922 3143.2406527
961.163559054 3143.2406527
961.758798889 3143.2406527
962.354038723 3143.2406527
962.949278558 3143.2406527
963.544518392 3143.2406527
964.139758227 3143.2406527
964.734998061 3143.2406527
965.330237895 3143.2406527
965.92547773 3143.2406527
966.520717564 3143.2406527
967.115957399 3143.2406527
967.711197233 3143.2406527
968.306437068 3143.2406527
968.901676902 3143.2406527
969.496916737 3143.2406527
970.092156571 3143.2406527
970.687396406 3143.2406527
971.28263624 3143.2406527
971.877876075 3143.2406527
972.473115909 3143.2406527
973.068355744 3143.2406527
973.663595578 3143.2406527
974.258835413 3143.2406527
974.854075247 3143.2406527
975.449315081 3143.2406527
976.044554916 3143.2406527
976.63979475 3143.2406527
977.235034585 3143.2406527
977.830274419 3143.2406527
978.425514254 3143.2406527
979.020754088 3143.2406527
979.615993923 3143.2406527
980.211233757 3143.2406527
980.806473592 3143.2406527
981.401713426 3143.2406527
981.996953261 3143.2406527
982.592193095 3143.2406527
983.18743293 3143.2406527
983.782672764 3143.2406527
984.377912599 3143.2406527
984.973152433 3143.2406527
985.568392268 3143.2406527
986.163632102 3143.2406527
986.758871936 3143.2406527
987.354111771 3143.2406527
987.949351605 3143.2406527
988.54459144 3143.2406527
989.139831274 3143.2406527
989.735071109 3143.2406527
990.330310943 3143.2406527
990.925550778 3143.2406527
991.520790612 3143.2406527
992.116030447 3143.2406527
992.711270281 3143.2406527
993.306510116 3143.2406527
993.90174995 3143.2406527
994.496989785 3143.2406527
995.092229619 3143.2406527
995.687469454 3143.2406527
996.282709288 3143.2406527
996.877949123 3143.2406527
997.473188957 3143.2406527
998.068428791 3143.2406527
998.663668626 3143.2406527
999.25890846 3143.2406527
999.854148295 3143.2406527
1000.44938813 3143.2406527
1001.04462796 3143.2406527
1001.6398678 3143.2406527
1002.23510763 3143.2406527
1002.83034747 3143.2406527
1003.4255873 3143.2406527
1004.02082714 3143.2406527
1004.61606697 3143.2406527
1005.21130681 3143.2406527
1005.80654664 3143.2406527
1006.40178647 3143.2406527
1006.99702631 3143.2406527
1007.59226614 3143.2406527
1008.18750598 3143.2406527
1008.78274581 3143.2406527
1009.37798565 3143.2406527
1009.97322548 3143.2406527
1010.56846532 3143.2406527
1011.16370515 3143.2406527
1011.75894498 3143.2406527
1012.35418482 3143.2406527
1012.94942465 3143.2406527
1013.54466449 3143.2406527
1014.13990432 3143.2406527
1014.73514416 3143.2406527
1015.33038399 3143.2406527
1015.92562383 3143.2406527
1016.52086366 3143.2406527
1017.11610349 3143.2406527
1017.71134333 3143.2406527
1018.30658316 3143.2406527
1018.901823 3143.2406527
1019.49706283 3143.2406527
1020.09230267 3143.2406527
1020.6875425 3143.2406527
1021.28278234 3143.2406527
1021.87802217 3143.2406527
1022.473262 3143.2406527
1023.06850184 3143.2406527
1023.66374167 3143.2406527
1024.25898151 3143.2406527
1024.85422134 3143.2406527
1025.44946118 3143.2406527
1026.04470101 3143.2406527
1026.63994085 3143.2406527
1027.23518068 3143.2406527
1027.83042052 3143.2406527
1028.42566035 3143.2406527
1029.02090018 3143.2406527
1029.61614002 3143.2406527
1030.21137985 3143.2406527
1030.80661969 3143.2406527
1031.40185952 3143.2406527
1031.99709936 3143.2406527
1032.59233919 3143.2406527
1033.18757903 3143.2406527
1033.78281886 3143.2406527
1034.37805869 3143.2406527
1034.97329853 3143.2406527
1035.56853836 3143.2406527
1036.1637782 3143.2406527
1036.75901803 3143.2406527
1037.35425787 3143.2406527
1037.9494977 3143.2406527
1038.54473754 3143.2406527
1039.13997737 3143.2406527
1039.7352172 3143.2406527
1040.33045704 3143.2406527
1040.92569687 3143.2406527
1041.52093671 3143.2406527
1042.11617654 3143.2406527
1042.71141638 3143.2406527
1043.30665621 3143.2406527
1043.90189605 3143.2406527
1044.49713588 3143.2406527
1045.09237571 3143.2406527
1045.68761555 3143.2406527
1046.28285538 3143.2406527
1046.87809522 3143.2406527
1047.47333505 3143.2406527
1048.06857489 3143.2406527
1048.66381472 3143.2406527
1049.25905456 3143.2406527
1049.85429439 3143.2406527
1050.44953423 3143.2406527
1051.04477406 3143.2406527
1051.64001389 3143.2406527
1052.23525373 3143.2406527
1052.83049356 3143.2406527
1053.4257334 3143.2406527
1054.02097323 3143.2406527
1054.61621307 3143.2406527
1055.2114529 3143.2406527
1055.80669274 3143.2406527
1056.40193257 3143.2406527
1056.9971724 3143.2406527
1057.59241224 3143.2406527
1058.18765207 3143.2406527
1058.78289191 3143.2406527
1059.37813174 3143.2406527
1059.97337158 3143.2406527
1060.56861141 3143.2406527
1061.16385125 3143.2406527
1061.75909108 3143.2406527
1062.35433091 3143.2406527
1062.94957075 3143.2406527
1063.54481058 3143.2406527
1064.14005042 3143.2406527
1064.73529025 3143.2406527
1065.33053009 3143.2406527
1065.92576992 3143.2406527
1066.52100976 3143.2406527
1067.11624959 3143.2406527
1067.71148942 3143.2406527
1068.30672926 3143.2406527
1068.90196909 3143.2406527
1069.49720893 3143.2406527
1070.09244876 3143.2406527
1070.6876886 3143.2406527
1071.28292843 3143.2406527
1071.87816827 3143.2406527
1072.4734081 3143.2406527
1073.06864794 3143.2406527
1073.66388777 3143.2406527
1074.2591276 3143.2406527
1074.85436744 3143.2406527
1075.44960727 3143.2406527
1076.04484711 3143.2406527
1076.64008694 3143.2406527
1077.23532678 3143.2406527
1077.83056661 3143.2406527
1078.42580645 3143.2406527
1079.02104628 3143.2406527
1079.61628611 3143.2406527
1080.21152595 3143.2406527
1080.80676578 3143.2406527
1081.40200562 3143.2406527
1081.99724545 3143.2406527
1082.59248529 3143.2406527
1083.18772512 3143.2406527
1083.78296496 3143.2406527
1084.37820479 3143.2406527
1084.97344462 3143.2406527
1085.56868446 3143.2406527
1086.16392429 3143.2406527
1086.75916413 3143.2406527
1087.35440396 3143.2406527
1087.9496438 3143.2406527
1088.54488363 3143.2406527
1089.14012347 3143.2406527
1089.7353633 3143.2406527
1090.33060313 3143.2406527
1090.92584297 3143.2406527
1091.5210828 3143.2406527
1092.11632264 3143.2406527
1092.71156247 3143.2406527
1093.30680231 3143.2406527
1093.90204214 3143.2406527
1094.49728198 3143.2406527
1095.09252181 3143.2406527
1095.68776164 3143.2406527
1096.28300148 3143.2406527
1096.87824131 3143.2406527
1097.47348115 3143.2406527
1098.06872098 3143.2406527
1098.66396082 3143.2406527
1099.25920065 3143.2406527
1099.85444049 3143.2406527
1100.44968032 3143.2406527
1101.04492016 3143.2406527
1101.64015999 3143.2406527
1102.23539982 3143.2406527
1102.83063966 3143.2406527
1103.42587949 3143.2406527
1104.02111933 3143.2406527
1104.61635916 3143.2406527
1105.211599 3143.2406527
1105.80683883 3143.2406527
1106.40207867 3143.2406527
1106.9973185 3143.2406527
1107.59255833 3143.2406527
1108.18779817 3143.2406527
1108.783038 3143.2406527
1109.37827784 3143.2406527
1109.97351767 3143.2406527
1110.56875751 3143.2406527
1111.16399734 3143.2406527
1111.75923718 3143.2406527
1112.35447701 3143.2406527
1112.94971684 3143.2406527
1113.54495668 3143.2406527
1114.14019651 3143.2406527
1114.73543635 3143.2406527
1115.33067618 3143.2406527
1115.92591602 3143.2406527
1116.52115585 3143.2406527
1117.11639569 3143.2406527
1117.71163552 3143.2406527
1118.30687535 3143.2406527
1118.90211519 3143.2406527
1119.49735502 3143.2406527
1120.09259486 3143.2406527
1120.68783469 3143.2406527
1121.28307453 3143.2406527
1121.87831436 3143.2406527
1122.4735542 3143.2406527
1123.06879403 3143.2406527
1123.66403387 3143.2406527
1124.2592737 3143.2406527
1124.85451353 3143.2406527
1125.44975337 3143.2406527
1126.0449932 3143.2406527
1126.64023304 3143.2406527
1127.23547287 3143.2406527
1127.83071271 3143.2406527
1128.42595254 3143.2406527
1129.02119238 3143.2406527
1129.61643221 3143.2406527
1130.21167204 3143.2406527
1130.80691188 3143.2406527
1131.40215171 3143.2406527
1131.99739155 3143.2406527
1132.59263138 3143.2406527
1133.18787122 3143.2406527
1133.78311105 3143.2406527
1134.37835089 3143.2406527
1134.97359072 3143.2406527
1135.56883055 3143.2406527
1136.16407039 3143.2406527
1136.75931022 3143.2406527
1137.35455006 3143.2406527
1137.94978989 3143.2406527
1138.54502973 3143.2406527
1139.14026956 3143.2406527
1139.7355094 3143.2406527
1140.33074923 3143.2406527
1140.92598906 3143.2406527
1141.5212289 3143.2406527
1142.11646873 3143.2406527
1142.71170857 3143.2406527
1143.3069484 3143.2406527
1143.90218824 3143.2406527
1144.49742807 3143.2406527
1145.09266791 3143.2406527
1145.68790774 3143.2406527
1146.28314758 3143.2406527
1146.87838741 3143.2406527
1147.47362724 3143.2406527
1148.06886708 3143.2406527
1148.66410691 3143.2406527
1149.25934675 3143.2406527
1149.85458658 3143.2406527
1150.44982642 3143.2406527
1151.04506625 3143.2406527
1151.64030609 3143.2406527
1152.23554592 3143.2406527
1152.83078575 3143.2406527
1153.42602559 3143.2406527
1154.02126542 3143.2406527
1154.61650526 3143.2406527
1155.21174509 3143.2406527
1155.80698493 3143.2406527
1156.40222476 3143.2406527
1156.9974646 3143.2406527
1157.59270443 3143.2406527
1158.18794426 3143.2406527
1158.7831841 3143.2406527
1159.37842393 3143.2406527
1159.97366377 3143.2406527
1160.5689036 3143.2406527
1161.16414344 3143.2406527
1161.75938327 3143.2406527
1162.35462311 3143.2406527
1162.94986294 3143.2406527
1163.54510277 3143.2406527
1164.14034261 3143.2406527
1164.73558244 3143.2406527
1165.33082228 3143.2406527
1165.92606211 3143.2406527
1166.52130195 3143.2406527
1167.11654178 3143.2406527
1167.71178162 3143.2406527
1168.30702145 3143.2406527
1168.90226129 3143.2406527
1169.49750112 3143.2406527
1170.09274095 3143.2406527
1170.68798079 3143.2406527
1171.28322062 3143.2406527
1171.87846046 3143.2406527
1172.47370029 3143.2406527
1173.06894013 3143.2406527
1173.66417996 3143.2406527
1174.2594198 3143.2406527
1174.85465963 3143.2406527
1175.44989946 3143.2406527
1176.0451393 3143.2406527
1176.64037913 3143.2406527
1177.23561897 3143.2406527
1177.8308588 3143.2406527
1178.42609864 3143.2406527
1179.02133847 3143.2406527
1179.61657831 3143.2406527
1180.21181814 3143.2406527
1180.80705797 3143.2406527
1181.40229781 3143.2406527
1181.99753764 3143.2406527
1182.59277748 3143.2406527
1183.18801731 3143.2406527
1183.78325715 3143.2406527
1184.37849698 3143.2406527
1184.97373682 3143.2406527
1185.56897665 3143.2406527
1186.16421648 3143.2406527
1186.75945632 3143.2406527
1187.35469615 3143.2406527
1187.94993599 3143.2406527
1188.54517582 3143.2406527
1189.14041566 3143.2406527
1189.73565549 3143.2406527
1190.33089533 3143.2406527
1190.92613516 3143.2406527
1191.521375 3143.2406527
1192.11661483 3143.2406527
1192.71185466 3143.2406527
1193.3070945 3143.2406527
1193.90233433 3143.2406527
1194.49757417 3143.2406527
1195.092814 3143.2406527
1195.68805384 3143.2406527
1196.28329367 3143.2406527
1196.87853351 3143.2406527
1197.47377334 3143.2406527
1198.06901317 3143.2406527
1198.66425301 3143.2406527
1199.25949284 3143.2406527
1199.85473268 3143.2406527
1200.44997251 3143.2406527
1201.04521235 3143.2406527
1201.64045218 3143.2406527
1202.23569202 3143.2406527
1202.83093185 3143.2406527
1203.42617168 3143.2406527
1204.02141152 3143.2406527
1204.61665135 3143.2406527
1205.21189119 3143.2406527
1205.80713102 3143.2406527
1206.40237086 3143.2406527
1206.99761069 3143.2406527
1207.59285053 3143.2406527
1208.18809036 3143.2406527
1208.78333019 3143.2406527
1209.37857003 3143.2406527
1209.97380986 3143.2406527
1210.5690497 3143.2406527
1211.16428953 3143.2406527
1211.75952937 3143.2406527
1212.3547692 3143.2406527
1212.95000904 3143.2406527
1213.54524887 3143.2406527
1214.14048871 3143.2406527
1214.73572854 3143.2406527
1215.33096837 3143.2406527
1215.92620821 3143.2406527
1216.52144804 3143.2406527
1217.11668788 3143.2406527
1217.71192771 3143.2406527
1218.30716755 3143.2406527
1218.90240738 3143.2406527
