0.446466215283 1954.64533893
1.04170604976 1954.64533893
1.63694588423 1954.64533893
2.2321857187 1954.64533893
2.82742555317 1954.64533893
3.42266538765 1954.64533893
4.01790522212 1954.64533893
4.61314505659 1954.64533893
5.20838489106 1954.64533893
5.80362472554 1954.64533893
6.39886456001 1954.64533893
6.99410439448 1954.64533893
7.58934422895 1954.64533893
8.18458406343 1954.64533893
8.7798238979 1954.64533893
9.37506373237 1954.64533893
9.97030356685 1954.64533893
10.5655434013 1954.64533893
11.1607832358 1954.64533893
11.7560230703 1954.64533893
12.3512629047 1954.64533893
12.9465027392 1954.64533893
13.5417425737 1954.64533893
14.1369824082 1954.64533893
14.7322222426 1954.64533893
15.3274620771 1954.64533893
15.9227019116 1954.64533893
16.517941746 1954.64533893
17.1131815805 1954.64533893
17.708421415 1954.64533893
18.3036612495 1954.64533893
18.8989010839 1954.64533893
19.4941409184 1954.64533893
20.0893807529 1954.64533893
20.6846205874 1954.64533893
21.2798604218 1954.64533893
21.8751002563 1954.64533893
22.4703400908 1954.64533893
23.0655799252 1954.64533893
23.6608197597 1954.64533893
24.2560595942 1954.64533893
24.8512994287 1954.64533893
25.4465392631 1954.64533893
26.0417790976 1954.64533893
26.6370189321 1954.64533893
27.2322587666 1954.64533893
27.827498601 1954.64533893
28.4227384355 1954.64533893
29.01797827 1954.64533893
29.6132181044 1954.64533893
30.2084579389 1954.64533893
30.8036977734 1954.64533893
31.3989376079 1954.64533893
31.9941774423 1954.64533893
32.5894172768 1954.64533893
33.1846571113 1954.64533893
33.7798969458 1954.64533893
34.3751367802 1954.64533893
34.9703766147 1954.64533893
35.5656164492 1954.64533893
36.1608562836 1954.64533893
36.7560961181 1954.64533893
37.3513359526 1954.64533893
37.9465757871 1954.64533893
38.5418156215 1954.64533893
39.137055456 1954.64533893
39.7322952905 1954.64533893
40.327535125 1954.64533893
40.9227749594 1954.64533893
41.5180147939 1954.64533893
42.1132546284 1954.64533893
42.7084944628 1954.64533893
43.3037342973 1954.64533893
43.8989741318 1954.64533893
44.4942139663 1954.64533893
45.0894538007 1954.64533893
45.6846936352 1954.64533893
46.2799334697 1954.64533893
46.8751733041 1954.64533893
47.4704131386 1954.64533893
48.0656529731 1954.64533893
48.6608928076 1954.64533893
49.256132642 1954.64533893
49.8513724765 1954.64533893
50.446612311 1954.64533893
51.0418521455 1954.64533893
51.6370919799 1954.64533893
52.2323318144 1954.64533893
52.8275716489 1954.64533893
53.4228114833 1954.64533893
54.0180513178 1954.64533893
54.6132911523 1954.64533893
55.2085309868 1954.64533893
55.8037708212 1954.64533893
56.3990106557 1954.64533893
56.9942504902 1954.64533893
57.5894903247 1954.64533893
58.1847301591 1954.64533893
58.7799699936 1954.64533893
59.3752098281 1954.64533893
59.9704496625 1954.64533893
60.565689497 1954.64533893
61.1609293315 1954.64533893
61.756169166 1954.64533893
62.3514090004 1954.64533893
62.9466488349 1954.64533893
63.5418886694 1954.64533893
64.1371285039 1954.64533893
64.7323683383 1954.64533893
65.3276081728 1954.64533893
65.9228480073 1954.64533893
66.5180878417 1954.64533893
67.1133276762 1954.64533893
67.7085675107 1954.64533893
68.3038073452 1954.64533893
68.8990471796 1954.64533893
69.4942870141 1954.64533893
70.0895268486 1954.64533893
70.6847666831 1954.64533893
71.2800065175 1954.64533893
71.875246352 1954.64533893
72.4704861865 1954.64533893
73.0657260209 1954.64533893
73.6609658554 1954.64533893
74.2562056899 1954.64533893
74.8514455244 1954.64533893
75.4466853588 1954.64533893
76.0419251933 1954.64533893
76.6371650278 1954.64533893
77.2324048623 1954.64533893
77.8276446967 1954.64533893
78.4228845312 1954.64533893
79.0181243657 1954.64533893
79.6133642001 1954.64533893
80.2086040346 1954.64533893
80.8038438691 1954.64533893
81.3990837036 1954.64533893
81.994323538 1954.64533893
82.5895633725 1954.64533893
83.184803207 1954.64533893
83.7800430415 1954.64533893
84.3752828759 1954.64533893
84.9705227104 1954.64533893
85.5657625449 1954.64533893
86.1610023793 1954.64533893
86.7562422138 1954.64533893
87.3514820483 1954.64533893
87.9467218828 1954.64533893
88.5419617172 1954.64533893
89.1372015517 1954.64533893
89.7324413862 1954.64533893
90.3276812207 1954.64533893
90.9229210551 1954.64533893
91.5181608896 1954.64533893
92.1134007241 1954.64533893
92.7086405585 1954.64533893
93.303880393 1954.64533893
93.8991202275 1954.64533893
94.494360062 1954.64533893
95.0895998964 1954.64533893
95.6848397309 1954.64533893
96.2800795654 1954.64533893
96.8753193999 1954.64533893
97.4705592343 1954.64533893
98.0657990688 1954.64533893
98.6610389033 1954.64533893
99.2562787377 1954.64533893
99.8515185722 1954.64533893
100.446758407 1954.64533893
101.041998241 1954.64533893
101.637238076 1954.64533893
102.23247791 1954.64533893
102.827717745 1954.64533893
103.422957579 1954.64533893
104.018197414 1954.64533893
104.613437248 1954.64533893
105.208677082 1954.64533893
105.803916917 1954.64533893
106.399156751 1954.64533893
106.994396586 1954.64533893
107.58963642 1954.64533893
108.184876255 1954.64533893
108.780116089 1954.64533893
109.375355924 1954.64533893
109.970595758 1954.64533893
110.565835593 1954.64533893
111.161075427 1954.64533893
111.756315262 1954.64533893
112.351555096 1954.64533893
112.946794931 1954.64533893
113.542034765 1954.64533893
114.1372746 1954.64533893
114.732514434 1954.64533893
115.327754269 1954.64533893
115.922994103 1954.64533893
116.518233937 1954.64533893
117.113473772 1954.64533893
117.708713606 1954.64533893
118.303953441 1954.64533893
118.899193275 1954.64533893
119.49443311 1954.64533893
120.089672944 1954.64533893
120.684912779 1954.64533893
121.280152613 1954.64533893
121.875392448 1954.64533893
122.470632282 1954.64533893
123.065872117 1954.64533893
123.661111951 1954.64533893
124.256351786 1954.64533893
124.85159162 1954.64533893
125.446831455 1954.64533893
126.042071289 1954.64533893
126.637311123 1954.64533893
127.232550958 1954.64533893
127.827790792 1954.64533893
128.423030627 1954.64533893
129.018270461 1954.64533893
129.613510296 1954.64533893
130.20875013 1954.64533893
130.803989965 1954.64533893
131.399229799 1954.64533893
131.994469634 1954.64533893
132.589709468 1954.64533893
133.184949303 1954.64533893
133.780189137 1954.64533893
134.375428972 1954.64533893
134.970668806 1954.64533893
135.565908641 1954.64533893
136.161148475 1954.64533893
136.75638831 1954.64533893
137.351628144 1954.64533893
137.946867978 1954.64533893
138.542107813 1954.64533893
139.137347647 1954.64533893
139.732587482 1954.64533893
140.327827316 1954.64533893
140.923067151 1954.64533893
141.518306985 1954.64533893
142.11354682 1954.64533893
142.708786654 1954.64533893
143.304026489 1954.64533893
143.899266323 1954.64533893
144.494506158 1954.64533893
145.089745992 1954.64533893
145.684985827 1954.64533893
146.280225661 1954.64533893
146.875465496 1954.64533893
147.47070533 1954.64533893
148.065945165 1954.64533893
148.661184999 1954.64533893
149.256424833 1954.64533893
149.851664668 1954.64533893
150.446904502 1954.64533893
151.042144337 1954.64533893
151.637384171 1954.64533893
152.232624006 1954.64533893
152.82786384 1954.64533893
153.423103675 1954.64533893
154.018343509 1954.64533893
154.613583344 1954.64533893
155.208823178 1954.64533893
155.804063013 1954.64533893
156.399302847 1954.64533893
156.994542682 1954.64533893
157.589782516 1954.64533893
158.185022351 1954.64533893
158.780262185 1954.64533893
159.375502019 1954.64533893
159.970741854 1954.64533893
160.565981688 1954.64533893
161.161221523 1954.64533893
161.756461357 1954.64533893
162.351701192 1954.64533893
162.946941026 1954.64533893
163.542180861 1954.64533893
164.137420695 1954.64533893
164.73266053 1954.64533893
165.327900364 1954.64533893
165.923140199 1954.64533893
166.518380033 1954.64533893
167.113619868 1954.64533893
167.708859702 1954.64533893
168.304099537 1954.64533893
168.899339371 1954.64533893
169.494579206 1954.64533893
170.08981904 1954.64533893
170.685058874 1954.64533893
171.280298709 1954.64533893
171.875538543 1954.64533893
172.470778378 1954.64533893
173.066018212 1954.64533893
173.661258047 1954.64533893
174.256497881 1954.64533893
174.851737716 1954.64533893
175.44697755 1954.64533893
176.042217385 1954.64533893
176.637457219 1954.64533893
177.232697054 1954.64533893
177.827936888 1954.64533893
178.423176723 1954.64533893
179.018416557 1954.64533893
179.613656392 1954.64533893
180.208896226 1954.64533893
180.80413606 1954.64533893
181.399375895 1954.64533893
181.994615729 1954.64533893
182.589855564 1954.64533893
183.185095398 1954.64533893
183.780335233 1954.64533893
184.375575067 1954.64533893
184.970814902 1954.64533893
185.566054736 1954.64533893
186.161294571 1954.64533893
186.756534405 1954.64533893
187.35177424 1954.64533893
187.947014074 1954.64533893
188.542253909 1954.64533893
189.137493743 1954.64533893
189.732733578 1954.64533893
190.327973412 1954.64533893
190.923213247 1954.64533893
191.518453081 1954.64533893
192.113692915 1954.64533893
192.70893275 1954.64533893
193.304172584 1954.64533893
193.899412419 1954.64533893
194.494652253 1954.64533893
195.089892088 1954.64533893
195.685131922 1954.64533893
196.280371757 1954.64533893
196.875611591 1954.64533893
197.470851426 1954.64533893
198.06609126 1954.64533893
198.661331095 1954.64533893
199.256570929 1954.64533893
199.851810764 1954.64533893
200.447050598 1954.64533893
201.042290433 1954.64533893
201.637530267 1954.64533893
202.232770102 1954.64533893
202.828009936 1954.64533893
203.42324977 1954.64533893
204.018489605 1954.64533893
204.613729439 1954.64533893
205.208969274 1954.64533893
205.804209108 1954.64533893
206.399448943 1954.64533893
206.994688777 1954.64533893
207.589928612 1954.64533893
208.185168446 1954.64533893
208.780408281 1954.64533893
209.375648115 1954.64533893
209.97088795 1954.64533893
210.566127784 1954.64533893
211.161367619 1954.64533893
211.756607453 1954.64533893
212.351847288 1954.64533893
212.947087122 1954.64533893
213.542326956 1954.64533893
214.137566791 1954.64533893
214.732806625 1954.64533893
215.32804646 1954.64533893
215.923286294 1954.64533893
216.518526129 1954.64533893
217.113765963 1954.64533893
217.709005798 1954.64533893
218.304245632 1954.64533893
218.899485467 1954.64533893
219.494725301 1954.64533893
220.089965136 1954.64533893
220.68520497 1954.64533893
221.280444805 1954.64533893
221.875684639 1954.64533893
222.470924474 1954.64533893
223.066164308 1954.64533893
223.661404143 1954.64533893
224.256643977 1954.64533893
224.851883811 1954.64533893
225.447123646 1954.64533893
226.04236348 1954.64533893
226.637603315 1954.64533893
227.232843149 1954.64533893
227.828082984 1954.64533893
228.423322818 1954.64533893
229.018562653 1954.64533893
229.613802487 1954.64533893
230.209042322 1954.64533893
230.804282156 1954.64533893
231.399521991 1954.64533893
231.994761825 1954.64533893
232.59000166 1954.64533893
233.185241494 1954.64533893
233.780481329 1954.64533893
234.375721163 1954.64533893
234.970960998 1954.64533893
235.566200832 1954.64533893
236.161440666 1954.64533893
236.756680501 1954.64533893
237.351920335 1954.64533893
237.94716017 1954.64533893
238.542400004 1954.64533893
239.137639839 1954.64533893
239.732879673 1954.64533893
240.328119508 1954.64533893
240.923359342 1954.64533893
241.518599177 1954.64533893
242.113839011 1954.64533893
242.709078846 1954.64533893
243.30431868 1954.64533893
243.899558515 1954.64533893
244.494798349 1954.64533893
245.090038184 1954.64533893
245.685278018 1954.64533893
246.280517852 1954.64533893
246.875757687 1954.64533893
247.470997521 1954.64533893
248.066237356 1954.64533893
248.66147719 1954.64533893
249.256717025 1954.64533893
249.851956859 1954.64533893
250.447196694 1954.64533893
251.042436528 1954.64533893
251.637676363 1954.64533893
252.232916197 1954.64533893
252.828156032 1954.64533893
253.423395866 1954.64533893
254.018635701 1954.64533893
254.613875535 1954.64533893
255.20911537 1954.64533893
255.804355204 1954.64533893
256.399595039 1954.64533893
256.994834873 1954.64533893
257.590074707 1954.64533893
258.185314542 1954.64533893
258.780554376 1954.64533893
259.375794211 1954.64533893
259.971034045 1954.64533893
260.56627388 1954.64533893
261.161513714 1954.64533893
261.756753549 1954.64533893
262.351993383 1954.64533893
262.947233218 1954.64533893
263.542473052 1954.64533893
264.137712887 1954.64533893
264.732952721 1954.64533893
265.328192556 1954.64533893
265.92343239 1954.64533893
266.518672225 1954.64533893
267.113912059 1954.64533893
267.709151894 1954.64533893
268.304391728 1954.64533893
268.899631562 1954.64533893
269.494871397 1954.64533893
270.090111231 1954.64533893
270.685351066 1954.64533893
271.2805909 1954.64533893
271.875830735 1954.64533893
272.471070569 1954.64533893
273.066310404 1954.64533893
273.661550238 1954.64533893
274.256790073 1954.64533893
274.852029907 1954.64533893
275.447269742 1954.64533893
276.042509576 1954.64533893
276.637749411 1954.64533893
277.232989245 1954.64533893
277.82822908 1954.64533893
278.423468914 1954.64533893
279.018708748 1954.64533893
279.613948583 1954.64533893
280.209188417 1954.64533893
280.804428252 1954.64533893
281.399668086 1954.64533893
281.994907921 1954.64533893
282.590147755 1954.64533893
283.18538759 1954.64533893
283.780627424 1954.64533893
284.375867259 1954.64533893
284.971107093 1954.64533893
285.566346928 1954.64533893
286.161586762 1954.64533893
286.756826597 1954.64533893
287.352066431 1954.64533893
287.947306266 1954.64533893
288.5425461 1954.64533893
289.137785935 1954.64533893
289.733025769 1954.64533893
290.328265603 1954.64533893
290.923505438 1954.64533893
291.518745272 1954.64533893
292.113985107 1954.64533893
292.709224941 1954.64533893
293.304464776 1954.64533893
293.89970461 1954.64533893
294.494944445 1954.64533893
295.090184279 1954.64533893
295.685424114 1954.64533893
296.280663948 1954.64533893
296.875903783 1954.64533893
297.471143617 1954.64533893
298.066383452 1954.64533893
298.661623286 1954.64533893
299.256863121 1954.64533893
299.852102955 1954.64533893
300.44734279 1954.64533893
301.042582624 1954.64533893
301.637822458 1954.64533893
302.233062293 1954.64533893
302.828302127 1954.64533893
303.423541962 1954.64533893
304.018781796 1954.64533893
304.614021631 1954.64533893
305.209261465 2580.17926969
305.8045013 2580.17926969
306.399741134 2580.17926969
306.994980969 2580.17926969
307.590220803 2580.17926969
308.185460638 2580.17926969
308.780700472 2580.17926969
309.375940307 2580.17926969
309.971180141 2580.17926969
310.566419976 2580.17926969
311.16165981 2580.17926969
311.756899644 2580.17926969
312.352139479 2580.17926969
312.947379313 2580.17926969
313.542619148 2580.17926969
314.137858982 2580.17926969
314.733098817 2580.17926969
315.328338651 2580.17926969
315.923578486 2580.17926969
316.51881832 2580.17926969
317.114058155 2580.17926969
317.709297989 2580.17926969
318.304537824 2580.17926969
318.899777658 2580.17926969
319.495017493 2580.17926969
320.090257327 2580.17926969
320.685497162 2580.17926969
321.280736996 2580.17926969
321.875976831 2580.17926969
322.471216665 2580.17926969
323.066456499 2580.17926969
323.661696334 2580.17926969
324.256936168 2580.17926969
324.852176003 2580.17926969
325.447415837 2580.17926969
326.042655672 2580.17926969
326.637895506 2580.17926969
327.233135341 2580.17926969
327.828375175 2580.17926969
328.42361501 2580.17926969
329.018854844 2580.17926969
329.614094679 2580.17926969
330.209334513 2580.17926969
330.804574348 2580.17926969
331.399814182 2580.17926969
331.995054017 2580.17926969
332.590293851 2580.17926969
333.185533685 2580.17926969
333.78077352 2580.17926969
334.376013354 2580.17926969
334.971253189 2580.17926969
335.566493023 2580.17926969
336.161732858 2580.17926969
336.756972692 2580.17926969
337.352212527 2580.17926969
337.947452361 2580.17926969
338.542692196 2580.17926969
339.13793203 2580.17926969
339.733171865 2580.17926969
340.328411699 2580.17926969
340.923651534 2580.17926969
341.518891368 2580.17926969
342.114131203 2580.17926969
342.709371037 2580.17926969
343.304610872 2580.17926969
343.899850706 2580.17926969
344.49509054 2580.17926969
345.090330375 2580.17926969
345.685570209 2580.17926969
346.280810044 2580.17926969
346.876049878 2580.17926969
347.471289713 2580.17926969
348.066529547 2580.17926969
348.661769382 2580.17926969
349.257009216 2580.17926969
349.852249051 2580.17926969
350.447488885 2580.17926969
351.04272872 2580.17926969
351.637968554 2580.17926969
352.233208389 2580.17926969
352.828448223 2580.17926969
353.423688058 2580.17926969
354.018927892 2580.17926969
354.614167727 2580.17926969
355.209407561 2580.17926969
355.804647395 2580.17926969
356.39988723 2580.17926969
356.995127064 2580.17926969
357.590366899 2580.17926969
358.185606733 2580.17926969
358.780846568 2580.17926969
359.376086402 2580.17926969
359.971326237 2580.17926969
360.566566071 2580.17926969
361.161805906 2580.17926969
361.75704574 2580.17926969
362.352285575 2580.17926969
362.947525409 2580.17926969
363.542765244 2580.17926969
364.138005078 2580.17926969
364.733244913 2580.17926969
365.328484747 2580.17926969
365.923724581 2580.17926969
366.518964416 2580.17926969
367.11420425 2580.17926969
367.709444085 2580.17926969
368.304683919 2580.17926969
368.899923754 2580.17926969
369.495163588 2580.17926969
370.090403423 2580.17926969
370.685643257 2580.17926969
371.280883092 2580.17926969
371.876122926 2580.17926969
372.471362761 2580.17926969
373.066602595 2580.17926969
373.66184243 2580.17926969
374.257082264 2580.17926969
374.852322099 2580.17926969
375.447561933 2580.17926969
376.042801768 2580.17926969
376.638041602 2580.17926969
377.233281436 2580.17926969
377.828521271 2580.17926969
378.423761105 2580.17926969
379.01900094 2580.17926969
379.614240774 2580.17926969
380.209480609 2580.17926969
380.804720443 2580.17926969
381.399960278 2580.17926969
381.995200112 2580.17926969
382.590439947 2580.17926969
383.185679781 2580.17926969
383.780919616 2580.17926969
384.37615945 2580.17926969
384.971399285 2580.17926969
385.566639119 2580.17926969
386.161878954 2580.17926969
386.757118788 2580.17926969
387.352358623 2580.17926969
387.947598457 2580.17926969
388.542838291 2580.17926969
389.138078126 2580.17926969
389.73331796 2580.17926969
390.328557795 2580.17926969
390.923797629 2580.17926969
391.519037464 2580.17926969
392.114277298 2580.17926969
392.709517133 2580.17926969
393.304756967 2580.17926969
393.899996802 2580.17926969
394.495236636 2580.17926969
395.090476471 2580.17926969
395.685716305 2580.17926969
396.28095614 2580.17926969
396.876195974 2580.17926969
397.471435809 2580.17926969
398.066675643 2580.17926969
398.661915477 2580.17926969
399.257155312 2580.17926969
399.852395146 2580.17926969
400.447634981 2580.17926969
401.042874815 2580.17926969
401.63811465 2580.17926969
402.233354484 2580.17926969
402.828594319 2580.17926969
403.423834153 2580.17926969
404.019073988 2580.17926969
404.614313822 2580.17926969
405.209553657 2580.17926969
405.804793491 2580.17926969
406.400033326 2580.17926969
406.99527316 2580.17926969
407.590512995 2580.17926969
408.185752829 2580.17926969
408.780992664 2580.17926969
409.376232498 2580.17926969
409.971472332 2580.17926969
410.566712167 2580.17926969
411.161952001 2580.17926969
411.757191836 2580.17926969
412.35243167 2580.17926969
412.947671505 2580.17926969
413.542911339 2580.17926969
414.138151174 2580.17926969
414.733391008 2580.17926969
415.328630843 2580.17926969
415.923870677 2580.17926969
416.519110512 2580.17926969
417.114350346 2580.17926969
417.709590181 2580.17926969
418.304830015 2580.17926969
418.90006985 2580.17926969
419.495309684 2580.17926969
420.090549519 2580.17926969
420.685789353 2580.17926969
421.281029187 2580.17926969
421.876269022 2580.17926969
422.471508856 2580.17926969
423.066748691 2580.17926969
423.661988525 2580.17926969
424.25722836 2580.17926969
424.852468194 2580.17926969
425.447708029 2580.17926969
426.042947863 2580.17926969
426.638187698 2580.17926969
427.233427532 2580.17926969
427.828667367 2580.17926969
428.423907201 2580.17926969
429.019147036 2580.17926969
429.61438687 2580.17926969
430.209626705 2580.17926969
430.804866539 2580.17926969
431.400106373 2580.17926969
431.995346208 2580.17926969
432.590586042 2580.17926969
433.185825877 2580.17926969
433.781065711 2580.17926969
434.376305546 2580.17926969
434.97154538 2580.17926969
435.566785215 2580.17926969
436.162025049 2580.17926969
436.757264884 2580.17926969
437.352504718 2580.17926969
437.947744553 2580.17926969
438.542984387 2580.17926969
439.138224222 2580.17926969
439.733464056 2580.17926969
440.328703891 2580.17926969
440.923943725 2580.17926969
441.51918356 2580.17926969
442.114423394 2580.17926969
442.709663228 2580.17926969
443.304903063 2580.17926969
443.900142897 2580.17926969
444.495382732 2580.17926969
445.090622566 2580.17926969
445.685862401 2580.17926969
446.281102235 2580.17926969
446.87634207 2580.17926969
447.471581904 2580.17926969
448.066821739 2580.17926969
448.662061573 2580.17926969
449.257301408 2580.17926969
449.852541242 2580.17926969
450.447781077 2580.17926969
451.043020911 2580.17926969
451.638260746 2580.17926969
452.23350058 2580.17926969
452.828740415 2580.17926969
453.423980249 2580.17926969
454.019220083 2580.17926969
454.614459918 2580.17926969
455.209699752 2580.17926969
455.804939587 2580.17926969
456.400179421 2580.17926969
456.995419256 2580.17926969
457.59065909 2415.54075249
458.185898925 2415.54075249
458.781138759 2415.54075249
459.376378594 2415.54075249
459.971618428 2415.54075249
460.566858263 2415.54075249
461.162098097 2415.54075249
461.757337932 2415.54075249
462.352577766 2415.54075249
462.947817601 2415.54075249
463.543057435 2415.54075249
464.138297269 2415.54075249
464.733537104 2415.54075249
465.328776938 2415.54075249
465.924016773 2415.54075249
466.519256607 2415.54075249
467.114496442 2415.54075249
467.709736276 2415.54075249
468.304976111 2415.54075249
468.900215945 2415.54075249
469.49545578 2415.54075249
470.090695614 2415.54075249
470.685935449 2415.54075249
471.281175283 2415.54075249
471.876415118 2415.54075249
472.471654952 2415.54075249
473.066894787 2415.54075249
473.662134621 2415.54075249
474.257374456 2415.54075249
474.85261429 2415.54075249
475.447854124 2415.54075249
476.043093959 2415.54075249
476.638333793 2415.54075249
477.233573628 2415.54075249
477.828813462 2415.54075249
478.424053297 2415.54075249
479.019293131 2415.54075249
479.614532966 2415.54075249
480.2097728 2415.54075249
480.805012635 2415.54075249
481.400252469 2415.54075249
481.995492304 2415.54075249
482.590732138 2415.54075249
483.185971973 2415.54075249
483.781211807 2415.54075249
484.376451642 2415.54075249
484.971691476 2415.54075249
485.56693131 2415.54075249
486.162171145 2415.54075249
486.757410979 2415.54075249
487.352650814 2415.54075249
487.947890648 2415.54075249
488.543130483 2415.54075249
489.138370317 2415.54075249
489.733610152 2415.54075249
490.328849986 2415.54075249
490.924089821 2415.54075249
491.519329655 2415.54075249
492.11456949 2415.54075249
492.709809324 2415.54075249
493.305049159 2415.54075249
493.900288993 2415.54075249
494.495528828 2415.54075249
495.090768662 2415.54075249
495.686008497 2415.54075249
496.281248331 2415.54075249
496.876488165 2415.54075249
497.471728 2415.54075249
498.066967834 2415.54075249
498.662207669 2415.54075249
499.257447503 2415.54075249
499.852687338 2415.54075249
500.447927172 2415.54075249
501.043167007 2415.54075249
501.638406841 2415.54075249
502.233646676 2415.54075249
502.82888651 2415.54075249
503.424126345 2415.54075249
504.019366179 2415.54075249
504.614606014 2415.54075249
505.209845848 2415.54075249
505.805085683 2415.54075249
506.400325517 2415.54075249
506.995565352 2415.54075249
507.590805186 2415.54075249
508.18604502 2415.54075249
508.781284855 2415.54075249
509.376524689 2415.54075249
509.971764524 2415.54075249
510.567004358 2415.54075249
511.162244193 2415.54075249
511.757484027 2415.54075249
512.352723862 2415.54075249
512.947963696 2415.54075249
513.543203531 2415.54075249
514.138443365 2415.54075249
514.7336832 2415.54075249
515.328923034 2415.54075249
515.924162869 2415.54075249
516.519402703 2415.54075249
517.114642538 2415.54075249
517.709882372 2415.54075249
518.305122206 2415.54075249
518.900362041 2415.54075249
519.495601875 2415.54075249
520.09084171 2415.54075249
520.686081544 2415.54075249
521.281321379 2415.54075249
521.876561213 2415.54075249
522.471801048 2415.54075249
523.067040882 2415.54075249
523.662280717 2415.54075249
524.257520551 2415.54075249
524.852760386 2415.54075249
525.44800022 2415.54075249
526.043240055 2415.54075249
526.638479889 2415.54075249
527.233719724 2415.54075249
527.828959558 2415.54075249
528.424199393 2415.54075249
529.019439227 2415.54075249
529.614679061 2415.54075249
530.209918896 2415.54075249
530.80515873 2415.54075249
531.400398565 2415.54075249
531.995638399 2415.54075249
532.590878234 2415.54075249
533.186118068 2415.54075249
533.781357903 2744.81778688
534.376597737 2744.81778688
534.971837572 2744.81778688
535.567077406 2744.81778688
536.162317241 2744.81778688
536.757557075 2744.81778688
537.35279691 2744.81778688
537.948036744 2744.81778688
538.543276579 2744.81778688
539.138516413 2744.81778688
539.733756248 2744.81778688
540.328996082 2744.81778688
540.924235916 2744.81778688
541.519475751 2744.81778688
542.114715585 2744.81778688
542.70995542 2744.81778688
543.305195254 2744.81778688
543.900435089 2744.81778688
544.495674923 2744.81778688
545.090914758 2744.81778688
545.686154592 2744.81778688
546.281394427 2744.81778688
546.876634261 2744.81778688
547.471874096 2744.81778688
548.06711393 2744.81778688
548.662353765 2744.81778688
549.257593599 2744.81778688
549.852833434 2744.81778688
550.448073268 2744.81778688
551.043313102 2744.81778688
551.638552937 2744.81778688
552.233792771 2744.81778688
552.829032606 2744.81778688
553.42427244 2744.81778688
554.019512275 2744.81778688
554.614752109 2744.81778688
555.209991944 2744.81778688
555.805231778 2744.81778688
556.400471613 2744.81778688
556.995711447 2744.81778688
557.590951282 2744.81778688
558.186191116 2744.81778688
558.781430951 2744.81778688
559.376670785 2744.81778688
559.97191062 2744.81778688
560.567150454 2744.81778688
561.162390289 2744.81778688
561.757630123 2744.81778688
562.352869957 2744.81778688
562.948109792 2744.81778688
563.543349626 2744.81778688
564.138589461 2744.81778688
564.733829295 2744.81778688
565.32906913 2744.81778688
565.924308964 2744.81778688
566.519548799 2744.81778688
567.114788633 2744.81778688
567.710028468 2744.81778688
568.305268302 2744.81778688
568.900508137 2744.81778688
569.495747971 2744.81778688
570.090987806 2744.81778688
570.68622764 2744.81778688
571.281467475 2744.81778688
571.876707309 2744.81778688
572.471947144 2744.81778688
573.067186978 2744.81778688
573.662426812 2744.81778688
574.257666647 2744.81778688
574.852906481 2744.81778688
575.448146316 2744.81778688
576.04338615 2744.81778688
576.638625985 2744.81778688
577.233865819 2744.81778688
577.829105654 2744.81778688
578.424345488 2744.81778688
579.019585323 2744.81778688
579.614825157 2744.81778688
580.210064992 2744.81778688
580.805304826 2744.81778688
581.400544661 2744.81778688
581.995784495 2744.81778688
582.59102433 2744.81778688
583.186264164 2744.81778688
583.781503998 2744.81778688
584.376743833 2744.81778688
584.971983667 2744.81778688
585.567223502 2744.81778688
586.162463336 2744.81778688
586.757703171 2744.81778688
587.352943005 2744.81778688
587.94818284 2744.81778688
588.543422674 2744.81778688
589.138662509 2744.81778688
589.733902343 2744.81778688
590.329142178 2744.81778688
590.924382012 2744.81778688
591.519621847 2744.81778688
592.114861681 2744.81778688
592.710101516 2744.81778688
593.30534135 2744.81778688
593.900581185 2744.81778688
594.495821019 2744.81778688
595.091060853 2744.81778688
595.686300688 2744.81778688
596.281540522 2744.81778688
596.876780357 2744.81778688
597.472020191 2744.81778688
598.067260026 2744.81778688
598.66249986 2744.81778688
599.257739695 2744.81778688
599.852979529 2744.81778688
600.448219364 2744.81778688
601.043459198 2744.81778688
601.638699033 2744.81778688
602.233938867 2744.81778688
602.829178702 2744.81778688
603.424418536 2744.81778688
604.019658371 2744.81778688
604.614898205 2744.81778688
605.21013804 2744.81778688
605.805377874 2744.81778688
606.400617708 2744.81778688
606.995857543 2744.81778688
607.591097377 2744.81778688
608.186337212 2744.81778688
608.781577046 2744.81778688
609.376816881 2744.81778688
609.972056715 2782.39112031
610.56729655 2782.39112031
611.162536384 2782.39112031
611.757776219 2782.39112031
612.353016053 2782.39112031
612.948255888 2782.39112031
613.543495722 2782.39112031
614.138735557 2782.39112031
614.733975391 2782.39112031
615.329215226 2782.39112031
615.92445506 2782.39112031
616.519694894 2782.39112031
617.114934729 2782.39112031
617.710174563 2782.39112031
618.305414398 2782.39112031
618.900654232 2782.39112031
619.495894067 2782.39112031
620.091133901 2782.39112031
620.686373736 2782.39112031
621.28161357 2782.39112031
621.876853405 2782.39112031
622.472093239 2782.39112031
623.067333074 2782.39112031
623.662572908 2782.39112031
624.257812743 2782.39112031
624.853052577 2782.39112031
625.448292412 2782.39112031
626.043532246 2782.39112031
626.638772081 2782.39112031
627.234011915 2782.39112031
627.829251749 2782.39112031
628.424491584 2782.39112031
629.019731418 2782.39112031
629.614971253 2782.39112031
630.210211087 2782.39112031
630.805450922 2782.39112031
631.400690756 2782.39112031
631.995930591 2782.39112031
632.591170425 2782.39112031
633.18641026 2782.39112031
633.781650094 2782.39112031
634.376889929 2782.39112031
634.972129763 2782.39112031
635.567369598 2782.39112031
636.162609432 2782.39112031
636.757849267 2782.39112031
637.353089101 2782.39112031
637.948328935 2782.39112031
638.54356877 1803.0451484
639.138808604 1803.0451484
639.734048439 1803.0451484
640.329288273 1803.0451484
640.924528108 1803.0451484
641.519767942 1803.0451484
642.115007777 1803.0451484
642.710247611 1803.0451484
643.305487446 3761.73709222
643.90072728 3761.73709222
644.495967115 3761.73709222
645.091206949 3761.73709222
645.686446784 3761.73709222
646.281686618 3761.73709222
646.876926453 3761.73709222
647.472166287 3761.73709222
648.067406122 2782.39112031
648.662645956 2782.39112031
649.25788579 2782.39112031
649.853125625 2782.39112031
650.448365459 2782.39112031
651.043605294 2782.39112031
651.638845128 2782.39112031
652.234084963 2782.39112031
652.829324797 2782.39112031
653.424564632 2782.39112031
654.019804466 2782.39112031
654.615044301 2782.39112031
655.210284135 2782.39112031
655.80552397 2782.39112031
656.400763804 2782.39112031
656.996003639 2782.39112031
657.591243473 2782.39112031
658.186483308 2782.39112031
658.781723142 2782.39112031
659.376962977 2782.39112031
659.972202811 2782.39112031
660.567442645 2782.39112031
661.16268248 2782.39112031
661.757922314 2782.39112031
662.353162149 2782.39112031
662.948401983 2782.39112031
663.543641818 2782.39112031
664.138881652 2782.39112031
664.734121487 2782.39112031
665.329361321 2782.39112031
665.924601156 2782.39112031
666.51984099 2782.39112031
667.115080825 2782.39112031
667.710320659 2782.39112031
668.305560494 2782.39112031
668.900800328 2782.39112031
669.496040163 2782.39112031
670.091279997 2782.39112031
670.686519831 2782.39112031
671.281759666 2782.39112031
671.8769995 2782.39112031
672.472239335 2782.39112031
673.067479169 2782.39112031
673.662719004 2782.39112031
674.257958838 2782.39112031
674.853198673 2782.39112031
675.448438507 2782.39112031
676.043678342 2782.39112031
676.638918176 2782.39112031
677.234158011 2782.39112031
677.829397845 2782.39112031
678.42463768 2782.39112031
679.019877514 2782.39112031
679.615117349 2782.39112031
680.210357183 2782.39112031
680.805597018 2782.39112031
681.400836852 2782.39112031
681.996076686 2782.39112031
682.591316521 2782.39112031
683.186556355 2782.39112031
683.78179619 2782.39112031
684.377036024 2782.39112031
684.972275859 2782.39112031
685.567515693 2782.39112031
686.162755528 3225.73447293
686.757995362 3225.73447293
687.353235197 3225.73447293
687.948475031 3225.73447293
688.543714866 3225.73447293
689.1389547 3225.73447293
689.734194535 3225.73447293
690.329434369 3225.73447293
690.924674204 3225.73447293
691.519914038 3225.73447293
692.115153873 3225.73447293
692.710393707 3225.73447293
693.305633541 3225.73447293
693.900873376 3225.73447293
694.49611321 3225.73447293
695.091353045 3225.73447293
695.686592879 3225.73447293
696.281832714 3225.73447293
696.877072548 3225.73447293
697.472312383 3225.73447293
698.067552217 3225.73447293
698.662792052 3225.73447293
699.258031886 3225.73447293
699.853271721 3225.73447293
700.448511555 3225.73447293
701.04375139 3225.73447293
701.638991224 3225.73447293
702.234231059 3225.73447293
702.829470893 3225.73447293
703.424710727 3225.73447293
704.019950562 3225.73447293
704.615190396 3225.73447293
705.210430231 2646.72113096
705.805670065 2646.72113096
706.4009099 2646.72113096
706.996149734 2646.72113096
707.591389569 2646.72113096
708.186629403 2646.72113096
708.781869238 2646.72113096
709.377109072 2646.72113096
709.972348907 2646.72113096
710.567588741 2646.72113096
711.162828576 2646.72113096
711.75806841 2646.72113096
712.353308245 2646.72113096
712.948548079 2646.72113096
713.543787914 2646.72113096
714.139027748 2646.72113096
714.734267582 2646.72113096
715.329507417 2646.72113096
715.924747251 2646.72113096
716.519987086 2646.72113096
717.11522692 2646.72113096
717.710466755 2646.72113096
718.305706589 2646.72113096
718.900946424 2646.72113096
719.496186258 2646.72113096
720.091426093 2646.72113096
720.686665927 2646.72113096
721.281905762 2646.72113096
721.877145596 2646.72113096
722.472385431 2646.72113096
723.067625265 2646.72113096
723.6628651 2646.72113096
724.258104934 2628.55443867
724.853344769 2628.55443867
725.448584603 2628.55443867
726.043824437 2628.55443867
726.639064272 2628.55443867
727.234304106 2628.55443867
727.829543941 2628.55443867
728.424783775 2628.55443867
729.02002361 2628.55443867
729.615263444 2628.55443867
730.210503279 2628.55443867
730.805743113 2628.55443867
731.400982948 2628.55443867
731.996222782 2628.55443867
732.591462617 2628.55443867
733.186702451 2628.55443867
733.781942286 2628.55443867
734.37718212 2628.55443867
734.972421955 2628.55443867
735.567661789 2628.55443867
736.162901623 2628.55443867
736.758141458 2628.55443867
737.353381292 2628.55443867
737.948621127 2628.55443867
738.543860961 2628.55443867
739.139100796 2628.55443867
739.73434063 2628.55443867
740.329580465 2628.55443867
740.924820299 2628.55443867
741.520060134 2628.55443867
742.115299968 2628.55443867
742.710539803 2628.55443867
743.305779637 2628.55443867
743.901019472 2628.55443867
744.496259306 2628.55443867
745.091499141 2628.55443867
745.686738975 2628.55443867
746.28197881 2628.55443867
746.877218644 2628.55443867
747.472458478 2628.55443867
748.067698313 2628.55443867
748.662938147 2628.55443867
749.258177982 2628.55443867
749.853417816 2628.55443867
750.448657651 2628.55443867
751.043897485 2628.55443867
751.63913732 2628.55443867
752.234377154 2628.55443867
752.829616989 2628.55443867
753.424856823 2628.55443867
754.020096658 2628.55443867
754.615336492 2628.55443867
755.210576327 2628.55443867
755.805816161 2628.55443867
756.401055996 2628.55443867
756.99629583 2628.55443867
757.591535665 2628.55443867
758.186775499 2628.55443867
758.782015333 2628.55443867
759.377255168 2628.55443867
759.972495002 2628.55443867
760.567734837 2628.55443867
761.162974671 2628.55443867
761.758214506 2628.55443867
762.35345434 2640.77642859
762.948694175 2640.77642859
763.543934009 2640.77642859
764.139173844 2640.77642859
764.734413678 2640.77642859
765.329653513 2640.77642859
765.924893347 2640.77642859
766.520133182 2640.77642859
767.115373016 2640.77642859
767.710612851 2640.77642859
768.305852685 2640.77642859
768.901092519 2640.77642859
769.496332354 2640.77642859
770.091572188 2640.77642859
770.686812023 2640.77642859
771.282051857 2640.77642859
771.877291692 2640.77642859
772.472531526 2640.77642859
773.067771361 2640.77642859
773.663011195 2640.77642859
774.25825103 2640.77642859
774.853490864 2640.77642859
775.448730699 2640.77642859
776.043970533 2640.77642859
776.639210368 2640.77642859
777.234450202 2640.77642859
777.829690037 2640.77642859
778.424929871 2640.77642859
779.020169706 2640.77642859
779.61540954 2640.77642859
780.210649374 2640.77642859
780.805889209 2640.77642859
781.401129043 2640.77642859
781.996368878 2640.77642859
782.591608712 2640.77642859
783.186848547 2640.77642859
783.782088381 2640.77642859
784.377328216 2640.77642859
784.97256805 2640.77642859
785.567807885 2640.77642859
786.163047719 2640.77642859
786.758287554 2640.77642859
787.353527388 2640.77642859
787.948767223 2640.77642859
788.544007057 2640.77642859
789.139246892 2640.77642859
789.734486726 2640.77642859
790.32972656 2640.77642859
790.924966395 2640.77642859
791.520206229 2640.77642859
792.115446064 2640.77642859
792.710685898 2640.77642859
793.305925733 2640.77642859
793.901165567 2640.77642859
794.496405402 2640.77642859
795.091645236 2640.77642859
795.686885071 2640.77642859
796.282124905 2640.77642859
796.87736474 2640.77642859
797.472604574 2640.77642859
798.067844409 2640.77642859
798.663084243 2640.77642859
799.258324078 2640.77642859
799.853563912 2640.77642859
800.448803747 3214.9976206
801.044043581 3214.9976206
801.639283415 3214.9976206
802.23452325 3214.9976206
802.829763084 3214.9976206
803.425002919 3214.9976206
804.020242753 3214.9976206
804.615482588 3214.9976206
805.210722422 3214.9976206
805.805962257 3214.9976206
806.401202091 3214.9976206
806.996441926 3214.9976206
807.59168176 3214.9976206
808.186921595 3214.9976206
808.782161429 3214.9976206
809.377401264 3214.9976206
809.972641098 3214.9976206
810.567880933 3214.9976206
811.163120767 3214.9976206
811.758360602 3214.9976206
812.353600436 3214.9976206
812.94884027 3214.9976206
813.544080105 3214.9976206
814.139319939 3214.9976206
814.734559774 3214.9976206
815.329799608 3214.9976206
815.925039443 3214.9976206
816.520279277 3214.9976206
817.115519112 3214.9976206
817.710758946 3214.9976206
818.305998781 3214.9976206
818.901238615 3214.9976206
819.49647845 3214.9976206
820.091718284 3214.9976206
820.686958119 3214.9976206
821.282197953 3214.9976206
821.877437788 3214.9976206
822.472677622 3214.9976206
823.067917456 3214.9976206
823.663157291 3214.9976206
824.258397125 3214.9976206
824.85363696 3214.9976206
825.448876794 3214.9976206
826.044116629 3214.9976206
826.639356463 3214.9976206
827.234596298 3214.9976206
827.829836132 3214.9976206
828.425075967 3214.9976206
829.020315801 3214.9976206
829.615555636 3214.9976206
830.21079547 3214.9976206
830.806035305 3214.9976206
831.401275139 3214.9976206
831.996514974 3214.9976206
832.591754808 3214.9976206
833.186994643 3214.9976206
833.782234477 3214.9976206
834.377474311 3214.9976206
834.972714146 3214.9976206
835.56795398 3214.9976206
836.163193815 3214.9976206
836.758433649 3214.9976206
837.353673484 3214.9976206
837.948913318 3214.9976206
838.544153153 2636.89521602
839.139392987 2636.89521602
839.734632822 2636.89521602
840.329872656 2636.89521602
840.925112491 2636.89521602
841.520352325 2636.89521602
842.11559216 2636.89521602
842.710831994 2636.89521602
843.306071829 2636.89521602
843.901311663 2636.89521602
844.496551498 2636.89521602
845.091791332 2636.89521602
845.687031166 2636.89521602
846.282271001 2636.89521602
846.877510835 2636.89521602
847.47275067 2636.89521602
848.067990504 2636.89521602
848.663230339 2636.89521602
849.258470173 2636.89521602
849.853710008 2636.89521602
850.448949842 2636.89521602
851.044189677 2636.89521602
851.639429511 2636.89521602
852.234669346 2636.89521602
852.82990918 2636.89521602
853.425149015 2636.89521602
854.020388849 2636.89521602
854.615628684 2636.89521602
855.210868518 2636.89521602
855.806108352 2636.89521602
856.401348187 2636.89521602
856.996588021 2636.89521602
857.591827856 2636.89521602
858.18706769 2636.89521602
858.782307525 2636.89521602
859.377547359 2636.89521602
859.972787194 2636.89521602
860.568027028 2636.89521602
861.163266863 2636.89521602
861.758506697 2636.89521602
862.353746532 2636.89521602
862.948986366 2636.89521602
863.544226201 2636.89521602
864.139466035 2636.89521602
864.73470587 2636.89521602
865.329945704 2636.89521602
865.925185539 2636.89521602
866.520425373 2636.89521602
867.115665207 2636.89521602
867.710905042 2636.89521602
868.306144876 2636.89521602
868.901384711 2636.89521602
869.496624545 2636.89521602
870.09186438 2636.89521602
870.687104214 2636.89521602
871.282344049 2636.89521602
871.877583883 2636.89521602
872.472823718 2636.89521602
873.068063552 2636.89521602
873.663303387 2636.89521602
874.258543221 2636.89521602
874.853783056 2636.89521602
875.44902289 2636.89521602
876.044262725 2636.89521602
876.639502559 2636.89521602
877.234742394 2636.89521602
877.829982228 2636.89521602
878.425222062 2636.89521602
879.020461897 2636.89521602
879.615701731 2636.89521602
880.210941566 2636.89521602
880.8061814 2636.89521602
881.401421235 2636.89521602
881.996661069 2636.89521602
882.591900904 2636.89521602
883.187140738 2636.89521602
883.782380573 2636.89521602
884.377620407 2636.89521602
884.972860242 2636.89521602
885.568100076 2636.89521602
886.163339911 2636.89521602
886.758579745 2636.89521602
887.35381958 2636.89521602
887.949059414 2636.89521602
888.544299248 2636.89521602
889.139539083 2636.89521602
889.734778917 2636.89521602
890.330018752 2636.89521602
890.925258586 2636.89521602
891.520498421 2636.89521602
892.115738255 2636.89521602
892.71097809 2636.89521602
893.306217924 2636.89521602
893.901457759 2636.89521602
894.496697593 2636.89521602
895.091937428 2636.89521602
895.687177262 2636.89521602
896.282417097 2636.89521602
896.877656931 2636.89521602
897.472896766 2636.89521602
898.0681366 2636.89521602
898.663376435 2636.89521602
899.258616269 2636.89521602
899.853856103 2636.89521602
900.449095938 2636.89521602
901.044335772 2636.89521602
901.639575607 2636.89521602
902.234815441 2636.89521602
902.830055276 2636.89521602
903.42529511 2636.89521602
904.020534945 2636.89521602
904.615774779 2636.89521602
905.211014614 2636.89521602
905.806254448 2636.89521602
906.401494283 2636.89521602
906.996734117 2636.89521602
907.591973952 2636.89521602
908.187213786 2636.89521602
908.782453621 2636.89521602
909.377693455 2636.89521602
909.97293329 2636.89521602
910.568173124 2636.89521602
911.163412958 2636.89521602
911.758652793 2636.89521602
912.353892627 2636.89521602
912.949132462 2636.89521602
913.544372296 2636.89521602
914.139612131 2636.89521602
914.734851965 2525.27182427
915.3300918 2525.27182427
915.925331634 2525.27182427
916.520571469 2525.27182427
917.115811303 2525.27182427
917.711051138 2525.27182427
918.306290972 2525.27182427
918.901530807 2525.27182427
919.496770641 2525.27182427
920.092010476 2525.27182427
920.68725031 2525.27182427
921.282490144 2525.27182427
921.877729979 2525.27182427
922.472969813 2525.27182427
923.068209648 2525.27182427
923.663449482 2525.27182427
924.258689317 2525.27182427
924.853929151 2525.27182427
925.449168986 2525.27182427
926.04440882 2525.27182427
926.639648655 2525.27182427
927.234888489 2525.27182427
927.830128324 2525.27182427
928.425368158 2525.27182427
929.020607993 2525.27182427
929.615847827 2525.27182427
930.211087662 2525.27182427
930.806327496 2525.27182427
931.401567331 2525.27182427
931.996807165 2525.27182427
932.592046999 2525.27182427
933.187286834 2525.27182427
933.782526668 2525.27182427
934.377766503 2525.27182427
934.973006337 2525.27182427
935.568246172 2525.27182427
936.163486006 2525.27182427
936.758725841 2525.27182427
937.353965675 2525.27182427
937.94920551 2525.27182427
938.544445344 2525.27182427
939.139685179 2525.27182427
939.734925013 2525.27182427
940.330164848 2525.27182427
940.925404682 2525.27182427
941.520644517 2525.27182427
942.115884351 2525.27182427
942.711124185 2525.27182427
943.30636402 2525.27182427
943.901603854 2525.27182427
944.496843689 2525.27182427
945.092083523 2525.27182427
945.687323358 2525.27182427
946.282563192 2525.27182427
946.877803027 2525.27182427
947.473042861 2525.27182427
948.068282696 2525.27182427
948.66352253 2525.27182427
949.258762365 2525.27182427
949.854002199 2525.27182427
950.449242034 2525.27182427
951.044481868 2525.27182427
951.639721703 2525.27182427
952.234961537 2525.27182427
952.830201372 2525.27182427
953.425441206 2525.27182427
954.02068104 2525.27182427
954.615920875 2525.27182427
955.211160709 2525.27182427
955.806400544 2525.27182427
956.401640378 2525.27182427
956.996880213 2525.27182427
957.592120047 2525.27182427
958.187359882 2525.27182427
958.782599716 2525.27182427
959.377839551 2525.27182427
959.973079385 2525.27182427
960.56831922 2525.27182427
961.163559054 2525.27182427
961.758798889 2525.27182427
962.354038723 2525.27182427
962.949278558 2525.27182427
963.544518392 2525.27182427
964.139758227 2525.27182427
964.734998061 2525.27182427
965.330237895 2525.27182427
965.92547773 2525.27182427
966.520717564 2525.27182427
967.115957399 2525.27182427
967.711197233 2525.27182427
968.306437068 2525.27182427
968.901676902 2525.27182427
969.496916737 2525.27182427
970.092156571 2525.27182427
970.687396406 2525.27182427
971.28263624 2525.27182427
971.877876075 2525.27182427
972.473115909 2525.27182427
973.068355744 2525.27182427
973.663595578 2525.27182427
974.258835413 2525.27182427
974.854075247 2525.27182427
975.449315081 2525.27182427
976.044554916 2525.27182427
976.63979475 2525.27182427
977.235034585 2525.27182427
977.830274419 2525.27182427
978.425514254 2525.27182427
979.020754088 2525.27182427
979.615993923 2525.27182427
980.211233757 2525.27182427
980.806473592 2525.27182427
981.401713426 2525.27182427
981.996953261 2525.27182427
982.592193095 2525.27182427
983.18743293 2525.27182427
983.782672764 2525.27182427
984.377912599 2525.27182427
984.973152433 2525.27182427
985.568392268 2525.27182427
986.163632102 2525.27182427
986.758871936 2525.27182427
987.354111771 2525.27182427
987.949351605 2525.27182427
988.54459144 2525.27182427
989.139831274 2525.27182427
989.735071109 2525.27182427
990.330310943 2525.27182427
990.925550778 2525.27182427
991.520790612 2525.27182427
992.116030447 2525.27182427
992.711270281 2525.27182427
993.306510116 2525.27182427
993.90174995 2525.27182427
994.496989785 2525.27182427
995.092229619 2525.27182427
995.687469454 2525.27182427
996.282709288 2525.27182427
996.877949123 2525.27182427
997.473188957 2525.27182427
998.068428791 2525.27182427
998.663668626 2525.27182427
999.25890846 2525.27182427
999.854148295 2525.27182427
1000.44938813 2525.27182427
1001.04462796 2525.27182427
1001.6398678 2525.27182427
1002.23510763 2525.27182427
1002.83034747 2525.27182427
1003.4255873 2525.27182427
1004.02082714 2525.27182427
1004.61606697 2525.27182427
1005.21130681 2525.27182427
1005.80654664 2525.27182427
1006.40178647 2525.27182427
1006.99702631 2525.27182427
1007.59226614 2525.27182427
1008.18750598 2525.27182427
1008.78274581 2525.27182427
1009.37798565 2525.27182427
1009.97322548 2525.27182427
1010.56846532 2525.27182427
1011.16370515 2525.27182427
1011.75894498 2525.27182427
1012.35418482 2525.27182427
1012.94942465 2525.27182427
1013.54466449 2525.27182427
1014.13990432 2525.27182427
1014.73514416 2525.27182427
1015.33038399 2525.27182427
1015.92562383 2525.27182427
1016.52086366 2525.27182427
1017.11610349 2525.27182427
1017.71134333 2525.27182427
1018.30658316 2525.27182427
1018.901823 2525.27182427
1019.49706283 2525.27182427
1020.09230267 2525.27182427
1020.6875425 2525.27182427
1021.28278234 2525.27182427
1021.87802217 2525.27182427
1022.473262 2525.27182427
1023.06850184 2525.27182427
1023.66374167 2525.27182427
1024.25898151 2525.27182427
1024.85422134 2525.27182427
1025.44946118 2525.27182427
1026.04470101 2525.27182427
1026.63994085 2525.27182427
1027.23518068 2525.27182427
1027.83042052 2525.27182427
1028.42566035 2525.27182427
1029.02090018 2525.27182427
1029.61614002 2525.27182427
1030.21137985 2525.27182427
1030.80661969 2525.27182427
1031.40185952 2525.27182427
1031.99709936 2525.27182427
1032.59233919 2525.27182427
1033.18757903 2525.27182427
1033.78281886 2525.27182427
1034.37805869 2525.27182427
1034.97329853 2525.27182427
1035.56853836 2525.27182427
1036.1637782 2525.27182427
1036.75901803 2525.27182427
1037.35425787 2525.27182427
1037.9494977 2525.27182427
1038.54473754 2525.27182427
1039.13997737 2525.27182427
1039.7352172 2525.27182427
1040.33045704 2525.27182427
1040.92569687 2525.27182427
1041.52093671 2525.27182427
1042.11617654 2525.27182427
1042.71141638 2525.27182427
1043.30665621 2525.27182427
1043.90189605 2525.27182427
1044.49713588 2525.27182427
1045.09237571 2525.27182427
1045.68761555 2525.27182427
1046.28285538 2525.27182427
1046.87809522 2525.27182427
1047.47333505 2525.27182427
1048.06857489 2525.27182427
1048.66381472 2525.27182427
1049.25905456 2525.27182427
1049.85429439 2525.27182427
1050.44953423 2525.27182427
1051.04477406 2525.27182427
1051.64001389 2525.27182427
1052.23525373 2525.27182427
1052.83049356 2525.27182427
1053.4257334 2525.27182427
1054.02097323 2525.27182427
1054.61621307 2525.27182427
1055.2114529 2525.27182427
1055.80669274 2525.27182427
1056.40193257 2525.27182427
1056.9971724 2525.27182427
1057.59241224 2525.27182427
1058.18765207 2525.27182427
1058.78289191 2525.27182427
1059.37813174 2525.27182427
1059.97337158 2525.27182427
1060.56861141 2525.27182427
1061.16385125 2525.27182427
1061.75909108 2525.27182427
1062.35433091 2525.27182427
1062.94957075 2525.27182427
1063.54481058 2525.27182427
1064.14005042 2525.27182427
1064.73529025 2525.27182427
1065.33053009 2525.27182427
1065.92576992 2525.27182427
1066.52100976 2525.27182427
1067.11624959 2525.27182427
1067.71148942 2525.27182427
1068.30672926 2525.27182427
1068.90196909 2525.27182427
1069.49720893 2525.27182427
1070.09244876 2525.27182427
1070.6876886 2525.27182427
1071.28292843 2525.27182427
1071.87816827 2525.27182427
1072.4734081 2525.27182427
1073.06864794 2525.27182427
1073.66388777 2525.27182427
1074.2591276 2525.27182427
1074.85436744 2525.27182427
1075.44960727 2525.27182427
1076.04484711 2525.27182427
1076.64008694 2525.27182427
1077.23532678 2525.27182427
1077.83056661 2525.27182427
1078.42580645 2525.27182427
1079.02104628 2525.27182427
1079.61628611 2525.27182427
1080.21152595 2525.27182427
1080.80676578 2525.27182427
1081.40200562 2525.27182427
1081.99724545 2525.27182427
1082.59248529 2525.27182427
1083.18772512 2525.27182427
1083.78296496 2525.27182427
1084.37820479 2525.27182427
1084.97344462 2525.27182427
1085.56868446 2525.27182427
1086.16392429 2525.27182427
1086.75916413 2525.27182427
1087.35440396 2525.27182427
1087.9496438 2525.27182427
1088.54488363 2525.27182427
1089.14012347 2525.27182427
1089.7353633 2525.27182427
1090.33060313 2525.27182427
1090.92584297 2525.27182427
1091.5210828 2525.27182427
1092.11632264 2525.27182427
1092.71156247 2525.27182427
1093.30680231 2525.27182427
1093.90204214 2525.27182427
1094.49728198 2525.27182427
1095.09252181 2525.27182427
1095.68776164 2525.27182427
1096.28300148 2525.27182427
1096.87824131 2525.27182427
1097.47348115 2525.27182427
1098.06872098 2525.27182427
1098.66396082 2525.27182427
1099.25920065 2525.27182427
1099.85444049 2525.27182427
1100.44968032 2525.27182427
1101.04492016 2525.27182427
1101.64015999 2525.27182427
1102.23539982 2525.27182427
1102.83063966 2525.27182427
1103.42587949 2525.27182427
1104.02111933 2525.27182427
1104.61635916 2525.27182427
1105.211599 2525.27182427
1105.80683883 2525.27182427
1106.40207867 2525.27182427
1106.9973185 2525.27182427
1107.59255833 2525.27182427
1108.18779817 2525.27182427
1108.783038 2525.27182427
1109.37827784 2525.27182427
1109.97351767 2525.27182427
1110.56875751 2525.27182427
1111.16399734 2525.27182427
1111.75923718 2525.27182427
1112.35447701 2525.27182427
1112.94971684 2525.27182427
1113.54495668 2525.27182427
1114.14019651 2525.27182427
1114.73543635 2525.27182427
1115.33067618 2525.27182427
1115.92591602 2525.27182427
1116.52115585 2525.27182427
1117.11639569 2525.27182427
1117.71163552 2525.27182427
1118.30687535 2525.27182427
1118.90211519 2525.27182427
1119.49735502 2525.27182427
1120.09259486 2525.27182427
1120.68783469 2525.27182427
1121.28307453 2525.27182427
1121.87831436 2525.27182427
1122.4735542 2525.27182427
1123.06879403 2525.27182427
1123.66403387 2525.27182427
1124.2592737 2525.27182427
1124.85451353 2525.27182427
1125.44975337 2525.27182427
1126.0449932 2525.27182427
1126.64023304 2525.27182427
1127.23547287 2525.27182427
1127.83071271 2525.27182427
1128.42595254 2525.27182427
1129.02119238 2525.27182427
1129.61643221 2525.27182427
1130.21167204 2525.27182427
1130.80691188 2525.27182427
1131.40215171 2525.27182427
1131.99739155 2525.27182427
1132.59263138 2525.27182427
1133.18787122 2525.27182427
1133.78311105 2525.27182427
1134.37835089 2525.27182427
1134.97359072 2525.27182427
1135.56883055 2525.27182427
1136.16407039 2525.27182427
1136.75931022 2525.27182427
1137.35455006 2525.27182427
1137.94978989 2525.27182427
1138.54502973 2525.27182427
1139.14026956 2525.27182427
1139.7355094 2525.27182427
1140.33074923 2525.27182427
1140.92598906 2525.27182427
1141.5212289 2525.27182427
1142.11646873 2525.27182427
1142.71170857 2525.27182427
1143.3069484 2525.27182427
1143.90218824 2525.27182427
1144.49742807 2525.27182427
1145.09266791 2525.27182427
1145.68790774 2525.27182427
1146.28314758 2525.27182427
1146.87838741 2525.27182427
1147.47362724 2525.27182427
1148.06886708 2525.27182427
1148.66410691 2525.27182427
1149.25934675 2525.27182427
1149.85458658 2525.27182427
1150.44982642 2525.27182427
1151.04506625 2525.27182427
1151.64030609 2525.27182427
1152.23554592 2525.27182427
1152.83078575 2525.27182427
1153.42602559 2525.27182427
1154.02126542 2525.27182427
1154.61650526 2525.27182427
1155.21174509 2525.27182427
1155.80698493 2525.27182427
1156.40222476 2525.27182427
1156.9974646 2525.27182427
1157.59270443 2525.27182427
1158.18794426 2525.27182427
1158.7831841 2525.27182427
1159.37842393 2525.27182427
1159.97366377 2525.27182427
1160.5689036 2525.27182427
1161.16414344 2525.27182427
1161.75938327 2525.27182427
1162.35462311 2525.27182427
1162.94986294 2525.27182427
1163.54510277 2525.27182427
1164.14034261 2525.27182427
1164.73558244 2525.27182427
1165.33082228 2525.27182427
1165.92606211 2525.27182427
1166.52130195 2525.27182427
1167.11654178 2525.27182427
1167.71178162 2525.27182427
1168.30702145 2525.27182427
1168.90226129 2525.27182427
1169.49750112 2525.27182427
1170.09274095 2525.27182427
1170.68798079 2525.27182427
1171.28322062 2525.27182427
1171.87846046 2525.27182427
1172.47370029 2525.27182427
1173.06894013 2525.27182427
1173.66417996 2525.27182427
1174.2594198 2525.27182427
1174.85465963 2525.27182427
1175.44989946 2525.27182427
1176.0451393 2525.27182427
1176.64037913 2525.27182427
1177.23561897 2525.27182427
1177.8308588 2525.27182427
1178.42609864 2525.27182427
1179.02133847 2525.27182427
1179.61657831 2525.27182427
1180.21181814 2525.27182427
1180.80705797 2525.27182427
1181.40229781 2525.27182427
1181.99753764 2525.27182427
1182.59277748 2525.27182427
1183.18801731 2525.27182427
1183.78325715 2525.27182427
1184.37849698 2525.27182427
1184.97373682 2525.27182427
1185.56897665 2525.27182427
1186.16421648 2525.27182427
1186.75945632 2525.27182427
1187.35469615 2525.27182427
1187.94993599 2525.27182427
1188.54517582 2525.27182427
1189.14041566 2525.27182427
1189.73565549 2525.27182427
1190.33089533 2525.27182427
1190.92613516 2525.27182427
1191.521375 2525.27182427
1192.11661483 2525.27182427
1192.71185466 2525.27182427
1193.3070945 2525.27182427
1193.90233433 2525.27182427
1194.49757417 2525.27182427
1195.092814 2525.27182427
1195.68805384 2525.27182427
1196.28329367 2525.27182427
1196.87853351 2525.27182427
1197.47377334 2525.27182427
1198.06901317 2525.27182427
1198.66425301 2525.27182427
1199.25949284 2525.27182427
1199.85473268 2525.27182427
1200.44997251 2525.27182427
1201.04521235 2525.27182427
1201.64045218 2525.27182427
1202.23569202 2525.27182427
1202.83093185 2525.27182427
1203.42617168 2525.27182427
1204.02141152 2525.27182427
1204.61665135 2525.27182427
1205.21189119 2525.27182427
1205.80713102 2525.27182427
1206.40237086 2525.27182427
1206.99761069 2525.27182427
1207.59285053 2525.27182427
1208.18809036 2525.27182427
1208.78333019 2525.27182427
1209.37857003 2525.27182427
1209.97380986 2525.27182427
1210.5690497 2525.27182427
1211.16428953 2525.27182427
1211.75952937 2525.27182427
1212.3547692 2525.27182427
1212.95000904 2525.27182427
1213.54524887 2525.27182427
1214.14048871 2525.27182427
1214.73572854 2525.27182427
1215.33096837 2525.27182427
1215.92620821 2525.27182427
1216.52144804 2525.27182427
1217.11668788 2525.27182427
1217.71192771 2525.27182427
1218.30716755 2525.27182427
1218.90240738 2525.27182427
