0.446466215283 4705.43564484
1.04170604976 4705.43564484
1.63694588423 4705.43564484
2.2321857187 4705.43564484
2.82742555317 4705.43564484
3.42266538765 4705.43564484
4.01790522212 4705.43564484
4.61314505659 4705.43564484
5.20838489106 4705.43564484
5.80362472554 4705.43564484
6.39886456001 4705.43564484
6.99410439448 4705.43564484
7.58934422895 4705.43564484
8.18458406343 4705.43564484
8.7798238979 4705.43564484
9.37506373237 4705.43564484
9.97030356685 4705.43564484
10.5655434013 4705.43564484
11.1607832358 4705.43564484
11.7560230703 4705.43564484
12.3512629047 4705.43564484
12.9465027392 4705.43564484
13.5417425737 4705.43564484
14.1369824082 4705.43564484
14.7322222426 4705.43564484
15.3274620771 4705.43564484
15.9227019116 4705.43564484
16.517941746 4705.43564484
17.1131815805 4705.43564484
17.708421415 4705.43564484
18.3036612495 4705.43564484
18.8989010839 4705.43564484
19.4941409184 4705.43564484
20.0893807529 4705.43564484
20.6846205874 4705.43564484
21.2798604218 4705.43564484
21.8751002563 4705.43564484
22.4703400908 4705.43564484
23.0655799252 4705.43564484
23.6608197597 4705.43564484
24.2560595942 4705.43564484
24.8512994287 4705.43564484
25.4465392631 4705.43564484
26.0417790976 4705.43564484
26.6370189321 4705.43564484
27.2322587666 4705.43564484
27.827498601 4705.43564484
28.4227384355 4705.43564484
29.01797827 4705.43564484
29.6132181044 4705.43564484
30.2084579389 4705.43564484
30.8036977734 4705.43564484
31.3989376079 4705.43564484
31.9941774423 4705.43564484
32.5894172768 4705.43564484
33.1846571113 4705.43564484
33.7798969458 4705.43564484
34.3751367802 4705.43564484
34.9703766147 4705.43564484
35.5656164492 4705.43564484
36.1608562836 4705.43564484
36.7560961181 4705.43564484
37.3513359526 4705.43564484
37.9465757871 4705.43564484
38.5418156215 4705.43564484
39.137055456 4705.43564484
39.7322952905 4705.43564484
40.327535125 4705.43564484
40.9227749594 4705.43564484
41.5180147939 4705.43564484
42.1132546284 4705.43564484
42.7084944628 4705.43564484
43.3037342973 4705.43564484
43.8989741318 4705.43564484
44.4942139663 4705.43564484
45.0894538007 4705.43564484
45.6846936352 4705.43564484
46.2799334697 4705.43564484
46.8751733041 4705.43564484
47.4704131386 4705.43564484
48.0656529731 4705.43564484
48.6608928076 4705.43564484
49.256132642 4705.43564484
49.8513724765 4705.43564484
50.446612311 4705.43564484
51.0418521455 4705.43564484
51.6370919799 4705.43564484
52.2323318144 4705.43564484
52.8275716489 4705.43564484
53.4228114833 4705.43564484
54.0180513178 4705.43564484
54.6132911523 4705.43564484
55.2085309868 4705.43564484
55.8037708212 4705.43564484
56.3990106557 4705.43564484
56.9942504902 4705.43564484
57.5894903247 4705.43564484
58.1847301591 4705.43564484
58.7799699936 4705.43564484
59.3752098281 4705.43564484
59.9704496625 4705.43564484
60.565689497 4705.43564484
61.1609293315 4705.43564484
61.756169166 4705.43564484
62.3514090004 4705.43564484
62.9466488349 4705.43564484
63.5418886694 4705.43564484
64.1371285039 4705.43564484
64.7323683383 4705.43564484
65.3276081728 4705.43564484
65.9228480073 4705.43564484
66.5180878417 4705.43564484
67.1133276762 4705.43564484
67.7085675107 4705.43564484
68.3038073452 4705.43564484
68.8990471796 4705.43564484
69.4942870141 4705.43564484
70.0895268486 4705.43564484
70.6847666831 4705.43564484
71.2800065175 4705.43564484
71.875246352 4705.43564484
72.4704861865 4705.43564484
73.0657260209 4705.43564484
73.6609658554 4705.43564484
74.2562056899 4705.43564484
74.8514455244 4705.43564484
75.4466853588 4705.43564484
76.0419251933 4705.43564484
76.6371650278 4705.43564484
77.2324048623 4705.43564484
77.8276446967 4705.43564484
78.4228845312 4705.43564484
79.0181243657 4705.43564484
79.6133642001 4705.43564484
80.2086040346 4705.43564484
80.8038438691 4705.43564484
81.3990837036 4705.43564484
81.994323538 4705.43564484
82.5895633725 4705.43564484
83.184803207 4705.43564484
83.7800430415 4705.43564484
84.3752828759 4705.43564484
84.9705227104 4705.43564484
85.5657625449 4705.43564484
86.1610023793 4705.43564484
86.7562422138 4705.43564484
87.3514820483 4705.43564484
87.9467218828 4705.43564484
88.5419617172 4705.43564484
89.1372015517 4705.43564484
89.7324413862 4705.43564484
90.3276812207 4705.43564484
90.9229210551 4705.43564484
91.5181608896 4705.43564484
92.1134007241 4705.43564484
92.7086405585 4705.43564484
93.303880393 4705.43564484
93.8991202275 4705.43564484
94.494360062 4705.43564484
95.0895998964 4705.43564484
95.6848397309 4705.43564484
96.2800795654 4705.43564484
96.8753193999 4705.43564484
97.4705592343 4705.43564484
98.0657990688 4705.43564484
98.6610389033 4705.43564484
99.2562787377 4705.43564484
99.8515185722 4705.43564484
100.446758407 4705.43564484
101.041998241 4705.43564484
101.637238076 4705.43564484
102.23247791 4705.43564484
102.827717745 4705.43564484
103.422957579 4705.43564484
104.018197414 4705.43564484
104.613437248 4705.43564484
105.208677082 4705.43564484
105.803916917 4705.43564484
106.399156751 4705.43564484
106.994396586 4705.43564484
107.58963642 4705.43564484
108.184876255 4705.43564484
108.780116089 4705.43564484
109.375355924 4705.43564484
109.970595758 4705.43564484
110.565835593 4705.43564484
111.161075427 4705.43564484
111.756315262 4705.43564484
112.351555096 4705.43564484
112.946794931 4705.43564484
113.542034765 4705.43564484
114.1372746 4705.43564484
114.732514434 4705.43564484
115.327754269 4705.43564484
115.922994103 4705.43564484
116.518233937 4705.43564484
117.113473772 4705.43564484
117.708713606 4705.43564484
118.303953441 4705.43564484
118.899193275 4705.43564484
119.49443311 4705.43564484
120.089672944 4705.43564484
120.684912779 4705.43564484
121.280152613 4705.43564484
121.875392448 4705.43564484
122.470632282 4705.43564484
123.065872117 4705.43564484
123.661111951 4705.43564484
124.256351786 4705.43564484
124.85159162 4705.43564484
125.446831455 4705.43564484
126.042071289 4705.43564484
126.637311123 4705.43564484
127.232550958 4705.43564484
127.827790792 4705.43564484
128.423030627 4705.43564484
129.018270461 4705.43564484
129.613510296 4705.43564484
130.20875013 4705.43564484
130.803989965 4705.43564484
131.399229799 4705.43564484
131.994469634 4705.43564484
132.589709468 4705.43564484
133.184949303 4705.43564484
133.780189137 4705.43564484
134.375428972 4705.43564484
134.970668806 4705.43564484
135.565908641 4705.43564484
136.161148475 4705.43564484
136.75638831 4705.43564484
137.351628144 4705.43564484
137.946867978 4705.43564484
138.542107813 4705.43564484
139.137347647 4705.43564484
139.732587482 4705.43564484
140.327827316 4705.43564484
140.923067151 4705.43564484
141.518306985 4705.43564484
142.11354682 4705.43564484
142.708786654 4705.43564484
143.304026489 4705.43564484
143.899266323 4705.43564484
144.494506158 4705.43564484
145.089745992 4705.43564484
145.684985827 4705.43564484
146.280225661 4705.43564484
146.875465496 4705.43564484
147.47070533 4705.43564484
148.065945165 4705.43564484
148.661184999 4705.43564484
149.256424833 4705.43564484
149.851664668 4705.43564484
150.446904502 4705.43564484
151.042144337 4705.43564484
151.637384171 4705.43564484
152.232624006 4705.43564484
152.82786384 4705.43564484
153.423103675 4705.43564484
154.018343509 4705.43564484
154.613583344 4705.43564484
155.208823178 4705.43564484
155.804063013 4705.43564484
156.399302847 4705.43564484
156.994542682 4705.43564484
157.589782516 4705.43564484
158.185022351 4705.43564484
158.780262185 4705.43564484
159.375502019 4705.43564484
159.970741854 4705.43564484
160.565981688 4705.43564484
161.161221523 4705.43564484
161.756461357 4705.43564484
162.351701192 4705.43564484
162.946941026 4705.43564484
163.542180861 4705.43564484
164.137420695 4705.43564484
164.73266053 4705.43564484
165.327900364 4705.43564484
165.923140199 4705.43564484
166.518380033 4705.43564484
167.113619868 4705.43564484
167.708859702 4705.43564484
168.304099537 4705.43564484
168.899339371 4705.43564484
169.494579206 4705.43564484
170.08981904 4705.43564484
170.685058874 4705.43564484
171.280298709 4705.43564484
171.875538543 4705.43564484
172.470778378 4705.43564484
173.066018212 4705.43564484
173.661258047 4705.43564484
174.256497881 4705.43564484
174.851737716 4705.43564484
175.44697755 4705.43564484
176.042217385 4705.43564484
176.637457219 4705.43564484
177.232697054 4705.43564484
177.827936888 4705.43564484
178.423176723 4705.43564484
179.018416557 4705.43564484
179.613656392 4705.43564484
180.208896226 4705.43564484
180.80413606 4705.43564484
181.399375895 4705.43564484
181.994615729 4705.43564484
182.589855564 4705.43564484
183.185095398 4705.43564484
183.780335233 4705.43564484
184.375575067 4705.43564484
184.970814902 4705.43564484
185.566054736 4705.43564484
186.161294571 4705.43564484
186.756534405 4705.43564484
187.35177424 4705.43564484
187.947014074 4705.43564484
188.542253909 4705.43564484
189.137493743 4705.43564484
189.732733578 4705.43564484
190.327973412 4705.43564484
190.923213247 4705.43564484
191.518453081 4705.43564484
192.113692915 4705.43564484
192.70893275 4705.43564484
193.304172584 4705.43564484
193.899412419 4705.43564484
194.494652253 4705.43564484
195.089892088 4705.43564484
195.685131922 4705.43564484
196.280371757 4705.43564484
196.875611591 4705.43564484
197.470851426 4705.43564484
198.06609126 4705.43564484
198.661331095 4705.43564484
199.256570929 4705.43564484
199.851810764 4705.43564484
200.447050598 4705.43564484
201.042290433 4705.43564484
201.637530267 4705.43564484
202.232770102 4705.43564484
202.828009936 4705.43564484
203.42324977 4705.43564484
204.018489605 4705.43564484
204.613729439 4705.43564484
205.208969274 4705.43564484
205.804209108 4705.43564484
206.399448943 4705.43564484
206.994688777 4705.43564484
207.589928612 4705.43564484
208.185168446 4705.43564484
208.780408281 4705.43564484
209.375648115 4705.43564484
209.97088795 4705.43564484
210.566127784 4705.43564484
211.161367619 4705.43564484
211.756607453 4705.43564484
212.351847288 4705.43564484
212.947087122 4705.43564484
213.542326956 4705.43564484
214.137566791 4705.43564484
214.732806625 4705.43564484
215.32804646 4705.43564484
215.923286294 4705.43564484
216.518526129 4705.43564484
217.113765963 4705.43564484
217.709005798 4705.43564484
218.304245632 4705.43564484
218.899485467 4705.43564484
219.494725301 4705.43564484
220.089965136 4705.43564484
220.68520497 4705.43564484
221.280444805 4705.43564484
221.875684639 4705.43564484
222.470924474 4705.43564484
223.066164308 4705.43564484
223.661404143 4705.43564484
224.256643977 4705.43564484
224.851883811 4705.43564484
225.447123646 4705.43564484
226.04236348 4705.43564484
226.637603315 4705.43564484
227.232843149 4705.43564484
227.828082984 4705.43564484
228.423322818 4705.43564484
229.018562653 4705.43564484
229.613802487 4705.43564484
230.209042322 4705.43564484
230.804282156 4705.43564484
231.399521991 4705.43564484
231.994761825 4705.43564484
232.59000166 4705.43564484
233.185241494 4705.43564484
233.780481329 4705.43564484
234.375721163 4705.43564484
234.970960998 4705.43564484
235.566200832 4705.43564484
236.161440666 4705.43564484
236.756680501 4705.43564484
237.351920335 4705.43564484
237.94716017 4705.43564484
238.542400004 4705.43564484
239.137639839 4705.43564484
239.732879673 4705.43564484
240.328119508 4705.43564484
240.923359342 4705.43564484
241.518599177 4705.43564484
242.113839011 4705.43564484
242.709078846 4705.43564484
243.30431868 4705.43564484
243.899558515 4705.43564484
244.494798349 4705.43564484
245.090038184 4705.43564484
245.685278018 4705.43564484
246.280517852 4705.43564484
246.875757687 4705.43564484
247.470997521 4705.43564484
248.066237356 4705.43564484
248.66147719 4705.43564484
249.256717025 4705.43564484
249.851956859 4705.43564484
250.447196694 4705.43564484
251.042436528 4705.43564484
251.637676363 4705.43564484
252.232916197 4705.43564484
252.828156032 4705.43564484
253.423395866 4705.43564484
254.018635701 4705.43564484
254.613875535 4705.43564484
255.20911537 4705.43564484
255.804355204 4705.43564484
256.399595039 4705.43564484
256.994834873 4705.43564484
257.590074707 4705.43564484
258.185314542 4705.43564484
258.780554376 4705.43564484
259.375794211 4705.43564484
259.971034045 4705.43564484
260.56627388 4705.43564484
261.161513714 4705.43564484
261.756753549 4705.43564484
262.351993383 4705.43564484
262.947233218 4705.43564484
263.542473052 4705.43564484
264.137712887 4705.43564484
264.732952721 4705.43564484
265.328192556 4705.43564484
265.92343239 4705.43564484
266.518672225 4705.43564484
267.113912059 4705.43564484
267.709151894 4705.43564484
268.304391728 4705.43564484
268.899631562 4705.43564484
269.494871397 4705.43564484
270.090111231 4705.43564484
270.685351066 4705.43564484
271.2805909 4705.43564484
271.875830735 4705.43564484
272.471070569 4705.43564484
273.066310404 4705.43564484
273.661550238 4705.43564484
274.256790073 4705.43564484
274.852029907 4705.43564484
275.447269742 4705.43564484
276.042509576 4705.43564484
276.637749411 4705.43564484
277.232989245 4705.43564484
277.82822908 4705.43564484
278.423468914 4705.43564484
279.018708748 4705.43564484
279.613948583 4705.43564484
280.209188417 4705.43564484
280.804428252 4705.43564484
281.399668086 4705.43564484
281.994907921 4705.43564484
282.590147755 4705.43564484
283.18538759 4705.43564484
283.780627424 4705.43564484
284.375867259 4705.43564484
284.971107093 4705.43564484
285.566346928 4705.43564484
286.161586762 4705.43564484
286.756826597 4705.43564484
287.352066431 4705.43564484
287.947306266 4705.43564484
288.5425461 4705.43564484
289.137785935 4705.43564484
289.733025769 4705.43564484
290.328265603 4705.43564484
290.923505438 4705.43564484
291.518745272 4705.43564484
292.113985107 4705.43564484
292.709224941 4705.43564484
293.304464776 4705.43564484
293.89970461 4705.43564484
294.494944445 4705.43564484
295.090184279 4705.43564484
295.685424114 4705.43564484
296.280663948 4705.43564484
296.875903783 4705.43564484
297.471143617 4705.43564484
298.066383452 4705.43564484
298.661623286 4705.43564484
299.256863121 4705.43564484
299.852102955 4705.43564484
300.44734279 4705.43564484
301.042582624 4705.43564484
301.637822458 4705.43564484
302.233062293 4705.43564484
302.828302127 4705.43564484
303.423541962 4705.43564484
304.018781796 4705.43564484
304.614021631 4705.43564484
305.209261465 3830.86582319
305.8045013 3830.86582319
306.399741134 3830.86582319
306.994980969 3830.86582319
307.590220803 3830.86582319
308.185460638 3830.86582319
308.780700472 3830.86582319
309.375940307 3830.86582319
309.971180141 3830.86582319
310.566419976 3830.86582319
311.16165981 3830.86582319
311.756899644 3830.86582319
312.352139479 3830.86582319
312.947379313 3830.86582319
313.542619148 3830.86582319
314.137858982 3830.86582319
314.733098817 3830.86582319
315.328338651 3830.86582319
315.923578486 3830.86582319
316.51881832 3830.86582319
317.114058155 3830.86582319
317.709297989 3830.86582319
318.304537824 3830.86582319
318.899777658 3830.86582319
319.495017493 3830.86582319
320.090257327 3830.86582319
320.685497162 3830.86582319
321.280736996 3830.86582319
321.875976831 3830.86582319
322.471216665 3830.86582319
323.066456499 3830.86582319
323.661696334 3830.86582319
324.256936168 3830.86582319
324.852176003 3830.86582319
325.447415837 3830.86582319
326.042655672 3830.86582319
326.637895506 3830.86582319
327.233135341 3830.86582319
327.828375175 3830.86582319
328.42361501 3830.86582319
329.018854844 3830.86582319
329.614094679 3830.86582319
330.209334513 3830.86582319
330.804574348 3830.86582319
331.399814182 3830.86582319
331.995054017 3830.86582319
332.590293851 3830.86582319
333.185533685 3830.86582319
333.78077352 3830.86582319
334.376013354 3830.86582319
334.971253189 3830.86582319
335.566493023 3830.86582319
336.161732858 3830.86582319
336.756972692 3830.86582319
337.352212527 3830.86582319
337.947452361 3830.86582319
338.542692196 3830.86582319
339.13793203 3830.86582319
339.733171865 3830.86582319
340.328411699 3830.86582319
340.923651534 3830.86582319
341.518891368 3830.86582319
342.114131203 3830.86582319
342.709371037 3830.86582319
343.304610872 3830.86582319
343.899850706 3830.86582319
344.49509054 3830.86582319
345.090330375 3830.86582319
345.685570209 3830.86582319
346.280810044 3830.86582319
346.876049878 3830.86582319
347.471289713 3830.86582319
348.066529547 3830.86582319
348.661769382 3830.86582319
349.257009216 3830.86582319
349.852249051 3830.86582319
350.447488885 3830.86582319
351.04272872 3830.86582319
351.637968554 3830.86582319
352.233208389 3830.86582319
352.828448223 3830.86582319
353.423688058 3830.86582319
354.018927892 3830.86582319
354.614167727 3830.86582319
355.209407561 3830.86582319
355.804647395 3830.86582319
356.39988723 3830.86582319
356.995127064 3830.86582319
357.590366899 3830.86582319
358.185606733 3830.86582319
358.780846568 3830.86582319
359.376086402 3830.86582319
359.971326237 3830.86582319
360.566566071 3830.86582319
361.161805906 3830.86582319
361.75704574 3830.86582319
362.352285575 3830.86582319
362.947525409 3830.86582319
363.542765244 3830.86582319
364.138005078 3830.86582319
364.733244913 3830.86582319
365.328484747 3830.86582319
365.923724581 3830.86582319
366.518964416 3830.86582319
367.11420425 3830.86582319
367.709444085 3830.86582319
368.304683919 3830.86582319
368.899923754 3830.86582319
369.495163588 3830.86582319
370.090403423 3830.86582319
370.685643257 3830.86582319
371.280883092 3830.86582319
371.876122926 3830.86582319
372.471362761 3830.86582319
373.066602595 3830.86582319
373.66184243 3830.86582319
374.257082264 3830.86582319
374.852322099 3830.86582319
375.447561933 3830.86582319
376.042801768 3830.86582319
376.638041602 3830.86582319
377.233281436 3830.86582319
377.828521271 3830.86582319
378.423761105 3830.86582319
379.01900094 3830.86582319
379.614240774 3830.86582319
380.209480609 3830.86582319
380.804720443 3830.86582319
381.399960278 3830.86582319
381.995200112 3830.86582319
382.590439947 3830.86582319
383.185679781 3830.86582319
383.780919616 3830.86582319
384.37615945 3830.86582319
384.971399285 3830.86582319
385.566639119 3830.86582319
386.161878954 3830.86582319
386.757118788 3830.86582319
387.352358623 3830.86582319
387.947598457 3830.86582319
388.542838291 3830.86582319
389.138078126 3830.86582319
389.73331796 3830.86582319
390.328557795 3830.86582319
390.923797629 3830.86582319
391.519037464 3830.86582319
392.114277298 3830.86582319
392.709517133 3830.86582319
393.304756967 3830.86582319
393.899996802 3830.86582319
394.495236636 3830.86582319
395.090476471 3830.86582319
395.685716305 3830.86582319
396.28095614 3830.86582319
396.876195974 3830.86582319
397.471435809 3830.86582319
398.066675643 3830.86582319
398.661915477 3830.86582319
399.257155312 3830.86582319
399.852395146 3830.86582319
400.447634981 3830.86582319
401.042874815 3830.86582319
401.63811465 3830.86582319
402.233354484 3830.86582319
402.828594319 3830.86582319
403.423834153 3830.86582319
404.019073988 3830.86582319
404.614313822 3830.86582319
405.209553657 3830.86582319
405.804793491 3830.86582319
406.400033326 3830.86582319
406.99527316 3830.86582319
407.590512995 3830.86582319
408.185752829 3830.86582319
408.780992664 3830.86582319
409.376232498 3830.86582319
409.971472332 3830.86582319
410.566712167 3830.86582319
411.161952001 3830.86582319
411.757191836 3830.86582319
412.35243167 3830.86582319
412.947671505 3830.86582319
413.542911339 3830.86582319
414.138151174 3830.86582319
414.733391008 3830.86582319
415.328630843 3830.86582319
415.923870677 3830.86582319
416.519110512 3830.86582319
417.114350346 3830.86582319
417.709590181 3830.86582319
418.304830015 3830.86582319
418.90006985 3830.86582319
419.495309684 3830.86582319
420.090549519 3830.86582319
420.685789353 3830.86582319
421.281029187 3830.86582319
421.876269022 3830.86582319
422.471508856 3830.86582319
423.066748691 3830.86582319
423.661988525 3830.86582319
424.25722836 3830.86582319
424.852468194 3830.86582319
425.447708029 3830.86582319
426.042947863 3830.86582319
426.638187698 3830.86582319
427.233427532 3830.86582319
427.828667367 3830.86582319
428.423907201 3830.86582319
429.019147036 3830.86582319
429.61438687 3830.86582319
430.209626705 3830.86582319
430.804866539 3830.86582319
431.400106373 3830.86582319
431.995346208 3830.86582319
432.590586042 3830.86582319
433.185825877 3830.86582319
433.781065711 3830.86582319
434.376305546 3830.86582319
434.97154538 3830.86582319
435.566785215 3830.86582319
436.162025049 3830.86582319
436.757264884 3830.86582319
437.352504718 3830.86582319
437.947744553 3830.86582319
438.542984387 3830.86582319
439.138224222 3830.86582319
439.733464056 3830.86582319
440.328703891 3830.86582319
440.923943725 3830.86582319
441.51918356 3830.86582319
442.114423394 3830.86582319
442.709663228 3830.86582319
443.304903063 3830.86582319
443.900142897 3830.86582319
444.495382732 3830.86582319
445.090622566 3830.86582319
445.685862401 3830.86582319
446.281102235 3830.86582319
446.87634207 3830.86582319
447.471581904 3830.86582319
448.066821739 3830.86582319
448.662061573 3830.86582319
449.257301408 3830.86582319
449.852541242 3830.86582319
450.447781077 3830.86582319
451.043020911 3830.86582319
451.638260746 3830.86582319
452.23350058 3830.86582319
452.828740415 3830.86582319
453.423980249 3830.86582319
454.019220083 3830.86582319
454.614459918 3830.86582319
455.209699752 3830.86582319
455.804939587 3830.86582319
456.400179421 3830.86582319
456.995419256 3830.86582319
457.59065909 3564.26784272
458.185898925 3564.26784272
458.781138759 3564.26784272
459.376378594 3564.26784272
459.971618428 3564.26784272
460.566858263 3564.26784272
461.162098097 3564.26784272
461.757337932 3564.26784272
462.352577766 3564.26784272
462.947817601 3564.26784272
463.543057435 3564.26784272
464.138297269 3564.26784272
464.733537104 3564.26784272
465.328776938 3564.26784272
465.924016773 3564.26784272
466.519256607 3564.26784272
467.114496442 3564.26784272
467.709736276 3564.26784272
468.304976111 3564.26784272
468.900215945 3564.26784272
469.49545578 3564.26784272
470.090695614 3564.26784272
470.685935449 3564.26784272
471.281175283 3564.26784272
471.876415118 3564.26784272
472.471654952 3564.26784272
473.066894787 3564.26784272
473.662134621 3564.26784272
474.257374456 3564.26784272
474.85261429 3564.26784272
475.447854124 3564.26784272
476.043093959 3564.26784272
476.638333793 3564.26784272
477.233573628 3564.26784272
477.828813462 3564.26784272
478.424053297 3564.26784272
479.019293131 3564.26784272
479.614532966 3564.26784272
480.2097728 3564.26784272
480.805012635 3564.26784272
481.400252469 3564.26784272
481.995492304 3564.26784272
482.590732138 3564.26784272
483.185971973 3564.26784272
483.781211807 3564.26784272
484.376451642 3564.26784272
484.971691476 3564.26784272
485.56693131 3564.26784272
486.162171145 3564.26784272
486.757410979 3564.26784272
487.352650814 3564.26784272
487.947890648 3564.26784272
488.543130483 3564.26784272
489.138370317 3564.26784272
489.733610152 3564.26784272
490.328849986 3564.26784272
490.924089821 3564.26784272
491.519329655 3564.26784272
492.11456949 3564.26784272
492.709809324 3564.26784272
493.305049159 3564.26784272
493.900288993 3564.26784272
494.495528828 3564.26784272
495.090768662 3564.26784272
495.686008497 3564.26784272
496.281248331 3564.26784272
496.876488165 3564.26784272
497.471728 3564.26784272
498.066967834 3564.26784272
498.662207669 3564.26784272
499.257447503 3564.26784272
499.852687338 3564.26784272
500.447927172 3564.26784272
501.043167007 3564.26784272
501.638406841 3564.26784272
502.233646676 3564.26784272
502.82888651 3564.26784272
503.424126345 3564.26784272
504.019366179 3564.26784272
504.614606014 3564.26784272
505.209845848 3564.26784272
505.805085683 3564.26784272
506.400325517 3564.26784272
506.995565352 3564.26784272
507.590805186 3564.26784272
508.18604502 3564.26784272
508.781284855 3564.26784272
509.376524689 3564.26784272
509.971764524 3564.26784272
510.567004358 3564.26784272
511.162244193 3564.26784272
511.757484027 3564.26784272
512.352723862 3564.26784272
512.947963696 3564.26784272
513.543203531 3564.26784272
514.138443365 3564.26784272
514.7336832 3564.26784272
515.328923034 3564.26784272
515.924162869 3564.26784272
516.519402703 3564.26784272
517.114642538 3564.26784272
517.709882372 3564.26784272
518.305122206 3564.26784272
518.900362041 3564.26784272
519.495601875 3564.26784272
520.09084171 3564.26784272
520.686081544 3564.26784272
521.281321379 3564.26784272
521.876561213 3564.26784272
522.471801048 3564.26784272
523.067040882 3564.26784272
523.662280717 3564.26784272
524.257520551 3564.26784272
524.852760386 3564.26784272
525.44800022 3564.26784272
526.043240055 3564.26784272
526.638479889 3564.26784272
527.233719724 3564.26784272
527.828959558 3564.26784272
528.424199393 3564.26784272
529.019439227 3564.26784272
529.614679061 3564.26784272
530.209918896 3564.26784272
530.80515873 3564.26784272
531.400398565 3564.26784272
531.995638399 3564.26784272
532.590878234 3564.26784272
533.186118068 3564.26784272
533.781357903 4097.46380366
534.376597737 4097.46380366
534.971837572 4097.46380366
535.567077406 4097.46380366
536.162317241 4097.46380366
536.757557075 4097.46380366
537.35279691 4097.46380366
537.948036744 4097.46380366
538.543276579 4097.46380366
539.138516413 4097.46380366
539.733756248 4097.46380366
540.328996082 4097.46380366
540.924235916 4097.46380366
541.519475751 4097.46380366
542.114715585 4097.46380366
542.70995542 4097.46380366
543.305195254 4097.46380366
543.900435089 4097.46380366
544.495674923 4097.46380366
545.090914758 4097.46380366
545.686154592 4097.46380366
546.281394427 4097.46380366
546.876634261 4097.46380366
547.471874096 4097.46380366
548.06711393 4097.46380366
548.662353765 4097.46380366
549.257593599 4097.46380366
549.852833434 4097.46380366
550.448073268 4097.46380366
551.043313102 4097.46380366
551.638552937 4097.46380366
552.233792771 4097.46380366
552.829032606 4097.46380366
553.42427244 4097.46380366
554.019512275 4097.46380366
554.614752109 4097.46380366
555.209991944 4097.46380366
555.805231778 4097.46380366
556.400471613 4097.46380366
556.995711447 4097.46380366
557.590951282 4097.46380366
558.186191116 4097.46380366
558.781430951 4097.46380366
559.376670785 4097.46380366
559.97191062 4097.46380366
560.567150454 4097.46380366
561.162390289 4097.46380366
561.757630123 4097.46380366
562.352869957 4097.46380366
562.948109792 4097.46380366
563.543349626 4097.46380366
564.138589461 4097.46380366
564.733829295 4097.46380366
565.32906913 4097.46380366
565.924308964 4097.46380366
566.519548799 4097.46380366
567.114788633 4097.46380366
567.710028468 4097.46380366
568.305268302 4097.46380366
568.900508137 4097.46380366
569.495747971 4097.46380366
570.090987806 4097.46380366
570.68622764 4097.46380366
571.281467475 4097.46380366
571.876707309 4097.46380366
572.471947144 4097.46380366
573.067186978 4097.46380366
573.662426812 4097.46380366
574.257666647 4097.46380366
574.852906481 4097.46380366
575.448146316 4097.46380366
576.04338615 4097.46380366
576.638625985 4097.46380366
577.233865819 4097.46380366
577.829105654 4097.46380366
578.424345488 4097.46380366
579.019585323 4097.46380366
579.614825157 4097.46380366
580.210064992 4097.46380366
580.805304826 4097.46380366
581.400544661 4097.46380366
581.995784495 4097.46380366
582.59102433 4097.46380366
583.186264164 4097.46380366
583.781503998 4097.46380366
584.376743833 4097.46380366
584.971983667 4097.46380366
585.567223502 4097.46380366
586.162463336 4097.46380366
586.757703171 4097.46380366
587.352943005 4097.46380366
587.94818284 4097.46380366
588.543422674 4097.46380366
589.138662509 4097.46380366
589.733902343 4097.46380366
590.329142178 4097.46380366
590.924382012 4097.46380366
591.519621847 4097.46380366
592.114861681 4097.46380366
592.710101516 4097.46380366
593.30534135 4097.46380366
593.900581185 4097.46380366
594.495821019 4097.46380366
595.091060853 4097.46380366
595.686300688 4097.46380366
596.281540522 4097.46380366
596.876780357 4097.46380366
597.472020191 4097.46380366
598.067260026 4097.46380366
598.66249986 4097.46380366
599.257739695 4097.46380366
599.852979529 4097.46380366
600.448219364 4097.46380366
601.043459198 4097.46380366
601.638699033 4097.46380366
602.233938867 4097.46380366
602.829178702 4097.46380366
603.424418536 4097.46380366
604.019658371 4097.46380366
604.614898205 4097.46380366
605.21013804 4097.46380366
605.805377874 4097.46380366
606.400617708 4097.46380366
606.995857543 4097.46380366
607.591097377 4097.46380366
608.186337212 4097.46380366
608.781577046 4097.46380366
609.376816881 4097.46380366
609.972056715 4703.51746321
610.56729655 4703.51746321
611.162536384 4703.51746321
611.757776219 4703.51746321
612.353016053 4703.51746321
612.948255888 4703.51746321
613.543495722 4703.51746321
614.138735557 4703.51746321
614.733975391 4703.51746321
615.329215226 4703.51746321
615.92445506 4703.51746321
616.519694894 4703.51746321
617.114934729 4703.51746321
617.710174563 4703.51746321
618.305414398 4703.51746321
618.900654232 4703.51746321
619.495894067 4703.51746321
620.091133901 4703.51746321
620.686373736 4703.51746321
621.28161357 4703.51746321
621.876853405 4703.51746321
622.472093239 4703.51746321
623.067333074 4703.51746321
623.662572908 4703.51746321
624.257812743 4703.51746321
624.853052577 4703.51746321
625.448292412 4703.51746321
626.043532246 4703.51746321
626.638772081 4703.51746321
627.234011915 4703.51746321
627.829251749 4703.51746321
628.424491584 4703.51746321
629.019731418 4703.51746321
629.614971253 4703.51746321
630.210211087 4703.51746321
630.805450922 4703.51746321
631.400690756 4703.51746321
631.995930591 4703.51746321
632.591170425 4703.51746321
633.18641026 4703.51746321
633.781650094 4703.51746321
634.376889929 4703.51746321
634.972129763 4703.51746321
635.567369598 4703.51746321
636.162609432 4703.51746321
636.757849267 4703.51746321
637.353089101 4703.51746321
637.948328935 4703.51746321
638.54356877 5706.26690291
639.138808604 5706.26690291
639.734048439 5706.26690291
640.329288273 5706.26690291
640.924528108 5706.26690291
641.519767942 5706.26690291
642.115007777 5706.26690291
642.710247611 5706.26690291
643.305487446 3700.76802351
643.90072728 3700.76802351
644.495967115 3700.76802351
645.091206949 3700.76802351
645.686446784 3700.76802351
646.281686618 3700.76802351
646.876926453 3700.76802351
647.472166287 3700.76802351
648.067406122 4703.51746321
648.662645956 4703.51746321
649.25788579 4703.51746321
649.853125625 4703.51746321
650.448365459 4703.51746321
651.043605294 4703.51746321
651.638845128 4703.51746321
652.234084963 4703.51746321
652.829324797 4703.51746321
653.424564632 4703.51746321
654.019804466 4703.51746321
654.615044301 4703.51746321
655.210284135 4703.51746321
655.80552397 4703.51746321
656.400763804 4703.51746321
656.996003639 4703.51746321
657.591243473 4703.51746321
658.186483308 4703.51746321
658.781723142 4703.51746321
659.376962977 4703.51746321
659.972202811 4703.51746321
660.567442645 4703.51746321
661.16268248 4703.51746321
661.757922314 4703.51746321
662.353162149 4703.51746321
662.948401983 4703.51746321
663.543641818 4703.51746321
664.138881652 4703.51746321
664.734121487 4703.51746321
665.329361321 4703.51746321
665.924601156 4703.51746321
666.51984099 4703.51746321
667.115080825 4703.51746321
667.710320659 4703.51746321
668.305560494 4703.51746321
668.900800328 4703.51746321
669.496040163 4703.51746321
670.091279997 4703.51746321
670.686519831 4703.51746321
671.281759666 4703.51746321
671.8769995 4703.51746321
672.472239335 4703.51746321
673.067479169 4703.51746321
673.662719004 4703.51746321
674.257958838 4703.51746321
674.853198673 4703.51746321
675.448438507 4703.51746321
676.043678342 4703.51746321
676.638918176 4703.51746321
677.234158011 4703.51746321
677.829397845 4703.51746321
678.42463768 4703.51746321
679.019877514 4703.51746321
679.615117349 4703.51746321
680.210357183 4703.51746321
680.805597018 4703.51746321
681.400836852 4703.51746321
681.996076686 4703.51746321
682.591316521 4703.51746321
683.186556355 4703.51746321
683.78179619 4703.51746321
684.377036024 4703.51746321
684.972275859 4703.51746321
685.567515693 4703.51746321
686.162755528 3792.226362
686.757995362 3792.226362
687.353235197 3792.226362
687.948475031 3792.226362
688.543714866 3792.226362
689.1389547 3792.226362
689.734194535 3792.226362
690.329434369 3792.226362
690.924674204 3792.226362
691.519914038 3792.226362
692.115153873 3792.226362
692.710393707 3792.226362
693.305633541 3792.226362
693.900873376 3792.226362
694.49611321 3792.226362
695.091353045 3792.226362
695.686592879 3792.226362
696.281832714 3792.226362
696.877072548 3792.226362
697.472312383 3792.226362
698.067552217 3792.226362
698.662792052 3792.226362
699.258031886 3792.226362
699.853271721 3792.226362
700.448511555 3792.226362
701.04375139 3792.226362
701.638991224 3792.226362
702.234231059 3792.226362
702.829470893 3792.226362
703.424710727 3792.226362
704.019950562 3792.226362
704.615190396 3792.226362
705.210430231 5082.7065777
705.805670065 5082.7065777
706.4009099 5082.7065777
706.996149734 5082.7065777
707.591389569 5082.7065777
708.186629403 5082.7065777
708.781869238 5082.7065777
709.377109072 5082.7065777
709.972348907 5082.7065777
710.567588741 5082.7065777
711.162828576 5082.7065777
711.75806841 5082.7065777
712.353308245 5082.7065777
712.948548079 5082.7065777
713.543787914 5082.7065777
714.139027748 5082.7065777
714.734267582 5082.7065777
715.329507417 5082.7065777
715.924747251 5082.7065777
716.519987086 5082.7065777
717.11522692 5082.7065777
717.710466755 5082.7065777
718.305706589 5082.7065777
718.900946424 5082.7065777
719.496186258 5082.7065777
720.091426093 5082.7065777
720.686665927 5082.7065777
721.281905762 5082.7065777
721.877145596 5082.7065777
722.472385431 5082.7065777
723.067625265 5082.7065777
723.6628651 5082.7065777
724.258104934 4969.56845657
724.853344769 4969.56845657
725.448584603 4969.56845657
726.043824437 4969.56845657
726.639064272 4969.56845657
727.234304106 4969.56845657
727.829543941 4969.56845657
728.424783775 4969.56845657
729.02002361 4969.56845657
729.615263444 4969.56845657
730.210503279 4969.56845657
730.805743113 4969.56845657
731.400982948 4969.56845657
731.996222782 4969.56845657
732.591462617 4969.56845657
733.186702451 4969.56845657
733.781942286 4969.56845657
734.37718212 4969.56845657
734.972421955 4969.56845657
735.567661789 4969.56845657
736.162901623 4969.56845657
736.758141458 4969.56845657
737.353381292 4969.56845657
737.948621127 4969.56845657
738.543860961 4969.56845657
739.139100796 4969.56845657
739.73434063 4969.56845657
740.329580465 4969.56845657
740.924820299 4969.56845657
741.520060134 4969.56845657
742.115299968 4969.56845657
742.710539803 4969.56845657
743.305779637 4969.56845657
743.901019472 4969.56845657
744.496259306 4969.56845657
745.091499141 4969.56845657
745.686738975 4969.56845657
746.28197881 4969.56845657
746.877218644 4969.56845657
747.472458478 4969.56845657
748.067698313 4969.56845657
748.662938147 4969.56845657
749.258177982 4969.56845657
749.853417816 4969.56845657
750.448657651 4969.56845657
751.043897485 4969.56845657
751.63913732 4969.56845657
752.234377154 4969.56845657
752.829616989 4969.56845657
753.424856823 4969.56845657
754.020096658 4969.56845657
754.615336492 4969.56845657
755.210576327 4969.56845657
755.805816161 4969.56845657
756.401055996 4969.56845657
756.99629583 4969.56845657
757.591535665 4969.56845657
758.186775499 4969.56845657
758.782015333 4969.56845657
759.377255168 4969.56845657
759.972495002 4969.56845657
760.567734837 4969.56845657
761.162974671 4969.56845657
761.758214506 4969.56845657
762.35345434 4567.93485727
762.948694175 4567.93485727
763.543934009 4567.93485727
764.139173844 4567.93485727
764.734413678 4567.93485727
765.329653513 4567.93485727
765.924893347 4567.93485727
766.520133182 4567.93485727
767.115373016 4567.93485727
767.710612851 4567.93485727
768.305852685 4567.93485727
768.901092519 4567.93485727
769.496332354 4567.93485727
770.091572188 4567.93485727
770.686812023 4567.93485727
771.282051857 4567.93485727
771.877291692 4567.93485727
772.472531526 4567.93485727
773.067771361 4567.93485727
773.663011195 4567.93485727
774.25825103 4567.93485727
774.853490864 4567.93485727
775.448730699 4567.93485727
776.043970533 4567.93485727
776.639210368 4567.93485727
777.234450202 4567.93485727
777.829690037 4567.93485727
778.424929871 4567.93485727
779.020169706 4567.93485727
779.61540954 4567.93485727
780.210649374 4567.93485727
780.805889209 4567.93485727
781.401129043 4567.93485727
781.996368878 4567.93485727
782.591608712 4567.93485727
783.186848547 4567.93485727
783.782088381 4567.93485727
784.377328216 4567.93485727
784.97256805 4567.93485727
785.567807885 4567.93485727
786.163047719 4567.93485727
786.758287554 4567.93485727
787.353527388 4567.93485727
787.948767223 4567.93485727
788.544007057 4567.93485727
789.139246892 4567.93485727
789.734486726 4567.93485727
790.32972656 4567.93485727
790.924966395 4567.93485727
791.520206229 4567.93485727
792.115446064 4567.93485727
792.710685898 4567.93485727
793.305925733 4567.93485727
793.901165567 4567.93485727
794.496405402 4567.93485727
795.091645236 4567.93485727
795.686885071 4567.93485727
796.282124905 4567.93485727
796.87736474 4567.93485727
797.472604574 4567.93485727
798.067844409 4567.93485727
798.663084243 4567.93485727
799.258324078 4567.93485727
799.853563912 4567.93485727
800.448803747 3884.33022344
801.044043581 3884.33022344
801.639283415 3884.33022344
802.23452325 3884.33022344
802.829763084 3884.33022344
803.425002919 3884.33022344
804.020242753 3884.33022344
804.615482588 3884.33022344
805.210722422 3884.33022344
805.805962257 3884.33022344
806.401202091 3884.33022344
806.996441926 3884.33022344
807.59168176 3884.33022344
808.186921595 3884.33022344
808.782161429 3884.33022344
809.377401264 3884.33022344
809.972641098 3884.33022344
810.567880933 3884.33022344
811.163120767 3884.33022344
811.758360602 3884.33022344
812.353600436 3884.33022344
812.94884027 3884.33022344
813.544080105 3884.33022344
814.139319939 3884.33022344
814.734559774 3884.33022344
815.329799608 3884.33022344
815.925039443 3884.33022344
816.520279277 3884.33022344
817.115519112 3884.33022344
817.710758946 3884.33022344
818.305998781 3884.33022344
818.901238615 3884.33022344
819.49647845 3884.33022344
820.091718284 3884.33022344
820.686958119 3884.33022344
821.282197953 3884.33022344
821.877437788 3884.33022344
822.472677622 3884.33022344
823.067917456 3884.33022344
823.663157291 3884.33022344
824.258397125 3884.33022344
824.85363696 3884.33022344
825.448876794 3884.33022344
826.044116629 3884.33022344
826.639356463 3884.33022344
827.234596298 3884.33022344
827.829836132 3884.33022344
828.425075967 3884.33022344
829.020315801 3884.33022344
829.615555636 3884.33022344
830.21079547 3884.33022344
830.806035305 3884.33022344
831.401275139 3884.33022344
831.996514974 3884.33022344
832.591754808 3884.33022344
833.186994643 3884.33022344
833.782234477 3884.33022344
834.377474311 3884.33022344
834.972714146 3884.33022344
835.56795398 3884.33022344
836.163193815 3884.33022344
836.758433649 3884.33022344
837.353673484 3884.33022344
837.948913318 3884.33022344
838.544153153 5180.90238607
839.139392987 5180.90238607
839.734632822 5180.90238607
840.329872656 5180.90238607
840.925112491 5180.90238607
841.520352325 5180.90238607
842.11559216 5180.90238607
842.710831994 5180.90238607
843.306071829 5180.90238607
843.901311663 5180.90238607
844.496551498 5180.90238607
845.091791332 5180.90238607
845.687031166 5180.90238607
846.282271001 5180.90238607
846.877510835 5180.90238607
847.47275067 5180.90238607
848.067990504 5180.90238607
848.663230339 5180.90238607
849.258470173 5180.90238607
849.853710008 5180.90238607
850.448949842 5180.90238607
851.044189677 5180.90238607
851.639429511 5180.90238607
852.234669346 5180.90238607
852.82990918 5180.90238607
853.425149015 5180.90238607
854.020388849 5180.90238607
854.615628684 5180.90238607
855.210868518 5180.90238607
855.806108352 5180.90238607
856.401348187 5180.90238607
856.996588021 5180.90238607
857.591827856 5180.90238607
858.18706769 5180.90238607
858.782307525 5180.90238607
859.377547359 5180.90238607
859.972787194 5180.90238607
860.568027028 5180.90238607
861.163266863 5180.90238607
861.758506697 5180.90238607
862.353746532 5180.90238607
862.948986366 5180.90238607
863.544226201 5180.90238607
864.139466035 5180.90238607
864.73470587 5180.90238607
865.329945704 5180.90238607
865.925185539 5180.90238607
866.520425373 5180.90238607
867.115665207 5180.90238607
867.710905042 5180.90238607
868.306144876 5180.90238607
868.901384711 5180.90238607
869.496624545 5180.90238607
870.09186438 5180.90238607
870.687104214 5180.90238607
871.282344049 5180.90238607
871.877583883 5180.90238607
872.472823718 5180.90238607
873.068063552 5180.90238607
873.663303387 5180.90238607
874.258543221 5180.90238607
874.853783056 5180.90238607
875.44902289 5180.90238607
876.044262725 5180.90238607
876.639502559 5180.90238607
877.234742394 5180.90238607
877.829982228 5180.90238607
878.425222062 5180.90238607
879.020461897 5180.90238607
879.615701731 5180.90238607
880.210941566 5180.90238607
880.8061814 5180.90238607
881.401421235 5180.90238607
881.996661069 5180.90238607
882.591900904 5180.90238607
883.187140738 5180.90238607
883.782380573 5180.90238607
884.377620407 5180.90238607
884.972860242 5180.90238607
885.568100076 5180.90238607
886.163339911 5180.90238607
886.758579745 5180.90238607
887.35381958 5180.90238607
887.949059414 5180.90238607
888.544299248 5180.90238607
889.139539083 5180.90238607
889.734778917 5180.90238607
890.330018752 5180.90238607
890.925258586 5180.90238607
891.520498421 5180.90238607
892.115738255 5180.90238607
892.71097809 5180.90238607
893.306217924 5180.90238607
893.901457759 5180.90238607
894.496697593 5180.90238607
895.091937428 5180.90238607
895.687177262 5180.90238607
896.282417097 5180.90238607
896.877656931 5180.90238607
897.472896766 5180.90238607
898.0681366 5180.90238607
898.663376435 5180.90238607
899.258616269 5180.90238607
899.853856103 5180.90238607
900.449095938 5180.90238607
901.044335772 5180.90238607
901.639575607 5180.90238607
902.234815441 5180.90238607
902.830055276 5180.90238607
903.42529511 5180.90238607
904.020534945 5180.90238607
904.615774779 5180.90238607
905.211014614 5180.90238607
905.806254448 5180.90238607
906.401494283 5180.90238607
906.996734117 5180.90238607
907.591973952 5180.90238607
908.187213786 5180.90238607
908.782453621 5180.90238607
909.377693455 5180.90238607
909.97293329 5180.90238607
910.568173124 5180.90238607
911.163412958 5180.90238607
911.758652793 5180.90238607
912.353892627 5180.90238607
912.949132462 5180.90238607
913.544372296 5180.90238607
914.139612131 5180.90238607
914.734851965 4239.73489695
915.3300918 4239.73489695
915.925331634 4239.73489695
916.520571469 4239.73489695
917.115811303 4239.73489695
917.711051138 4239.73489695
918.306290972 4239.73489695
918.901530807 4239.73489695
919.496770641 4239.73489695
920.092010476 4239.73489695
920.68725031 4239.73489695
921.282490144 4239.73489695
921.877729979 4239.73489695
922.472969813 4239.73489695
923.068209648 4239.73489695
923.663449482 4239.73489695
924.258689317 4239.73489695
924.853929151 4239.73489695
925.449168986 4239.73489695
926.04440882 4239.73489695
926.639648655 4239.73489695
927.234888489 4239.73489695
927.830128324 4239.73489695
928.425368158 4239.73489695
929.020607993 4239.73489695
929.615847827 4239.73489695
930.211087662 4239.73489695
930.806327496 4239.73489695
931.401567331 4239.73489695
931.996807165 4239.73489695
932.592046999 4239.73489695
933.187286834 4239.73489695
933.782526668 4239.73489695
934.377766503 4239.73489695
934.973006337 4239.73489695
935.568246172 4239.73489695
936.163486006 4239.73489695
936.758725841 4239.73489695
937.353965675 4239.73489695
937.94920551 4239.73489695
938.544445344 4239.73489695
939.139685179 4239.73489695
939.734925013 4239.73489695
940.330164848 4239.73489695
940.925404682 4239.73489695
941.520644517 4239.73489695
942.115884351 4239.73489695
942.711124185 4239.73489695
943.30636402 4239.73489695
943.901603854 4239.73489695
944.496843689 4239.73489695
945.092083523 4239.73489695
945.687323358 4239.73489695
946.282563192 4239.73489695
946.877803027 4239.73489695
947.473042861 4239.73489695
948.068282696 4239.73489695
948.66352253 4239.73489695
949.258762365 4239.73489695
949.854002199 4239.73489695
950.449242034 4239.73489695
951.044481868 4239.73489695
951.639721703 4239.73489695
952.234961537 4239.73489695
952.830201372 4239.73489695
953.425441206 4239.73489695
954.02068104 4239.73489695
954.615920875 4239.73489695
955.211160709 4239.73489695
955.806400544 4239.73489695
956.401640378 4239.73489695
956.996880213 4239.73489695
957.592120047 4239.73489695
958.187359882 4239.73489695
958.782599716 4239.73489695
959.377839551 4239.73489695
959.973079385 4239.73489695
960.56831922 4239.73489695
961.163559054 4239.73489695
961.758798889 4239.73489695
962.354038723 4239.73489695
962.949278558 4239.73489695
963.544518392 4239.73489695
964.139758227 4239.73489695
964.734998061 4239.73489695
965.330237895 4239.73489695
965.92547773 4239.73489695
966.520717564 4239.73489695
967.115957399 4239.73489695
967.711197233 4239.73489695
968.306437068 4239.73489695
968.901676902 4239.73489695
969.496916737 4239.73489695
970.092156571 4239.73489695
970.687396406 4239.73489695
971.28263624 4239.73489695
971.877876075 4239.73489695
972.473115909 4239.73489695
973.068355744 4239.73489695
973.663595578 4239.73489695
974.258835413 4239.73489695
974.854075247 4239.73489695
975.449315081 4239.73489695
976.044554916 4239.73489695
976.63979475 4239.73489695
977.235034585 4239.73489695
977.830274419 4239.73489695
978.425514254 4239.73489695
979.020754088 4239.73489695
979.615993923 4239.73489695
980.211233757 4239.73489695
980.806473592 4239.73489695
981.401713426 4239.73489695
981.996953261 4239.73489695
982.592193095 4239.73489695
983.18743293 4239.73489695
983.782672764 4239.73489695
984.377912599 4239.73489695
984.973152433 4239.73489695
985.568392268 4239.73489695
986.163632102 4239.73489695
986.758871936 4239.73489695
987.354111771 4239.73489695
987.949351605 4239.73489695
988.54459144 4239.73489695
989.139831274 4239.73489695
989.735071109 4239.73489695
990.330310943 4239.73489695
990.925550778 4239.73489695
991.520790612 4239.73489695
992.116030447 4239.73489695
992.711270281 4239.73489695
993.306510116 4239.73489695
993.90174995 4239.73489695
994.496989785 4239.73489695
995.092229619 4239.73489695
995.687469454 4239.73489695
996.282709288 4239.73489695
996.877949123 4239.73489695
997.473188957 4239.73489695
998.068428791 4239.73489695
998.663668626 4239.73489695
999.25890846 4239.73489695
999.854148295 4239.73489695
1000.44938813 4239.73489695
1001.04462796 4239.73489695
1001.6398678 4239.73489695
1002.23510763 4239.73489695
1002.83034747 4239.73489695
1003.4255873 4239.73489695
1004.02082714 4239.73489695
1004.61606697 4239.73489695
1005.21130681 4239.73489695
1005.80654664 4239.73489695
1006.40178647 4239.73489695
1006.99702631 4239.73489695
1007.59226614 4239.73489695
1008.18750598 4239.73489695
1008.78274581 4239.73489695
1009.37798565 4239.73489695
1009.97322548 4239.73489695
1010.56846532 4239.73489695
1011.16370515 4239.73489695
1011.75894498 4239.73489695
1012.35418482 4239.73489695
1012.94942465 4239.73489695
1013.54466449 4239.73489695
1014.13990432 4239.73489695
1014.73514416 4239.73489695
1015.33038399 4239.73489695
1015.92562383 4239.73489695
1016.52086366 4239.73489695
1017.11610349 4239.73489695
1017.71134333 4239.73489695
1018.30658316 4239.73489695
1018.901823 4239.73489695
1019.49706283 4239.73489695
1020.09230267 4239.73489695
1020.6875425 4239.73489695
1021.28278234 4239.73489695
1021.87802217 4239.73489695
1022.473262 4239.73489695
1023.06850184 4239.73489695
1023.66374167 4239.73489695
1024.25898151 4239.73489695
1024.85422134 4239.73489695
1025.44946118 4239.73489695
1026.04470101 4239.73489695
1026.63994085 4239.73489695
1027.23518068 4239.73489695
1027.83042052 4239.73489695
1028.42566035 4239.73489695
1029.02090018 4239.73489695
1029.61614002 4239.73489695
1030.21137985 4239.73489695
1030.80661969 4239.73489695
1031.40185952 4239.73489695
1031.99709936 4239.73489695
1032.59233919 4239.73489695
1033.18757903 4239.73489695
1033.78281886 4239.73489695
1034.37805869 4239.73489695
1034.97329853 4239.73489695
1035.56853836 4239.73489695
1036.1637782 4239.73489695
1036.75901803 4239.73489695
1037.35425787 4239.73489695
1037.9494977 4239.73489695
1038.54473754 4239.73489695
1039.13997737 4239.73489695
1039.7352172 4239.73489695
1040.33045704 4239.73489695
1040.92569687 4239.73489695
1041.52093671 4239.73489695
1042.11617654 4239.73489695
1042.71141638 4239.73489695
1043.30665621 4239.73489695
1043.90189605 4239.73489695
1044.49713588 4239.73489695
1045.09237571 4239.73489695
1045.68761555 4239.73489695
1046.28285538 4239.73489695
1046.87809522 4239.73489695
1047.47333505 4239.73489695
1048.06857489 4239.73489695
1048.66381472 4239.73489695
1049.25905456 4239.73489695
1049.85429439 4239.73489695
1050.44953423 4239.73489695
1051.04477406 4239.73489695
1051.64001389 4239.73489695
1052.23525373 4239.73489695
1052.83049356 4239.73489695
1053.4257334 4239.73489695
1054.02097323 4239.73489695
1054.61621307 4239.73489695
1055.2114529 4239.73489695
1055.80669274 4239.73489695
1056.40193257 4239.73489695
1056.9971724 4239.73489695
1057.59241224 4239.73489695
1058.18765207 4239.73489695
1058.78289191 4239.73489695
1059.37813174 4239.73489695
1059.97337158 4239.73489695
1060.56861141 4239.73489695
1061.16385125 4239.73489695
1061.75909108 4239.73489695
1062.35433091 4239.73489695
1062.94957075 4239.73489695
1063.54481058 4239.73489695
1064.14005042 4239.73489695
1064.73529025 4239.73489695
1065.33053009 4239.73489695
1065.92576992 4239.73489695
1066.52100976 4239.73489695
1067.11624959 4239.73489695
1067.71148942 4239.73489695
1068.30672926 4239.73489695
1068.90196909 4239.73489695
1069.49720893 4239.73489695
1070.09244876 4239.73489695
1070.6876886 4239.73489695
1071.28292843 4239.73489695
1071.87816827 4239.73489695
1072.4734081 4239.73489695
1073.06864794 4239.73489695
1073.66388777 4239.73489695
1074.2591276 4239.73489695
1074.85436744 4239.73489695
1075.44960727 4239.73489695
1076.04484711 4239.73489695
1076.64008694 4239.73489695
1077.23532678 4239.73489695
1077.83056661 4239.73489695
1078.42580645 4239.73489695
1079.02104628 4239.73489695
1079.61628611 4239.73489695
1080.21152595 4239.73489695
1080.80676578 4239.73489695
1081.40200562 4239.73489695
1081.99724545 4239.73489695
1082.59248529 4239.73489695
1083.18772512 4239.73489695
1083.78296496 4239.73489695
1084.37820479 4239.73489695
1084.97344462 4239.73489695
1085.56868446 4239.73489695
1086.16392429 4239.73489695
1086.75916413 4239.73489695
1087.35440396 4239.73489695
1087.9496438 4239.73489695
1088.54488363 4239.73489695
1089.14012347 4239.73489695
1089.7353633 4239.73489695
1090.33060313 4239.73489695
1090.92584297 4239.73489695
1091.5210828 4239.73489695
1092.11632264 4239.73489695
1092.71156247 4239.73489695
1093.30680231 4239.73489695
1093.90204214 4239.73489695
1094.49728198 4239.73489695
1095.09252181 4239.73489695
1095.68776164 4239.73489695
1096.28300148 4239.73489695
1096.87824131 4239.73489695
1097.47348115 4239.73489695
1098.06872098 4239.73489695
1098.66396082 4239.73489695
1099.25920065 4239.73489695
1099.85444049 4239.73489695
1100.44968032 4239.73489695
1101.04492016 4239.73489695
1101.64015999 4239.73489695
1102.23539982 4239.73489695
1102.83063966 4239.73489695
1103.42587949 4239.73489695
1104.02111933 4239.73489695
1104.61635916 4239.73489695
1105.211599 4239.73489695
1105.80683883 4239.73489695
1106.40207867 4239.73489695
1106.9973185 4239.73489695
1107.59255833 4239.73489695
1108.18779817 4239.73489695
1108.783038 4239.73489695
1109.37827784 4239.73489695
1109.97351767 4239.73489695
1110.56875751 4239.73489695
1111.16399734 4239.73489695
1111.75923718 4239.73489695
1112.35447701 4239.73489695
1112.94971684 4239.73489695
1113.54495668 4239.73489695
1114.14019651 4239.73489695
1114.73543635 4239.73489695
1115.33067618 4239.73489695
1115.92591602 4239.73489695
1116.52115585 4239.73489695
1117.11639569 4239.73489695
1117.71163552 4239.73489695
1118.30687535 4239.73489695
1118.90211519 4239.73489695
1119.49735502 4239.73489695
1120.09259486 4239.73489695
1120.68783469 4239.73489695
1121.28307453 4239.73489695
1121.87831436 4239.73489695
1122.4735542 4239.73489695
1123.06879403 4239.73489695
1123.66403387 4239.73489695
1124.2592737 4239.73489695
1124.85451353 4239.73489695
1125.44975337 4239.73489695
1126.0449932 4239.73489695
1126.64023304 4239.73489695
1127.23547287 4239.73489695
1127.83071271 4239.73489695
1128.42595254 4239.73489695
1129.02119238 4239.73489695
1129.61643221 4239.73489695
1130.21167204 4239.73489695
1130.80691188 4239.73489695
1131.40215171 4239.73489695
1131.99739155 4239.73489695
1132.59263138 4239.73489695
1133.18787122 4239.73489695
1133.78311105 4239.73489695
1134.37835089 4239.73489695
1134.97359072 4239.73489695
1135.56883055 4239.73489695
1136.16407039 4239.73489695
1136.75931022 4239.73489695
1137.35455006 4239.73489695
1137.94978989 4239.73489695
1138.54502973 4239.73489695
1139.14026956 4239.73489695
1139.7355094 4239.73489695
1140.33074923 4239.73489695
1140.92598906 4239.73489695
1141.5212289 4239.73489695
1142.11646873 4239.73489695
1142.71170857 4239.73489695
1143.3069484 4239.73489695
1143.90218824 4239.73489695
1144.49742807 4239.73489695
1145.09266791 4239.73489695
1145.68790774 4239.73489695
1146.28314758 4239.73489695
1146.87838741 4239.73489695
1147.47362724 4239.73489695
1148.06886708 4239.73489695
1148.66410691 4239.73489695
1149.25934675 4239.73489695
1149.85458658 4239.73489695
1150.44982642 4239.73489695
1151.04506625 4239.73489695
1151.64030609 4239.73489695
1152.23554592 4239.73489695
1152.83078575 4239.73489695
1153.42602559 4239.73489695
1154.02126542 4239.73489695
1154.61650526 4239.73489695
1155.21174509 4239.73489695
1155.80698493 4239.73489695
1156.40222476 4239.73489695
1156.9974646 4239.73489695
1157.59270443 4239.73489695
1158.18794426 4239.73489695
1158.7831841 4239.73489695
1159.37842393 4239.73489695
1159.97366377 4239.73489695
1160.5689036 4239.73489695
1161.16414344 4239.73489695
1161.75938327 4239.73489695
1162.35462311 4239.73489695
1162.94986294 4239.73489695
1163.54510277 4239.73489695
1164.14034261 4239.73489695
1164.73558244 4239.73489695
1165.33082228 4239.73489695
1165.92606211 4239.73489695
1166.52130195 4239.73489695
1167.11654178 4239.73489695
1167.71178162 4239.73489695
1168.30702145 4239.73489695
1168.90226129 4239.73489695
1169.49750112 4239.73489695
1170.09274095 4239.73489695
1170.68798079 4239.73489695
1171.28322062 4239.73489695
1171.87846046 4239.73489695
1172.47370029 4239.73489695
1173.06894013 4239.73489695
1173.66417996 4239.73489695
1174.2594198 4239.73489695
1174.85465963 4239.73489695
1175.44989946 4239.73489695
1176.0451393 4239.73489695
1176.64037913 4239.73489695
1177.23561897 4239.73489695
1177.8308588 4239.73489695
1178.42609864 4239.73489695
1179.02133847 4239.73489695
1179.61657831 4239.73489695
1180.21181814 4239.73489695
1180.80705797 4239.73489695
1181.40229781 4239.73489695
1181.99753764 4239.73489695
1182.59277748 4239.73489695
1183.18801731 4239.73489695
1183.78325715 4239.73489695
1184.37849698 4239.73489695
1184.97373682 4239.73489695
1185.56897665 4239.73489695
1186.16421648 4239.73489695
1186.75945632 4239.73489695
1187.35469615 4239.73489695
1187.94993599 4239.73489695
1188.54517582 4239.73489695
1189.14041566 4239.73489695
1189.73565549 4239.73489695
1190.33089533 4239.73489695
1190.92613516 4239.73489695
1191.521375 4239.73489695
1192.11661483 4239.73489695
1192.71185466 4239.73489695
1193.3070945 4239.73489695
1193.90233433 4239.73489695
1194.49757417 4239.73489695
1195.092814 4239.73489695
1195.68805384 4239.73489695
1196.28329367 4239.73489695
1196.87853351 4239.73489695
1197.47377334 4239.73489695
1198.06901317 4239.73489695
1198.66425301 4239.73489695
1199.25949284 4239.73489695
1199.85473268 4239.73489695
1200.44997251 4239.73489695
1201.04521235 4239.73489695
1201.64045218 4239.73489695
1202.23569202 4239.73489695
1202.83093185 4239.73489695
1203.42617168 4239.73489695
1204.02141152 4239.73489695
1204.61665135 4239.73489695
1205.21189119 4239.73489695
1205.80713102 4239.73489695
1206.40237086 4239.73489695
1206.99761069 4239.73489695
1207.59285053 4239.73489695
1208.18809036 4239.73489695
1208.78333019 4239.73489695
1209.37857003 4239.73489695
1209.97380986 4239.73489695
1210.5690497 4239.73489695
1211.16428953 4239.73489695
1211.75952937 4239.73489695
1212.3547692 4239.73489695
1212.95000904 4239.73489695
1213.54524887 4239.73489695
1214.14048871 4239.73489695
1214.73572854 4239.73489695
1215.33096837 4239.73489695
1215.92620821 4239.73489695
1216.52144804 4239.73489695
1217.11668788 4239.73489695
1217.71192771 4239.73489695
1218.30716755 4239.73489695
1218.90240738 4239.73489695
