0.446466215283 3027.40029409
1.04170604976 3027.40029409
1.63694588423 3027.40029409
2.2321857187 3027.40029409
2.82742555317 3027.40029409
3.42266538765 3027.40029409
4.01790522212 3027.40029409
4.61314505659 3027.40029409
5.20838489106 3027.40029409
5.80362472554 3027.40029409
6.39886456001 3027.40029409
6.99410439448 3027.40029409
7.58934422895 3027.40029409
8.18458406343 3027.40029409
8.7798238979 3027.40029409
9.37506373237 3027.40029409
9.97030356685 3027.40029409
10.5655434013 3027.40029409
11.1607832358 3027.40029409
11.7560230703 3027.40029409
12.3512629047 3027.40029409
12.9465027392 3027.40029409
13.5417425737 3027.40029409
14.1369824082 3027.40029409
14.7322222426 3027.40029409
15.3274620771 3027.40029409
15.9227019116 3027.40029409
16.517941746 3027.40029409
17.1131815805 3027.40029409
17.708421415 3027.40029409
18.3036612495 3027.40029409
18.8989010839 3027.40029409
19.4941409184 3027.40029409
20.0893807529 3027.40029409
20.6846205874 3027.40029409
21.2798604218 3027.40029409
21.8751002563 3027.40029409
22.4703400908 3027.40029409
23.0655799252 3027.40029409
23.6608197597 3027.40029409
24.2560595942 3027.40029409
24.8512994287 3027.40029409
25.4465392631 3027.40029409
26.0417790976 3027.40029409
26.6370189321 3027.40029409
27.2322587666 3027.40029409
27.827498601 3027.40029409
28.4227384355 3027.40029409
29.01797827 3027.40029409
29.6132181044 3027.40029409
30.2084579389 3027.40029409
30.8036977734 3027.40029409
31.3989376079 3027.40029409
31.9941774423 3027.40029409
32.5894172768 3027.40029409
33.1846571113 3027.40029409
33.7798969458 3027.40029409
34.3751367802 3027.40029409
34.9703766147 3027.40029409
35.5656164492 3027.40029409
36.1608562836 3027.40029409
36.7560961181 3027.40029409
37.3513359526 3027.40029409
37.9465757871 3027.40029409
38.5418156215 3027.40029409
39.137055456 3027.40029409
39.7322952905 3027.40029409
40.327535125 3027.40029409
40.9227749594 3027.40029409
41.5180147939 3027.40029409
42.1132546284 3027.40029409
42.7084944628 3027.40029409
43.3037342973 3027.40029409
43.8989741318 3027.40029409
44.4942139663 3027.40029409
45.0894538007 3027.40029409
45.6846936352 3027.40029409
46.2799334697 3027.40029409
46.8751733041 3027.40029409
47.4704131386 3027.40029409
48.0656529731 3027.40029409
48.6608928076 3027.40029409
49.256132642 3027.40029409
49.8513724765 3027.40029409
50.446612311 3027.40029409
51.0418521455 3027.40029409
51.6370919799 3027.40029409
52.2323318144 3027.40029409
52.8275716489 3027.40029409
53.4228114833 3027.40029409
54.0180513178 3027.40029409
54.6132911523 3027.40029409
55.2085309868 3027.40029409
55.8037708212 3027.40029409
56.3990106557 3027.40029409
56.9942504902 3027.40029409
57.5894903247 3027.40029409
58.1847301591 3027.40029409
58.7799699936 3027.40029409
59.3752098281 3027.40029409
59.9704496625 3027.40029409
60.565689497 3027.40029409
61.1609293315 3027.40029409
61.756169166 3027.40029409
62.3514090004 3027.40029409
62.9466488349 3027.40029409
63.5418886694 3027.40029409
64.1371285039 3027.40029409
64.7323683383 3027.40029409
65.3276081728 3027.40029409
65.9228480073 3027.40029409
66.5180878417 3027.40029409
67.1133276762 3027.40029409
67.7085675107 3027.40029409
68.3038073452 3027.40029409
68.8990471796 3027.40029409
69.4942870141 3027.40029409
70.0895268486 3027.40029409
70.6847666831 3027.40029409
71.2800065175 3027.40029409
71.875246352 3027.40029409
72.4704861865 3027.40029409
73.0657260209 3027.40029409
73.6609658554 3027.40029409
74.2562056899 3027.40029409
74.8514455244 3027.40029409
75.4466853588 3027.40029409
76.0419251933 3027.40029409
76.6371650278 3027.40029409
77.2324048623 3027.40029409
77.8276446967 3027.40029409
78.4228845312 3027.40029409
79.0181243657 3027.40029409
79.6133642001 3027.40029409
80.2086040346 3027.40029409
80.8038438691 3027.40029409
81.3990837036 3027.40029409
81.994323538 3027.40029409
82.5895633725 3027.40029409
83.184803207 3027.40029409
83.7800430415 3027.40029409
84.3752828759 3027.40029409
84.9705227104 3027.40029409
85.5657625449 3027.40029409
86.1610023793 3027.40029409
86.7562422138 3027.40029409
87.3514820483 3027.40029409
87.9467218828 3027.40029409
88.5419617172 3027.40029409
89.1372015517 3027.40029409
89.7324413862 3027.40029409
90.3276812207 3027.40029409
90.9229210551 3027.40029409
91.5181608896 3027.40029409
92.1134007241 3027.40029409
92.7086405585 3027.40029409
93.303880393 3027.40029409
93.8991202275 3027.40029409
94.494360062 3027.40029409
95.0895998964 3027.40029409
95.6848397309 3027.40029409
96.2800795654 3027.40029409
96.8753193999 3027.40029409
97.4705592343 3027.40029409
98.0657990688 3027.40029409
98.6610389033 3027.40029409
99.2562787377 3027.40029409
99.8515185722 3027.40029409
100.446758407 3027.40029409
101.041998241 3027.40029409
101.637238076 3027.40029409
102.23247791 3027.40029409
102.827717745 3027.40029409
103.422957579 3027.40029409
104.018197414 3027.40029409
104.613437248 3027.40029409
105.208677082 3027.40029409
105.803916917 3027.40029409
106.399156751 3027.40029409
106.994396586 3027.40029409
107.58963642 3027.40029409
108.184876255 3027.40029409
108.780116089 3027.40029409
109.375355924 3027.40029409
109.970595758 3027.40029409
110.565835593 3027.40029409
111.161075427 3027.40029409
111.756315262 3027.40029409
112.351555096 3027.40029409
112.946794931 3027.40029409
113.542034765 3027.40029409
114.1372746 3027.40029409
114.732514434 3027.40029409
115.327754269 3027.40029409
115.922994103 3027.40029409
116.518233937 3027.40029409
117.113473772 3027.40029409
117.708713606 3027.40029409
118.303953441 3027.40029409
118.899193275 3027.40029409
119.49443311 3027.40029409
120.089672944 3027.40029409
120.684912779 3027.40029409
121.280152613 3027.40029409
121.875392448 3027.40029409
122.470632282 3027.40029409
123.065872117 3027.40029409
123.661111951 3027.40029409
124.256351786 3027.40029409
124.85159162 3027.40029409
125.446831455 3027.40029409
126.042071289 3027.40029409
126.637311123 3027.40029409
127.232550958 3027.40029409
127.827790792 3027.40029409
128.423030627 3027.40029409
129.018270461 3027.40029409
129.613510296 3027.40029409
130.20875013 3027.40029409
130.803989965 3027.40029409
131.399229799 3027.40029409
131.994469634 3027.40029409
132.589709468 3027.40029409
133.184949303 3027.40029409
133.780189137 3027.40029409
134.375428972 3027.40029409
134.970668806 3027.40029409
135.565908641 3027.40029409
136.161148475 3027.40029409
136.75638831 3027.40029409
137.351628144 3027.40029409
137.946867978 3027.40029409
138.542107813 3027.40029409
139.137347647 3027.40029409
139.732587482 3027.40029409
140.327827316 3027.40029409
140.923067151 3027.40029409
141.518306985 3027.40029409
142.11354682 3027.40029409
142.708786654 3027.40029409
143.304026489 3027.40029409
143.899266323 3027.40029409
144.494506158 3027.40029409
145.089745992 3027.40029409
145.684985827 3027.40029409
146.280225661 3027.40029409
146.875465496 3027.40029409
147.47070533 3027.40029409
148.065945165 3027.40029409
148.661184999 3027.40029409
149.256424833 3027.40029409
149.851664668 3027.40029409
150.446904502 3027.40029409
151.042144337 3027.40029409
151.637384171 3027.40029409
152.232624006 3027.40029409
152.82786384 3027.40029409
153.423103675 3027.40029409
154.018343509 3027.40029409
154.613583344 3027.40029409
155.208823178 3027.40029409
155.804063013 3027.40029409
156.399302847 3027.40029409
156.994542682 3027.40029409
157.589782516 3027.40029409
158.185022351 3027.40029409
158.780262185 3027.40029409
159.375502019 3027.40029409
159.970741854 3027.40029409
160.565981688 3027.40029409
161.161221523 3027.40029409
161.756461357 3027.40029409
162.351701192 3027.40029409
162.946941026 3027.40029409
163.542180861 3027.40029409
164.137420695 3027.40029409
164.73266053 3027.40029409
165.327900364 3027.40029409
165.923140199 3027.40029409
166.518380033 3027.40029409
167.113619868 3027.40029409
167.708859702 3027.40029409
168.304099537 3027.40029409
168.899339371 3027.40029409
169.494579206 3027.40029409
170.08981904 3027.40029409
170.685058874 3027.40029409
171.280298709 3027.40029409
171.875538543 3027.40029409
172.470778378 3027.40029409
173.066018212 3027.40029409
173.661258047 3027.40029409
174.256497881 3027.40029409
174.851737716 3027.40029409
175.44697755 3027.40029409
176.042217385 3027.40029409
176.637457219 3027.40029409
177.232697054 3027.40029409
177.827936888 3027.40029409
178.423176723 3027.40029409
179.018416557 3027.40029409
179.613656392 3027.40029409
180.208896226 3027.40029409
180.80413606 3027.40029409
181.399375895 3027.40029409
181.994615729 3027.40029409
182.589855564 3027.40029409
183.185095398 3027.40029409
183.780335233 3027.40029409
184.375575067 3027.40029409
184.970814902 3027.40029409
185.566054736 3027.40029409
186.161294571 3027.40029409
186.756534405 3027.40029409
187.35177424 3027.40029409
187.947014074 3027.40029409
188.542253909 3027.40029409
189.137493743 3027.40029409
189.732733578 3027.40029409
190.327973412 3027.40029409
190.923213247 3027.40029409
191.518453081 3027.40029409
192.113692915 3027.40029409
192.70893275 3027.40029409
193.304172584 3027.40029409
193.899412419 3027.40029409
194.494652253 3027.40029409
195.089892088 3027.40029409
195.685131922 3027.40029409
196.280371757 3027.40029409
196.875611591 3027.40029409
197.470851426 3027.40029409
198.06609126 3027.40029409
198.661331095 3027.40029409
199.256570929 3027.40029409
199.851810764 3027.40029409
200.447050598 3027.40029409
201.042290433 3027.40029409
201.637530267 3027.40029409
202.232770102 3027.40029409
202.828009936 3027.40029409
203.42324977 3027.40029409
204.018489605 3027.40029409
204.613729439 3027.40029409
205.208969274 3027.40029409
205.804209108 3027.40029409
206.399448943 3027.40029409
206.994688777 3027.40029409
207.589928612 3027.40029409
208.185168446 3027.40029409
208.780408281 3027.40029409
209.375648115 3027.40029409
209.97088795 3027.40029409
210.566127784 3027.40029409
211.161367619 3027.40029409
211.756607453 3027.40029409
212.351847288 3027.40029409
212.947087122 3027.40029409
213.542326956 3027.40029409
214.137566791 3027.40029409
214.732806625 3027.40029409
215.32804646 3027.40029409
215.923286294 3027.40029409
216.518526129 3027.40029409
217.113765963 3027.40029409
217.709005798 3027.40029409
218.304245632 3027.40029409
218.899485467 3027.40029409
219.494725301 3027.40029409
220.089965136 3027.40029409
220.68520497 3027.40029409
221.280444805 3027.40029409
221.875684639 3027.40029409
222.470924474 3027.40029409
223.066164308 3027.40029409
223.661404143 3027.40029409
224.256643977 3027.40029409
224.851883811 3027.40029409
225.447123646 3027.40029409
226.04236348 3027.40029409
226.637603315 3027.40029409
227.232843149 3027.40029409
227.828082984 3027.40029409
228.423322818 3027.40029409
229.018562653 3027.40029409
229.613802487 3027.40029409
230.209042322 3027.40029409
230.804282156 3027.40029409
231.399521991 3027.40029409
231.994761825 3027.40029409
232.59000166 3027.40029409
233.185241494 3027.40029409
233.780481329 3027.40029409
234.375721163 3027.40029409
234.970960998 3027.40029409
235.566200832 3027.40029409
236.161440666 3027.40029409
236.756680501 3027.40029409
237.351920335 3027.40029409
237.94716017 3027.40029409
238.542400004 3027.40029409
239.137639839 3027.40029409
239.732879673 3027.40029409
240.328119508 3027.40029409
240.923359342 3027.40029409
241.518599177 3027.40029409
242.113839011 3027.40029409
242.709078846 3027.40029409
243.30431868 3027.40029409
243.899558515 3027.40029409
244.494798349 3027.40029409
245.090038184 3027.40029409
245.685278018 3027.40029409
246.280517852 3027.40029409
246.875757687 3027.40029409
247.470997521 3027.40029409
248.066237356 3027.40029409
248.66147719 3027.40029409
249.256717025 3027.40029409
249.851956859 3027.40029409
250.447196694 3027.40029409
251.042436528 3027.40029409
251.637676363 3027.40029409
252.232916197 3027.40029409
252.828156032 3027.40029409
253.423395866 3027.40029409
254.018635701 3027.40029409
254.613875535 3027.40029409
255.20911537 3027.40029409
255.804355204 3027.40029409
256.399595039 3027.40029409
256.994834873 3027.40029409
257.590074707 3027.40029409
258.185314542 3027.40029409
258.780554376 3027.40029409
259.375794211 3027.40029409
259.971034045 3027.40029409
260.56627388 3027.40029409
261.161513714 3027.40029409
261.756753549 3027.40029409
262.351993383 3027.40029409
262.947233218 3027.40029409
263.542473052 3027.40029409
264.137712887 3027.40029409
264.732952721 3027.40029409
265.328192556 3027.40029409
265.92343239 3027.40029409
266.518672225 3027.40029409
267.113912059 3027.40029409
267.709151894 3027.40029409
268.304391728 3027.40029409
268.899631562 3027.40029409
269.494871397 3027.40029409
270.090111231 3027.40029409
270.685351066 3027.40029409
271.2805909 3027.40029409
271.875830735 3027.40029409
272.471070569 3027.40029409
273.066310404 3027.40029409
273.661550238 3027.40029409
274.256790073 3027.40029409
274.852029907 3027.40029409
275.447269742 3027.40029409
276.042509576 3027.40029409
276.637749411 3027.40029409
277.232989245 3027.40029409
277.82822908 3027.40029409
278.423468914 3027.40029409
279.018708748 3027.40029409
279.613948583 3027.40029409
280.209188417 3027.40029409
280.804428252 3027.40029409
281.399668086 3027.40029409
281.994907921 3027.40029409
282.590147755 3027.40029409
283.18538759 3027.40029409
283.780627424 3027.40029409
284.375867259 3027.40029409
284.971107093 3027.40029409
285.566346928 3027.40029409
286.161586762 3027.40029409
286.756826597 3027.40029409
287.352066431 3027.40029409
287.947306266 3027.40029409
288.5425461 3027.40029409
289.137785935 3027.40029409
289.733025769 3027.40029409
290.328265603 3027.40029409
290.923505438 3027.40029409
291.518745272 3027.40029409
292.113985107 3027.40029409
292.709224941 3027.40029409
293.304464776 3027.40029409
293.89970461 3027.40029409
294.494944445 3027.40029409
295.090184279 3027.40029409
295.685424114 3027.40029409
296.280663948 3027.40029409
296.875903783 3027.40029409
297.471143617 3027.40029409
298.066383452 3027.40029409
298.661623286 3027.40029409
299.256863121 3027.40029409
299.852102955 3027.40029409
300.44734279 3027.40029409
301.042582624 3027.40029409
301.637822458 3027.40029409
302.233062293 3027.40029409
302.828302127 3027.40029409
303.423541962 3027.40029409
304.018781796 3027.40029409
304.614021631 3027.40029409
305.209261465 4436.69998772
305.8045013 4436.69998772
306.399741134 4436.69998772
306.994980969 4436.69998772
307.590220803 4436.69998772
308.185460638 4436.69998772
308.780700472 4436.69998772
309.375940307 4436.69998772
309.971180141 4436.69998772
310.566419976 4436.69998772
311.16165981 4436.69998772
311.756899644 4436.69998772
312.352139479 4436.69998772
312.947379313 4436.69998772
313.542619148 4436.69998772
314.137858982 4436.69998772
314.733098817 4436.69998772
315.328338651 4436.69998772
315.923578486 4436.69998772
316.51881832 4436.69998772
317.114058155 4436.69998772
317.709297989 4436.69998772
318.304537824 4436.69998772
318.899777658 4436.69998772
319.495017493 4436.69998772
320.090257327 4436.69998772
320.685497162 4436.69998772
321.280736996 4436.69998772
321.875976831 4436.69998772
322.471216665 4436.69998772
323.066456499 4436.69998772
323.661696334 4436.69998772
324.256936168 4436.69998772
324.852176003 4436.69998772
325.447415837 4436.69998772
326.042655672 4436.69998772
326.637895506 4436.69998772
327.233135341 4436.69998772
327.828375175 4436.69998772
328.42361501 4436.69998772
329.018854844 4436.69998772
329.614094679 4436.69998772
330.209334513 4436.69998772
330.804574348 4436.69998772
331.399814182 4436.69998772
331.995054017 4436.69998772
332.590293851 4436.69998772
333.185533685 4436.69998772
333.78077352 4436.69998772
334.376013354 4436.69998772
334.971253189 4436.69998772
335.566493023 4436.69998772
336.161732858 4436.69998772
336.756972692 4436.69998772
337.352212527 4436.69998772
337.947452361 4436.69998772
338.542692196 4436.69998772
339.13793203 4436.69998772
339.733171865 4436.69998772
340.328411699 4436.69998772
340.923651534 4436.69998772
341.518891368 4436.69998772
342.114131203 4436.69998772
342.709371037 4436.69998772
343.304610872 4436.69998772
343.899850706 4436.69998772
344.49509054 4436.69998772
345.090330375 4436.69998772
345.685570209 4436.69998772
346.280810044 4436.69998772
346.876049878 4436.69998772
347.471289713 4436.69998772
348.066529547 4436.69998772
348.661769382 4436.69998772
349.257009216 4436.69998772
349.852249051 4436.69998772
350.447488885 4436.69998772
351.04272872 4436.69998772
351.637968554 4436.69998772
352.233208389 4436.69998772
352.828448223 4436.69998772
353.423688058 4436.69998772
354.018927892 4436.69998772
354.614167727 4436.69998772
355.209407561 4436.69998772
355.804647395 4436.69998772
356.39988723 4436.69998772
356.995127064 4436.69998772
357.590366899 4436.69998772
358.185606733 4436.69998772
358.780846568 4436.69998772
359.376086402 4436.69998772
359.971326237 4436.69998772
360.566566071 4436.69998772
361.161805906 4436.69998772
361.75704574 4436.69998772
362.352285575 4436.69998772
362.947525409 4436.69998772
363.542765244 4436.69998772
364.138005078 4436.69998772
364.733244913 4436.69998772
365.328484747 4436.69998772
365.923724581 4436.69998772
366.518964416 4436.69998772
367.11420425 4436.69998772
367.709444085 4436.69998772
368.304683919 4436.69998772
368.899923754 4436.69998772
369.495163588 4436.69998772
370.090403423 4436.69998772
370.685643257 4436.69998772
371.280883092 4436.69998772
371.876122926 4436.69998772
372.471362761 4436.69998772
373.066602595 4436.69998772
373.66184243 4436.69998772
374.257082264 4436.69998772
374.852322099 4436.69998772
375.447561933 4436.69998772
376.042801768 4436.69998772
376.638041602 4436.69998772
377.233281436 4436.69998772
377.828521271 4436.69998772
378.423761105 4436.69998772
379.01900094 4436.69998772
379.614240774 4436.69998772
380.209480609 4436.69998772
380.804720443 4436.69998772
381.399960278 4436.69998772
381.995200112 4436.69998772
382.590439947 4436.69998772
383.185679781 4436.69998772
383.780919616 4436.69998772
384.37615945 4436.69998772
384.971399285 4436.69998772
385.566639119 4436.69998772
386.161878954 4436.69998772
386.757118788 4436.69998772
387.352358623 4436.69998772
387.947598457 4436.69998772
388.542838291 4436.69998772
389.138078126 4436.69998772
389.73331796 4436.69998772
390.328557795 4436.69998772
390.923797629 4436.69998772
391.519037464 4436.69998772
392.114277298 4436.69998772
392.709517133 4436.69998772
393.304756967 4436.69998772
393.899996802 4436.69998772
394.495236636 4436.69998772
395.090476471 4436.69998772
395.685716305 4436.69998772
396.28095614 4436.69998772
396.876195974 4436.69998772
397.471435809 4436.69998772
398.066675643 4436.69998772
398.661915477 4436.69998772
399.257155312 4436.69998772
399.852395146 4436.69998772
400.447634981 4436.69998772
401.042874815 4436.69998772
401.63811465 4436.69998772
402.233354484 4436.69998772
402.828594319 4436.69998772
403.423834153 4436.69998772
404.019073988 4436.69998772
404.614313822 4436.69998772
405.209553657 4436.69998772
405.804793491 4436.69998772
406.400033326 4436.69998772
406.99527316 4436.69998772
407.590512995 4436.69998772
408.185752829 4436.69998772
408.780992664 4436.69998772
409.376232498 4436.69998772
409.971472332 4436.69998772
410.566712167 4436.69998772
411.161952001 4436.69998772
411.757191836 4436.69998772
412.35243167 4436.69998772
412.947671505 4436.69998772
413.542911339 4436.69998772
414.138151174 4436.69998772
414.733391008 4436.69998772
415.328630843 4436.69998772
415.923870677 4436.69998772
416.519110512 4436.69998772
417.114350346 4436.69998772
417.709590181 4436.69998772
418.304830015 4436.69998772
418.90006985 4436.69998772
419.495309684 4436.69998772
420.090549519 4436.69998772
420.685789353 4436.69998772
421.281029187 4436.69998772
421.876269022 4436.69998772
422.471508856 4436.69998772
423.066748691 4436.69998772
423.661988525 4436.69998772
424.25722836 4436.69998772
424.852468194 4436.69998772
425.447708029 4436.69998772
426.042947863 4436.69998772
426.638187698 4436.69998772
427.233427532 4436.69998772
427.828667367 4436.69998772
428.423907201 4436.69998772
429.019147036 4436.69998772
429.61438687 4436.69998772
430.209626705 4436.69998772
430.804866539 4436.69998772
431.400106373 4436.69998772
431.995346208 4436.69998772
432.590586042 4436.69998772
433.185825877 4436.69998772
433.781065711 4436.69998772
434.376305546 4436.69998772
434.97154538 4436.69998772
435.566785215 4436.69998772
436.162025049 4436.69998772
436.757264884 4436.69998772
437.352504718 4436.69998772
437.947744553 4436.69998772
438.542984387 4436.69998772
439.138224222 4436.69998772
439.733464056 4436.69998772
440.328703891 4436.69998772
440.923943725 4436.69998772
441.51918356 4436.69998772
442.114423394 4436.69998772
442.709663228 4436.69998772
443.304903063 4436.69998772
443.900142897 4436.69998772
444.495382732 4436.69998772
445.090622566 4436.69998772
445.685862401 4436.69998772
446.281102235 4436.69998772
446.87634207 4436.69998772
447.471581904 4436.69998772
448.066821739 4436.69998772
448.662061573 4436.69998772
449.257301408 4436.69998772
449.852541242 4436.69998772
450.447781077 4436.69998772
451.043020911 4436.69998772
451.638260746 4436.69998772
452.23350058 4436.69998772
452.828740415 4436.69998772
453.423980249 4436.69998772
454.019220083 4436.69998772
454.614459918 4436.69998772
455.209699752 4436.69998772
455.804939587 4436.69998772
456.400179421 4436.69998772
456.995419256 4436.69998772
457.59065909 4103.84635635
458.185898925 4103.84635635
458.781138759 4103.84635635
459.376378594 4103.84635635
459.971618428 4103.84635635
460.566858263 4103.84635635
461.162098097 4103.84635635
461.757337932 4103.84635635
462.352577766 4103.84635635
462.947817601 4103.84635635
463.543057435 4103.84635635
464.138297269 4103.84635635
464.733537104 4103.84635635
465.328776938 4103.84635635
465.924016773 4103.84635635
466.519256607 4103.84635635
467.114496442 4103.84635635
467.709736276 4103.84635635
468.304976111 4103.84635635
468.900215945 4103.84635635
469.49545578 4103.84635635
470.090695614 4103.84635635
470.685935449 4103.84635635
471.281175283 4103.84635635
471.876415118 4103.84635635
472.471654952 4103.84635635
473.066894787 4103.84635635
473.662134621 4103.84635635
474.257374456 4103.84635635
474.85261429 4103.84635635
475.447854124 4103.84635635
476.043093959 4103.84635635
476.638333793 4103.84635635
477.233573628 4103.84635635
477.828813462 4103.84635635
478.424053297 4103.84635635
479.019293131 4103.84635635
479.614532966 4103.84635635
480.2097728 4103.84635635
480.805012635 4103.84635635
481.400252469 4103.84635635
481.995492304 4103.84635635
482.590732138 4103.84635635
483.185971973 4103.84635635
483.781211807 4103.84635635
484.376451642 4103.84635635
484.971691476 4103.84635635
485.56693131 4103.84635635
486.162171145 4103.84635635
486.757410979 4103.84635635
487.352650814 4103.84635635
487.947890648 4103.84635635
488.543130483 4103.84635635
489.138370317 4103.84635635
489.733610152 4103.84635635
490.328849986 4103.84635635
490.924089821 4103.84635635
491.519329655 4103.84635635
492.11456949 4103.84635635
492.709809324 4103.84635635
493.305049159 4103.84635635
493.900288993 4103.84635635
494.495528828 4103.84635635
495.090768662 4103.84635635
495.686008497 4103.84635635
496.281248331 4103.84635635
496.876488165 4103.84635635
497.471728 4103.84635635
498.066967834 4103.84635635
498.662207669 4103.84635635
499.257447503 4103.84635635
499.852687338 4103.84635635
500.447927172 4103.84635635
501.043167007 4103.84635635
501.638406841 4103.84635635
502.233646676 4103.84635635
502.82888651 4103.84635635
503.424126345 4103.84635635
504.019366179 4103.84635635
504.614606014 4103.84635635
505.209845848 4103.84635635
505.805085683 4103.84635635
506.400325517 4103.84635635
506.995565352 4103.84635635
507.590805186 4103.84635635
508.18604502 4103.84635635
508.781284855 4103.84635635
509.376524689 4103.84635635
509.971764524 4103.84635635
510.567004358 4103.84635635
511.162244193 4103.84635635
511.757484027 4103.84635635
512.352723862 4103.84635635
512.947963696 4103.84635635
513.543203531 4103.84635635
514.138443365 4103.84635635
514.7336832 4103.84635635
515.328923034 4103.84635635
515.924162869 4103.84635635
516.519402703 4103.84635635
517.114642538 4103.84635635
517.709882372 4103.84635635
518.305122206 4103.84635635
518.900362041 4103.84635635
519.495601875 4103.84635635
520.09084171 4103.84635635
520.686081544 4103.84635635
521.281321379 4103.84635635
521.876561213 4103.84635635
522.471801048 4103.84635635
523.067040882 4103.84635635
523.662280717 4103.84635635
524.257520551 4103.84635635
524.852760386 4103.84635635
525.44800022 4103.84635635
526.043240055 4103.84635635
526.638479889 4103.84635635
527.233719724 4103.84635635
527.828959558 4103.84635635
528.424199393 4103.84635635
529.019439227 4103.84635635
529.614679061 4103.84635635
530.209918896 4103.84635635
530.80515873 4103.84635635
531.400398565 4103.84635635
531.995638399 4103.84635635
532.590878234 4103.84635635
533.186118068 4103.84635635
533.781357903 4769.5536191
534.376597737 4769.5536191
534.971837572 4769.5536191
535.567077406 4769.5536191
536.162317241 4769.5536191
536.757557075 4769.5536191
537.35279691 4769.5536191
537.948036744 4769.5536191
538.543276579 4769.5536191
539.138516413 4769.5536191
539.733756248 4769.5536191
540.328996082 4769.5536191
540.924235916 4769.5536191
541.519475751 4769.5536191
542.114715585 4769.5536191
542.70995542 4769.5536191
543.305195254 4769.5536191
543.900435089 4769.5536191
544.495674923 4769.5536191
545.090914758 4769.5536191
545.686154592 4769.5536191
546.281394427 4769.5536191
546.876634261 4769.5536191
547.471874096 4769.5536191
548.06711393 4769.5536191
548.662353765 4769.5536191
549.257593599 4769.5536191
549.852833434 4769.5536191
550.448073268 4769.5536191
551.043313102 4769.5536191
551.638552937 4769.5536191
552.233792771 4769.5536191
552.829032606 4769.5536191
553.42427244 4769.5536191
554.019512275 4769.5536191
554.614752109 4769.5536191
555.209991944 4769.5536191
555.805231778 4769.5536191
556.400471613 4769.5536191
556.995711447 4769.5536191
557.590951282 4769.5536191
558.186191116 4769.5536191
558.781430951 4769.5536191
559.376670785 4769.5536191
559.97191062 4769.5536191
560.567150454 4769.5536191
561.162390289 4769.5536191
561.757630123 4769.5536191
562.352869957 4769.5536191
562.948109792 4769.5536191
563.543349626 4769.5536191
564.138589461 4769.5536191
564.733829295 4769.5536191
565.32906913 4769.5536191
565.924308964 4769.5536191
566.519548799 4769.5536191
567.114788633 4769.5536191
567.710028468 4769.5536191
568.305268302 4769.5536191
568.900508137 4769.5536191
569.495747971 4769.5536191
570.090987806 4769.5536191
570.68622764 4769.5536191
571.281467475 4769.5536191
571.876707309 4769.5536191
572.471947144 4769.5536191
573.067186978 4769.5536191
573.662426812 4769.5536191
574.257666647 4769.5536191
574.852906481 4769.5536191
575.448146316 4769.5536191
576.04338615 4769.5536191
576.638625985 4769.5536191
577.233865819 4769.5536191
577.829105654 4769.5536191
578.424345488 4769.5536191
579.019585323 4769.5536191
579.614825157 4769.5536191
580.210064992 4769.5536191
580.805304826 4769.5536191
581.400544661 4769.5536191
581.995784495 4769.5536191
582.59102433 4769.5536191
583.186264164 4769.5536191
583.781503998 4769.5536191
584.376743833 4769.5536191
584.971983667 4769.5536191
585.567223502 4769.5536191
586.162463336 4769.5536191
586.757703171 4769.5536191
587.352943005 4769.5536191
587.94818284 4769.5536191
588.543422674 4769.5536191
589.138662509 4769.5536191
589.733902343 4769.5536191
590.329142178 4769.5536191
590.924382012 4769.5536191
591.519621847 4769.5536191
592.114861681 4769.5536191
592.710101516 4769.5536191
593.30534135 4769.5536191
593.900581185 4769.5536191
594.495821019 4769.5536191
595.091060853 4769.5536191
595.686300688 4769.5536191
596.281540522 4769.5536191
596.876780357 4769.5536191
597.472020191 4769.5536191
598.067260026 4769.5536191
598.66249986 4769.5536191
599.257739695 4769.5536191
599.852979529 4769.5536191
600.448219364 4769.5536191
601.043459198 4769.5536191
601.638699033 4769.5536191
602.233938867 4769.5536191
602.829178702 4769.5536191
603.424418536 4769.5536191
604.019658371 4769.5536191
604.614898205 4769.5536191
605.21013804 4769.5536191
605.805377874 4769.5536191
606.400617708 4769.5536191
606.995857543 4769.5536191
607.591097377 4769.5536191
608.186337212 4769.5536191
608.781577046 4769.5536191
609.376816881 4769.5536191
609.972056715 4125.53147908
610.56729655 4125.53147908
611.162536384 4125.53147908
611.757776219 4125.53147908
612.353016053 4125.53147908
612.948255888 4125.53147908
613.543495722 4125.53147908
614.138735557 4125.53147908
614.733975391 4125.53147908
615.329215226 4125.53147908
615.92445506 4125.53147908
616.519694894 4125.53147908
617.114934729 4125.53147908
617.710174563 4125.53147908
618.305414398 4125.53147908
618.900654232 4125.53147908
619.495894067 4125.53147908
620.091133901 4125.53147908
620.686373736 4125.53147908
621.28161357 4125.53147908
621.876853405 4125.53147908
622.472093239 4125.53147908
623.067333074 4125.53147908
623.662572908 4125.53147908
624.257812743 4125.53147908
624.853052577 4125.53147908
625.448292412 4125.53147908
626.043532246 4125.53147908
626.638772081 4125.53147908
627.234011915 4125.53147908
627.829251749 4125.53147908
628.424491584 4125.53147908
629.019731418 4125.53147908
629.614971253 4125.53147908
630.210211087 4125.53147908
630.805450922 4125.53147908
631.400690756 4125.53147908
631.995930591 4125.53147908
632.591170425 4125.53147908
633.18641026 4125.53147908
633.781650094 4125.53147908
634.376889929 4125.53147908
634.972129763 4125.53147908
635.567369598 4125.53147908
636.162609432 4125.53147908
636.757849267 4125.53147908
637.353089101 4125.53147908
637.948328935 4125.53147908
638.54356877 5201.78878486
639.138808604 5201.78878486
639.734048439 5201.78878486
640.329288273 5201.78878486
640.924528108 5201.78878486
641.519767942 5201.78878486
642.115007777 5201.78878486
642.710247611 5201.78878486
643.305487446 3049.27417331
643.90072728 3049.27417331
644.495967115 3049.27417331
645.091206949 3049.27417331
645.686446784 3049.27417331
646.281686618 3049.27417331
646.876926453 3049.27417331
647.472166287 3049.27417331
648.067406122 4125.53147908
648.662645956 4125.53147908
649.25788579 4125.53147908
649.853125625 4125.53147908
650.448365459 4125.53147908
651.043605294 4125.53147908
651.638845128 4125.53147908
652.234084963 4125.53147908
652.829324797 4125.53147908
653.424564632 4125.53147908
654.019804466 4125.53147908
654.615044301 4125.53147908
655.210284135 4125.53147908
655.80552397 4125.53147908
656.400763804 4125.53147908
656.996003639 4125.53147908
657.591243473 4125.53147908
658.186483308 4125.53147908
658.781723142 4125.53147908
659.376962977 4125.53147908
659.972202811 4125.53147908
660.567442645 4125.53147908
661.16268248 4125.53147908
661.757922314 4125.53147908
662.353162149 4125.53147908
662.948401983 4125.53147908
663.543641818 4125.53147908
664.138881652 4125.53147908
664.734121487 4125.53147908
665.329361321 4125.53147908
665.924601156 4125.53147908
666.51984099 4125.53147908
667.115080825 4125.53147908
667.710320659 4125.53147908
668.305560494 4125.53147908
668.900800328 4125.53147908
669.496040163 4125.53147908
670.091279997 4125.53147908
670.686519831 4125.53147908
671.281759666 4125.53147908
671.8769995 4125.53147908
672.472239335 4125.53147908
673.067479169 4125.53147908
673.662719004 4125.53147908
674.257958838 4125.53147908
674.853198673 4125.53147908
675.448438507 4125.53147908
676.043678342 4125.53147908
676.638918176 4125.53147908
677.234158011 4125.53147908
677.829397845 4125.53147908
678.42463768 4125.53147908
679.019877514 4125.53147908
679.615117349 4125.53147908
680.210357183 4125.53147908
680.805597018 4125.53147908
681.400836852 4125.53147908
681.996076686 4125.53147908
682.591316521 4125.53147908
683.186556355 4125.53147908
683.78179619 4125.53147908
684.377036024 4125.53147908
684.972275859 4125.53147908
685.567515693 4125.53147908
686.162755528 3177.60801125
686.757995362 3177.60801125
687.353235197 3177.60801125
687.948475031 3177.60801125
688.543714866 3177.60801125
689.1389547 3177.60801125
689.734194535 3177.60801125
690.329434369 3177.60801125
690.924674204 3177.60801125
691.519914038 3177.60801125
692.115153873 3177.60801125
692.710393707 3177.60801125
693.305633541 3177.60801125
693.900873376 3177.60801125
694.49611321 3177.60801125
695.091353045 3177.60801125
695.686592879 3177.60801125
696.281832714 3177.60801125
696.877072548 3177.60801125
697.472312383 3177.60801125
698.067552217 3177.60801125
698.662792052 3177.60801125
699.258031886 3177.60801125
699.853271721 3177.60801125
700.448511555 3177.60801125
701.04375139 3177.60801125
701.638991224 3177.60801125
702.234231059 3177.60801125
702.829470893 3177.60801125
703.424710727 3177.60801125
704.019950562 3177.60801125
704.615190396 3177.60801125
705.210430231 4344.44591751
705.805670065 4344.44591751
706.4009099 4344.44591751
706.996149734 4344.44591751
707.591389569 4344.44591751
708.186629403 4344.44591751
708.781869238 4344.44591751
709.377109072 4344.44591751
709.972348907 4344.44591751
710.567588741 4344.44591751
711.162828576 4344.44591751
711.75806841 4344.44591751
712.353308245 4344.44591751
712.948548079 4344.44591751
713.543787914 4344.44591751
714.139027748 4344.44591751
714.734267582 4344.44591751
715.329507417 4344.44591751
715.924747251 4344.44591751
716.519987086 4344.44591751
717.11522692 4344.44591751
717.710466755 4344.44591751
718.305706589 4344.44591751
718.900946424 4344.44591751
719.496186258 4344.44591751
720.091426093 4344.44591751
720.686665927 4344.44591751
721.281905762 4344.44591751
721.877145596 4344.44591751
722.472385431 4344.44591751
723.067625265 4344.44591751
723.6628651 4344.44591751
724.258104934 4490.03599378
724.853344769 4490.03599378
725.448584603 4490.03599378
726.043824437 4490.03599378
726.639064272 4490.03599378
727.234304106 4490.03599378
727.829543941 4490.03599378
728.424783775 4490.03599378
729.02002361 4490.03599378
729.615263444 4490.03599378
730.210503279 4490.03599378
730.805743113 4490.03599378
731.400982948 4490.03599378
731.996222782 4490.03599378
732.591462617 4490.03599378
733.186702451 4490.03599378
733.781942286 4490.03599378
734.37718212 4490.03599378
734.972421955 4490.03599378
735.567661789 4490.03599378
736.162901623 4490.03599378
736.758141458 4490.03599378
737.353381292 4490.03599378
737.948621127 4490.03599378
738.543860961 4490.03599378
739.139100796 4490.03599378
739.73434063 4490.03599378
740.329580465 4490.03599378
740.924820299 4490.03599378
741.520060134 4490.03599378
742.115299968 4490.03599378
742.710539803 4490.03599378
743.305779637 4490.03599378
743.901019472 4490.03599378
744.496259306 4490.03599378
745.091499141 4490.03599378
745.686738975 4490.03599378
746.28197881 4490.03599378
746.877218644 4490.03599378
747.472458478 4490.03599378
748.067698313 4490.03599378
748.662938147 4490.03599378
749.258177982 4490.03599378
749.853417816 4490.03599378
750.448657651 4490.03599378
751.043897485 4490.03599378
751.63913732 4490.03599378
752.234377154 4490.03599378
752.829616989 4490.03599378
753.424856823 4490.03599378
754.020096658 4490.03599378
754.615336492 4490.03599378
755.210576327 4490.03599378
755.805816161 4490.03599378
756.401055996 4490.03599378
756.99629583 4490.03599378
757.591535665 4490.03599378
758.186775499 4490.03599378
758.782015333 4490.03599378
759.377255168 4490.03599378
759.972495002 4490.03599378
760.567734837 4490.03599378
761.162974671 4490.03599378
761.758214506 4490.03599378
762.35345434 3977.88174779
762.948694175 3977.88174779
763.543934009 3977.88174779
764.139173844 3977.88174779
764.734413678 3977.88174779
765.329653513 3977.88174779
765.924893347 3977.88174779
766.520133182 3977.88174779
767.115373016 3977.88174779
767.710612851 3977.88174779
768.305852685 3977.88174779
768.901092519 3977.88174779
769.496332354 3977.88174779
770.091572188 3977.88174779
770.686812023 3977.88174779
771.282051857 3977.88174779
771.877291692 3977.88174779
772.472531526 3977.88174779
773.067771361 3977.88174779
773.663011195 3977.88174779
774.25825103 3977.88174779
774.853490864 3977.88174779
775.448730699 3977.88174779
776.043970533 3977.88174779
776.639210368 3977.88174779
777.234450202 3977.88174779
777.829690037 3977.88174779
778.424929871 3977.88174779
779.020169706 3977.88174779
779.61540954 3977.88174779
780.210649374 3977.88174779
780.805889209 3977.88174779
781.401129043 3977.88174779
781.996368878 3977.88174779
782.591608712 3977.88174779
783.186848547 3977.88174779
783.782088381 3977.88174779
784.377328216 3977.88174779
784.97256805 3977.88174779
785.567807885 3977.88174779
786.163047719 3977.88174779
786.758287554 3977.88174779
787.353527388 3977.88174779
787.948767223 3977.88174779
788.544007057 3977.88174779
789.139246892 3977.88174779
789.734486726 3977.88174779
790.32972656 3977.88174779
790.924966395 3977.88174779
791.520206229 3977.88174779
792.115446064 3977.88174779
792.710685898 3977.88174779
793.305925733 3977.88174779
793.901165567 3977.88174779
794.496405402 3977.88174779
795.091645236 3977.88174779
795.686885071 3977.88174779
796.282124905 3977.88174779
796.87736474 3977.88174779
797.472604574 3977.88174779
798.067844409 3977.88174779
798.663084243 3977.88174779
799.258324078 3977.88174779
799.853563912 3977.88174779
800.448803747 3143.80358849
801.044043581 3143.80358849
801.639283415 3143.80358849
802.23452325 3143.80358849
802.829763084 3143.80358849
803.425002919 3143.80358849
804.020242753 3143.80358849
804.615482588 3143.80358849
805.210722422 3143.80358849
805.805962257 3143.80358849
806.401202091 3143.80358849
806.996441926 3143.80358849
807.59168176 3143.80358849
808.186921595 3143.80358849
808.782161429 3143.80358849
809.377401264 3143.80358849
809.972641098 3143.80358849
810.567880933 3143.80358849
811.163120767 3143.80358849
811.758360602 3143.80358849
812.353600436 3143.80358849
812.94884027 3143.80358849
813.544080105 3143.80358849
814.139319939 3143.80358849
814.734559774 3143.80358849
815.329799608 3143.80358849
815.925039443 3143.80358849
816.520279277 3143.80358849
817.115519112 3143.80358849
817.710758946 3143.80358849
818.305998781 3143.80358849
818.901238615 3143.80358849
819.49647845 3143.80358849
820.091718284 3143.80358849
820.686958119 3143.80358849
821.282197953 3143.80358849
821.877437788 3143.80358849
822.472677622 3143.80358849
823.067917456 3143.80358849
823.663157291 3143.80358849
824.258397125 3143.80358849
824.85363696 3143.80358849
825.448876794 3143.80358849
826.044116629 3143.80358849
826.639356463 3143.80358849
827.234596298 3143.80358849
827.829836132 3143.80358849
828.425075967 3143.80358849
829.020315801 3143.80358849
829.615555636 3143.80358849
830.21079547 3143.80358849
830.806035305 3143.80358849
831.401275139 3143.80358849
831.996514974 3143.80358849
832.591754808 3143.80358849
833.186994643 3143.80358849
833.782234477 3143.80358849
834.377474311 3143.80358849
834.972714146 3143.80358849
835.56795398 3143.80358849
836.163193815 3143.80358849
836.758433649 3143.80358849
837.353673484 3143.80358849
837.948913318 3143.80358849
838.544153153 4690.22029002
839.139392987 4690.22029002
839.734632822 4690.22029002
840.329872656 4690.22029002
840.925112491 4690.22029002
841.520352325 4690.22029002
842.11559216 4690.22029002
842.710831994 4690.22029002
843.306071829 4690.22029002
843.901311663 4690.22029002
844.496551498 4690.22029002
845.091791332 4690.22029002
845.687031166 4690.22029002
846.282271001 4690.22029002
846.877510835 4690.22029002
847.47275067 4690.22029002
848.067990504 4690.22029002
848.663230339 4690.22029002
849.258470173 4690.22029002
849.853710008 4690.22029002
850.448949842 4690.22029002
851.044189677 4690.22029002
851.639429511 4690.22029002
852.234669346 4690.22029002
852.82990918 4690.22029002
853.425149015 4690.22029002
854.020388849 4690.22029002
854.615628684 4690.22029002
855.210868518 4690.22029002
855.806108352 4690.22029002
856.401348187 4690.22029002
856.996588021 4690.22029002
857.591827856 4690.22029002
858.18706769 4690.22029002
858.782307525 4690.22029002
859.377547359 4690.22029002
859.972787194 4690.22029002
860.568027028 4690.22029002
861.163266863 4690.22029002
861.758506697 4690.22029002
862.353746532 4690.22029002
862.948986366 4690.22029002
863.544226201 4690.22029002
864.139466035 4690.22029002
864.73470587 4690.22029002
865.329945704 4690.22029002
865.925185539 4690.22029002
866.520425373 4690.22029002
867.115665207 4690.22029002
867.710905042 4690.22029002
868.306144876 4690.22029002
868.901384711 4690.22029002
869.496624545 4690.22029002
870.09186438 4690.22029002
870.687104214 4690.22029002
871.282344049 4690.22029002
871.877583883 4690.22029002
872.472823718 4690.22029002
873.068063552 4690.22029002
873.663303387 4690.22029002
874.258543221 4690.22029002
874.853783056 4690.22029002
875.44902289 4690.22029002
876.044262725 4690.22029002
876.639502559 4690.22029002
877.234742394 4690.22029002
877.829982228 4690.22029002
878.425222062 4690.22029002
879.020461897 4690.22029002
879.615701731 4690.22029002
880.210941566 4690.22029002
880.8061814 4690.22029002
881.401421235 4690.22029002
881.996661069 4690.22029002
882.591900904 4690.22029002
883.187140738 4690.22029002
883.782380573 4690.22029002
884.377620407 4690.22029002
884.972860242 4690.22029002
885.568100076 4690.22029002
886.163339911 4690.22029002
886.758579745 4690.22029002
887.35381958 4690.22029002
887.949059414 4690.22029002
888.544299248 4690.22029002
889.139539083 4690.22029002
889.734778917 4690.22029002
890.330018752 4690.22029002
890.925258586 4690.22029002
891.520498421 4690.22029002
892.115738255 4690.22029002
892.71097809 4690.22029002
893.306217924 4690.22029002
893.901457759 4690.22029002
894.496697593 4690.22029002
895.091937428 4690.22029002
895.687177262 4690.22029002
896.282417097 4690.22029002
896.877656931 4690.22029002
897.472896766 4690.22029002
898.0681366 4690.22029002
898.663376435 4690.22029002
899.258616269 4690.22029002
899.853856103 4690.22029002
900.449095938 4690.22029002
901.044335772 4690.22029002
901.639575607 4690.22029002
902.234815441 4690.22029002
902.830055276 4690.22029002
903.42529511 4690.22029002
904.020534945 4690.22029002
904.615774779 4690.22029002
905.211014614 4690.22029002
905.806254448 4690.22029002
906.401494283 4690.22029002
906.996734117 4690.22029002
907.591973952 4690.22029002
908.187213786 4690.22029002
908.782453621 4690.22029002
909.377693455 4690.22029002
909.97293329 4690.22029002
910.568173124 4690.22029002
911.163412958 4690.22029002
911.758652793 4690.22029002
912.353892627 4690.22029002
912.949132462 4690.22029002
913.544372296 4690.22029002
914.139612131 4690.22029002
914.734851965 5064.2223675
915.3300918 5064.2223675
915.925331634 5064.2223675
916.520571469 5064.2223675
917.115811303 5064.2223675
917.711051138 5064.2223675
918.306290972 5064.2223675
918.901530807 5064.2223675
919.496770641 5064.2223675
920.092010476 5064.2223675
920.68725031 5064.2223675
921.282490144 5064.2223675
921.877729979 5064.2223675
922.472969813 5064.2223675
923.068209648 5064.2223675
923.663449482 5064.2223675
924.258689317 5064.2223675
924.853929151 5064.2223675
925.449168986 5064.2223675
926.04440882 5064.2223675
926.639648655 5064.2223675
927.234888489 5064.2223675
927.830128324 5064.2223675
928.425368158 5064.2223675
929.020607993 5064.2223675
929.615847827 5064.2223675
930.211087662 5064.2223675
930.806327496 5064.2223675
931.401567331 5064.2223675
931.996807165 5064.2223675
932.592046999 5064.2223675
933.187286834 5064.2223675
933.782526668 5064.2223675
934.377766503 5064.2223675
934.973006337 5064.2223675
935.568246172 5064.2223675
936.163486006 5064.2223675
936.758725841 5064.2223675
937.353965675 5064.2223675
937.94920551 5064.2223675
938.544445344 5064.2223675
939.139685179 5064.2223675
939.734925013 5064.2223675
940.330164848 5064.2223675
940.925404682 5064.2223675
941.520644517 5064.2223675
942.115884351 5064.2223675
942.711124185 5064.2223675
943.30636402 5064.2223675
943.901603854 5064.2223675
944.496843689 5064.2223675
945.092083523 5064.2223675
945.687323358 5064.2223675
946.282563192 5064.2223675
946.877803027 5064.2223675
947.473042861 5064.2223675
948.068282696 5064.2223675
948.66352253 5064.2223675
949.258762365 5064.2223675
949.854002199 5064.2223675
950.449242034 5064.2223675
951.044481868 5064.2223675
951.639721703 5064.2223675
952.234961537 5064.2223675
952.830201372 5064.2223675
953.425441206 5064.2223675
954.02068104 5064.2223675
954.615920875 5064.2223675
955.211160709 5064.2223675
955.806400544 5064.2223675
956.401640378 5064.2223675
956.996880213 5064.2223675
957.592120047 5064.2223675
958.187359882 5064.2223675
958.782599716 5064.2223675
959.377839551 5064.2223675
959.973079385 5064.2223675
960.56831922 5064.2223675
961.163559054 5064.2223675
961.758798889 5064.2223675
962.354038723 5064.2223675
962.949278558 5064.2223675
963.544518392 5064.2223675
964.139758227 5064.2223675
964.734998061 5064.2223675
965.330237895 5064.2223675
965.92547773 5064.2223675
966.520717564 5064.2223675
967.115957399 5064.2223675
967.711197233 5064.2223675
968.306437068 5064.2223675
968.901676902 5064.2223675
969.496916737 5064.2223675
970.092156571 5064.2223675
970.687396406 5064.2223675
971.28263624 5064.2223675
971.877876075 5064.2223675
972.473115909 5064.2223675
973.068355744 5064.2223675
973.663595578 5064.2223675
974.258835413 5064.2223675
974.854075247 5064.2223675
975.449315081 5064.2223675
976.044554916 5064.2223675
976.63979475 5064.2223675
977.235034585 5064.2223675
977.830274419 5064.2223675
978.425514254 5064.2223675
979.020754088 5064.2223675
979.615993923 5064.2223675
980.211233757 5064.2223675
980.806473592 5064.2223675
981.401713426 5064.2223675
981.996953261 5064.2223675
982.592193095 5064.2223675
983.18743293 5064.2223675
983.782672764 5064.2223675
984.377912599 5064.2223675
984.973152433 5064.2223675
985.568392268 5064.2223675
986.163632102 5064.2223675
986.758871936 5064.2223675
987.354111771 5064.2223675
987.949351605 5064.2223675
988.54459144 5064.2223675
989.139831274 5064.2223675
989.735071109 5064.2223675
990.330310943 5064.2223675
990.925550778 5064.2223675
991.520790612 5064.2223675
992.116030447 5064.2223675
992.711270281 5064.2223675
993.306510116 5064.2223675
993.90174995 5064.2223675
994.496989785 5064.2223675
995.092229619 5064.2223675
995.687469454 5064.2223675
996.282709288 5064.2223675
996.877949123 5064.2223675
997.473188957 5064.2223675
998.068428791 5064.2223675
998.663668626 5064.2223675
999.25890846 5064.2223675
999.854148295 5064.2223675
1000.44938813 5064.2223675
1001.04462796 5064.2223675
1001.6398678 5064.2223675
1002.23510763 5064.2223675
1002.83034747 5064.2223675
1003.4255873 5064.2223675
1004.02082714 5064.2223675
1004.61606697 5064.2223675
1005.21130681 5064.2223675
1005.80654664 5064.2223675
1006.40178647 5064.2223675
1006.99702631 5064.2223675
1007.59226614 5064.2223675
1008.18750598 5064.2223675
1008.78274581 5064.2223675
1009.37798565 5064.2223675
1009.97322548 5064.2223675
1010.56846532 5064.2223675
1011.16370515 5064.2223675
1011.75894498 5064.2223675
1012.35418482 5064.2223675
1012.94942465 5064.2223675
1013.54466449 5064.2223675
1014.13990432 5064.2223675
1014.73514416 5064.2223675
1015.33038399 5064.2223675
1015.92562383 5064.2223675
1016.52086366 5064.2223675
1017.11610349 5064.2223675
1017.71134333 5064.2223675
1018.30658316 5064.2223675
1018.901823 5064.2223675
1019.49706283 5064.2223675
1020.09230267 5064.2223675
1020.6875425 5064.2223675
1021.28278234 5064.2223675
1021.87802217 5064.2223675
1022.473262 5064.2223675
1023.06850184 5064.2223675
1023.66374167 5064.2223675
1024.25898151 5064.2223675
1024.85422134 5064.2223675
1025.44946118 5064.2223675
1026.04470101 5064.2223675
1026.63994085 5064.2223675
1027.23518068 5064.2223675
1027.83042052 5064.2223675
1028.42566035 5064.2223675
1029.02090018 5064.2223675
1029.61614002 5064.2223675
1030.21137985 5064.2223675
1030.80661969 5064.2223675
1031.40185952 5064.2223675
1031.99709936 5064.2223675
1032.59233919 5064.2223675
1033.18757903 5064.2223675
1033.78281886 5064.2223675
1034.37805869 5064.2223675
1034.97329853 5064.2223675
1035.56853836 5064.2223675
1036.1637782 5064.2223675
1036.75901803 5064.2223675
1037.35425787 5064.2223675
1037.9494977 5064.2223675
1038.54473754 5064.2223675
1039.13997737 5064.2223675
1039.7352172 5064.2223675
1040.33045704 5064.2223675
1040.92569687 5064.2223675
1041.52093671 5064.2223675
1042.11617654 5064.2223675
1042.71141638 5064.2223675
1043.30665621 5064.2223675
1043.90189605 5064.2223675
1044.49713588 5064.2223675
1045.09237571 5064.2223675
1045.68761555 5064.2223675
1046.28285538 5064.2223675
1046.87809522 5064.2223675
1047.47333505 5064.2223675
1048.06857489 5064.2223675
1048.66381472 5064.2223675
1049.25905456 5064.2223675
1049.85429439 5064.2223675
1050.44953423 5064.2223675
1051.04477406 5064.2223675
1051.64001389 5064.2223675
1052.23525373 5064.2223675
1052.83049356 5064.2223675
1053.4257334 5064.2223675
1054.02097323 5064.2223675
1054.61621307 5064.2223675
1055.2114529 5064.2223675
1055.80669274 5064.2223675
1056.40193257 5064.2223675
1056.9971724 5064.2223675
1057.59241224 5064.2223675
1058.18765207 5064.2223675
1058.78289191 5064.2223675
1059.37813174 5064.2223675
1059.97337158 5064.2223675
1060.56861141 5064.2223675
1061.16385125 5064.2223675
1061.75909108 5064.2223675
1062.35433091 5064.2223675
1062.94957075 5064.2223675
1063.54481058 5064.2223675
1064.14005042 5064.2223675
1064.73529025 5064.2223675
1065.33053009 5064.2223675
1065.92576992 5064.2223675
1066.52100976 5064.2223675
1067.11624959 5064.2223675
1067.71148942 5064.2223675
1068.30672926 5064.2223675
1068.90196909 5064.2223675
1069.49720893 5064.2223675
1070.09244876 5064.2223675
1070.6876886 5064.2223675
1071.28292843 5064.2223675
1071.87816827 5064.2223675
1072.4734081 5064.2223675
1073.06864794 5064.2223675
1073.66388777 5064.2223675
1074.2591276 5064.2223675
1074.85436744 5064.2223675
1075.44960727 5064.2223675
1076.04484711 5064.2223675
1076.64008694 5064.2223675
1077.23532678 5064.2223675
1077.83056661 5064.2223675
1078.42580645 5064.2223675
1079.02104628 5064.2223675
1079.61628611 5064.2223675
1080.21152595 5064.2223675
1080.80676578 5064.2223675
1081.40200562 5064.2223675
1081.99724545 5064.2223675
1082.59248529 5064.2223675
1083.18772512 5064.2223675
1083.78296496 5064.2223675
1084.37820479 5064.2223675
1084.97344462 5064.2223675
1085.56868446 5064.2223675
1086.16392429 5064.2223675
1086.75916413 5064.2223675
1087.35440396 5064.2223675
1087.9496438 5064.2223675
1088.54488363 5064.2223675
1089.14012347 5064.2223675
1089.7353633 5064.2223675
1090.33060313 5064.2223675
1090.92584297 5064.2223675
1091.5210828 5064.2223675
1092.11632264 5064.2223675
1092.71156247 5064.2223675
1093.30680231 5064.2223675
1093.90204214 5064.2223675
1094.49728198 5064.2223675
1095.09252181 5064.2223675
1095.68776164 5064.2223675
1096.28300148 5064.2223675
1096.87824131 5064.2223675
1097.47348115 5064.2223675
1098.06872098 5064.2223675
1098.66396082 5064.2223675
1099.25920065 5064.2223675
1099.85444049 5064.2223675
1100.44968032 5064.2223675
1101.04492016 5064.2223675
1101.64015999 5064.2223675
1102.23539982 5064.2223675
1102.83063966 5064.2223675
1103.42587949 5064.2223675
1104.02111933 5064.2223675
1104.61635916 5064.2223675
1105.211599 5064.2223675
1105.80683883 5064.2223675
1106.40207867 5064.2223675
1106.9973185 5064.2223675
1107.59255833 5064.2223675
1108.18779817 5064.2223675
1108.783038 5064.2223675
1109.37827784 5064.2223675
1109.97351767 5064.2223675
1110.56875751 5064.2223675
1111.16399734 5064.2223675
1111.75923718 5064.2223675
1112.35447701 5064.2223675
1112.94971684 5064.2223675
1113.54495668 5064.2223675
1114.14019651 5064.2223675
1114.73543635 5064.2223675
1115.33067618 5064.2223675
1115.92591602 5064.2223675
1116.52115585 5064.2223675
1117.11639569 5064.2223675
1117.71163552 5064.2223675
1118.30687535 5064.2223675
1118.90211519 5064.2223675
1119.49735502 5064.2223675
1120.09259486 5064.2223675
1120.68783469 5064.2223675
1121.28307453 5064.2223675
1121.87831436 5064.2223675
1122.4735542 5064.2223675
1123.06879403 5064.2223675
1123.66403387 5064.2223675
1124.2592737 5064.2223675
1124.85451353 5064.2223675
1125.44975337 5064.2223675
1126.0449932 5064.2223675
1126.64023304 5064.2223675
1127.23547287 5064.2223675
1127.83071271 5064.2223675
1128.42595254 5064.2223675
1129.02119238 5064.2223675
1129.61643221 5064.2223675
1130.21167204 5064.2223675
1130.80691188 5064.2223675
1131.40215171 5064.2223675
1131.99739155 5064.2223675
1132.59263138 5064.2223675
1133.18787122 5064.2223675
1133.78311105 5064.2223675
1134.37835089 5064.2223675
1134.97359072 5064.2223675
1135.56883055 5064.2223675
1136.16407039 5064.2223675
1136.75931022 5064.2223675
1137.35455006 5064.2223675
1137.94978989 5064.2223675
1138.54502973 5064.2223675
1139.14026956 5064.2223675
1139.7355094 5064.2223675
1140.33074923 5064.2223675
1140.92598906 5064.2223675
1141.5212289 5064.2223675
1142.11646873 5064.2223675
1142.71170857 5064.2223675
1143.3069484 5064.2223675
1143.90218824 5064.2223675
1144.49742807 5064.2223675
1145.09266791 5064.2223675
1145.68790774 5064.2223675
1146.28314758 5064.2223675
1146.87838741 5064.2223675
1147.47362724 5064.2223675
1148.06886708 5064.2223675
1148.66410691 5064.2223675
1149.25934675 5064.2223675
1149.85458658 5064.2223675
1150.44982642 5064.2223675
1151.04506625 5064.2223675
1151.64030609 5064.2223675
1152.23554592 5064.2223675
1152.83078575 5064.2223675
1153.42602559 5064.2223675
1154.02126542 5064.2223675
1154.61650526 5064.2223675
1155.21174509 5064.2223675
1155.80698493 5064.2223675
1156.40222476 5064.2223675
1156.9974646 5064.2223675
1157.59270443 5064.2223675
1158.18794426 5064.2223675
1158.7831841 5064.2223675
1159.37842393 5064.2223675
1159.97366377 5064.2223675
1160.5689036 5064.2223675
1161.16414344 5064.2223675
1161.75938327 5064.2223675
1162.35462311 5064.2223675
1162.94986294 5064.2223675
1163.54510277 5064.2223675
1164.14034261 5064.2223675
1164.73558244 5064.2223675
1165.33082228 5064.2223675
1165.92606211 5064.2223675
1166.52130195 5064.2223675
1167.11654178 5064.2223675
1167.71178162 5064.2223675
1168.30702145 5064.2223675
1168.90226129 5064.2223675
1169.49750112 5064.2223675
1170.09274095 5064.2223675
1170.68798079 5064.2223675
1171.28322062 5064.2223675
1171.87846046 5064.2223675
1172.47370029 5064.2223675
1173.06894013 5064.2223675
1173.66417996 5064.2223675
1174.2594198 5064.2223675
1174.85465963 5064.2223675
1175.44989946 5064.2223675
1176.0451393 5064.2223675
1176.64037913 5064.2223675
1177.23561897 5064.2223675
1177.8308588 5064.2223675
1178.42609864 5064.2223675
1179.02133847 5064.2223675
1179.61657831 5064.2223675
1180.21181814 5064.2223675
1180.80705797 5064.2223675
1181.40229781 5064.2223675
1181.99753764 5064.2223675
1182.59277748 5064.2223675
1183.18801731 5064.2223675
1183.78325715 5064.2223675
1184.37849698 5064.2223675
1184.97373682 5064.2223675
1185.56897665 5064.2223675
1186.16421648 5064.2223675
1186.75945632 5064.2223675
1187.35469615 5064.2223675
1187.94993599 5064.2223675
1188.54517582 5064.2223675
1189.14041566 5064.2223675
1189.73565549 5064.2223675
1190.33089533 5064.2223675
1190.92613516 5064.2223675
1191.521375 5064.2223675
1192.11661483 5064.2223675
1192.71185466 5064.2223675
1193.3070945 5064.2223675
1193.90233433 5064.2223675
1194.49757417 5064.2223675
1195.092814 5064.2223675
1195.68805384 5064.2223675
1196.28329367 5064.2223675
1196.87853351 5064.2223675
1197.47377334 5064.2223675
1198.06901317 5064.2223675
1198.66425301 5064.2223675
1199.25949284 5064.2223675
1199.85473268 5064.2223675
1200.44997251 5064.2223675
1201.04521235 5064.2223675
1201.64045218 5064.2223675
1202.23569202 5064.2223675
1202.83093185 5064.2223675
1203.42617168 5064.2223675
1204.02141152 5064.2223675
1204.61665135 5064.2223675
1205.21189119 5064.2223675
1205.80713102 5064.2223675
1206.40237086 5064.2223675
1206.99761069 5064.2223675
1207.59285053 5064.2223675
1208.18809036 5064.2223675
1208.78333019 5064.2223675
1209.37857003 5064.2223675
1209.97380986 5064.2223675
1210.5690497 5064.2223675
1211.16428953 5064.2223675
1211.75952937 5064.2223675
1212.3547692 5064.2223675
1212.95000904 5064.2223675
1213.54524887 5064.2223675
1214.14048871 5064.2223675
1214.73572854 5064.2223675
1215.33096837 5064.2223675
1215.92620821 5064.2223675
1216.52144804 5064.2223675
1217.11668788 5064.2223675
1217.71192771 5064.2223675
1218.30716755 5064.2223675
1218.90240738 5064.2223675
