0.446466215283 2523.66277741
1.04170604976 2523.66277741
1.63694588423 2523.66277741
2.2321857187 2523.66277741
2.82742555317 2523.66277741
3.42266538765 2523.66277741
4.01790522212 2523.66277741
4.61314505659 2523.66277741
5.20838489106 2523.66277741
5.80362472554 2523.66277741
6.39886456001 2523.66277741
6.99410439448 2523.66277741
7.58934422895 2523.66277741
8.18458406343 2523.66277741
8.7798238979 2523.66277741
9.37506373237 2523.66277741
9.97030356685 2523.66277741
10.5655434013 2523.66277741
11.1607832358 2523.66277741
11.7560230703 2523.66277741
12.3512629047 2523.66277741
12.9465027392 2523.66277741
13.5417425737 2523.66277741
14.1369824082 2523.66277741
14.7322222426 2523.66277741
15.3274620771 2523.66277741
15.9227019116 2523.66277741
16.517941746 2523.66277741
17.1131815805 2523.66277741
17.708421415 2523.66277741
18.3036612495 2523.66277741
18.8989010839 2523.66277741
19.4941409184 2523.66277741
20.0893807529 2523.66277741
20.6846205874 2523.66277741
21.2798604218 2523.66277741
21.8751002563 2523.66277741
22.4703400908 2523.66277741
23.0655799252 2523.66277741
23.6608197597 2523.66277741
24.2560595942 2523.66277741
24.8512994287 2523.66277741
25.4465392631 2523.66277741
26.0417790976 2523.66277741
26.6370189321 2523.66277741
27.2322587666 2523.66277741
27.827498601 2523.66277741
28.4227384355 2523.66277741
29.01797827 2523.66277741
29.6132181044 2523.66277741
30.2084579389 2523.66277741
30.8036977734 2523.66277741
31.3989376079 2523.66277741
31.9941774423 2523.66277741
32.5894172768 2523.66277741
33.1846571113 2523.66277741
33.7798969458 2523.66277741
34.3751367802 2523.66277741
34.9703766147 2523.66277741
35.5656164492 2523.66277741
36.1608562836 2523.66277741
36.7560961181 2523.66277741
37.3513359526 2523.66277741
37.9465757871 2523.66277741
38.5418156215 2523.66277741
39.137055456 2523.66277741
39.7322952905 2523.66277741
40.327535125 2523.66277741
40.9227749594 2523.66277741
41.5180147939 2523.66277741
42.1132546284 2523.66277741
42.7084944628 2523.66277741
43.3037342973 2523.66277741
43.8989741318 2523.66277741
44.4942139663 2523.66277741
45.0894538007 2523.66277741
45.6846936352 2523.66277741
46.2799334697 2523.66277741
46.8751733041 2523.66277741
47.4704131386 2523.66277741
48.0656529731 2523.66277741
48.6608928076 2523.66277741
49.256132642 2523.66277741
49.8513724765 2523.66277741
50.446612311 2523.66277741
51.0418521455 2523.66277741
51.6370919799 2523.66277741
52.2323318144 2523.66277741
52.8275716489 2523.66277741
53.4228114833 2523.66277741
54.0180513178 2523.66277741
54.6132911523 2523.66277741
55.2085309868 2523.66277741
55.8037708212 2523.66277741
56.3990106557 2523.66277741
56.9942504902 2523.66277741
57.5894903247 2523.66277741
58.1847301591 2523.66277741
58.7799699936 2523.66277741
59.3752098281 2523.66277741
59.9704496625 2523.66277741
60.565689497 2523.66277741
61.1609293315 2523.66277741
61.756169166 2523.66277741
62.3514090004 2523.66277741
62.9466488349 2523.66277741
63.5418886694 2523.66277741
64.1371285039 2523.66277741
64.7323683383 2523.66277741
65.3276081728 2523.66277741
65.9228480073 2523.66277741
66.5180878417 2523.66277741
67.1133276762 2523.66277741
67.7085675107 2523.66277741
68.3038073452 2523.66277741
68.8990471796 2523.66277741
69.4942870141 2523.66277741
70.0895268486 2523.66277741
70.6847666831 2523.66277741
71.2800065175 2523.66277741
71.875246352 2523.66277741
72.4704861865 2523.66277741
73.0657260209 2523.66277741
73.6609658554 2523.66277741
74.2562056899 2523.66277741
74.8514455244 2523.66277741
75.4466853588 2523.66277741
76.0419251933 2523.66277741
76.6371650278 2523.66277741
77.2324048623 2523.66277741
77.8276446967 2523.66277741
78.4228845312 2523.66277741
79.0181243657 2523.66277741
79.6133642001 2523.66277741
80.2086040346 2523.66277741
80.8038438691 2523.66277741
81.3990837036 2523.66277741
81.994323538 2523.66277741
82.5895633725 2523.66277741
83.184803207 2523.66277741
83.7800430415 2523.66277741
84.3752828759 2523.66277741
84.9705227104 2523.66277741
85.5657625449 2523.66277741
86.1610023793 2523.66277741
86.7562422138 2523.66277741
87.3514820483 2523.66277741
87.9467218828 2523.66277741
88.5419617172 2523.66277741
89.1372015517 2523.66277741
89.7324413862 2523.66277741
90.3276812207 2523.66277741
90.9229210551 2523.66277741
91.5181608896 2523.66277741
92.1134007241 2523.66277741
92.7086405585 2523.66277741
93.303880393 2523.66277741
93.8991202275 2523.66277741
94.494360062 2523.66277741
95.0895998964 2523.66277741
95.6848397309 2523.66277741
96.2800795654 2523.66277741
96.8753193999 2523.66277741
97.4705592343 2523.66277741
98.0657990688 2523.66277741
98.6610389033 2523.66277741
99.2562787377 2523.66277741
99.8515185722 2523.66277741
100.446758407 2523.66277741
101.041998241 2523.66277741
101.637238076 2523.66277741
102.23247791 2523.66277741
102.827717745 2523.66277741
103.422957579 2523.66277741
104.018197414 2523.66277741
104.613437248 2523.66277741
105.208677082 2523.66277741
105.803916917 2523.66277741
106.399156751 2523.66277741
106.994396586 2523.66277741
107.58963642 2523.66277741
108.184876255 2523.66277741
108.780116089 2523.66277741
109.375355924 2523.66277741
109.970595758 2523.66277741
110.565835593 2523.66277741
111.161075427 2523.66277741
111.756315262 2523.66277741
112.351555096 2523.66277741
112.946794931 2523.66277741
113.542034765 2523.66277741
114.1372746 2523.66277741
114.732514434 2523.66277741
115.327754269 2523.66277741
115.922994103 2523.66277741
116.518233937 2523.66277741
117.113473772 2523.66277741
117.708713606 2523.66277741
118.303953441 2523.66277741
118.899193275 2523.66277741
119.49443311 2523.66277741
120.089672944 2523.66277741
120.684912779 2523.66277741
121.280152613 2523.66277741
121.875392448 2523.66277741
122.470632282 2523.66277741
123.065872117 2523.66277741
123.661111951 2523.66277741
124.256351786 2523.66277741
124.85159162 2523.66277741
125.446831455 2523.66277741
126.042071289 2523.66277741
126.637311123 2523.66277741
127.232550958 2523.66277741
127.827790792 2523.66277741
128.423030627 2523.66277741
129.018270461 2523.66277741
129.613510296 2523.66277741
130.20875013 2523.66277741
130.803989965 2523.66277741
131.399229799 2523.66277741
131.994469634 2523.66277741
132.589709468 2523.66277741
133.184949303 2523.66277741
133.780189137 2523.66277741
134.375428972 2523.66277741
134.970668806 2523.66277741
135.565908641 2523.66277741
136.161148475 2523.66277741
136.75638831 2523.66277741
137.351628144 2523.66277741
137.946867978 2523.66277741
138.542107813 2523.66277741
139.137347647 2523.66277741
139.732587482 2523.66277741
140.327827316 2523.66277741
140.923067151 2523.66277741
141.518306985 2523.66277741
142.11354682 2523.66277741
142.708786654 2523.66277741
143.304026489 2523.66277741
143.899266323 2523.66277741
144.494506158 2523.66277741
145.089745992 2523.66277741
145.684985827 2523.66277741
146.280225661 2523.66277741
146.875465496 2523.66277741
147.47070533 2523.66277741
148.065945165 2523.66277741
148.661184999 2523.66277741
149.256424833 2523.66277741
149.851664668 2523.66277741
150.446904502 2523.66277741
151.042144337 2523.66277741
151.637384171 2523.66277741
152.232624006 2523.66277741
152.82786384 2523.66277741
153.423103675 2523.66277741
154.018343509 2523.66277741
154.613583344 2523.66277741
155.208823178 2523.66277741
155.804063013 2523.66277741
156.399302847 2523.66277741
156.994542682 2523.66277741
157.589782516 2523.66277741
158.185022351 2523.66277741
158.780262185 2523.66277741
159.375502019 2523.66277741
159.970741854 2523.66277741
160.565981688 2523.66277741
161.161221523 2523.66277741
161.756461357 2523.66277741
162.351701192 2523.66277741
162.946941026 2523.66277741
163.542180861 2523.66277741
164.137420695 2523.66277741
164.73266053 2523.66277741
165.327900364 2523.66277741
165.923140199 2523.66277741
166.518380033 2523.66277741
167.113619868 2523.66277741
167.708859702 2523.66277741
168.304099537 2523.66277741
168.899339371 2523.66277741
169.494579206 2523.66277741
170.08981904 2523.66277741
170.685058874 2523.66277741
171.280298709 2523.66277741
171.875538543 2523.66277741
172.470778378 2523.66277741
173.066018212 2523.66277741
173.661258047 2523.66277741
174.256497881 2523.66277741
174.851737716 2523.66277741
175.44697755 2523.66277741
176.042217385 2523.66277741
176.637457219 2523.66277741
177.232697054 2523.66277741
177.827936888 2523.66277741
178.423176723 2523.66277741
179.018416557 2523.66277741
179.613656392 2523.66277741
180.208896226 2523.66277741
180.80413606 2523.66277741
181.399375895 2523.66277741
181.994615729 2523.66277741
182.589855564 2523.66277741
183.185095398 2523.66277741
183.780335233 2523.66277741
184.375575067 2523.66277741
184.970814902 2523.66277741
185.566054736 2523.66277741
186.161294571 2523.66277741
186.756534405 2523.66277741
187.35177424 2523.66277741
187.947014074 2523.66277741
188.542253909 2523.66277741
189.137493743 2523.66277741
189.732733578 2523.66277741
190.327973412 2523.66277741
190.923213247 2523.66277741
191.518453081 2523.66277741
192.113692915 2523.66277741
192.70893275 2523.66277741
193.304172584 2523.66277741
193.899412419 2523.66277741
194.494652253 2523.66277741
195.089892088 2523.66277741
195.685131922 2523.66277741
196.280371757 2523.66277741
196.875611591 2523.66277741
197.470851426 2523.66277741
198.06609126 2523.66277741
198.661331095 2523.66277741
199.256570929 2523.66277741
199.851810764 2523.66277741
200.447050598 2523.66277741
201.042290433 2523.66277741
201.637530267 2523.66277741
202.232770102 2523.66277741
202.828009936 2523.66277741
203.42324977 2523.66277741
204.018489605 2523.66277741
204.613729439 2523.66277741
205.208969274 2523.66277741
205.804209108 2523.66277741
206.399448943 2523.66277741
206.994688777 2523.66277741
207.589928612 2523.66277741
208.185168446 2523.66277741
208.780408281 2523.66277741
209.375648115 2523.66277741
209.97088795 2523.66277741
210.566127784 2523.66277741
211.161367619 2523.66277741
211.756607453 2523.66277741
212.351847288 2523.66277741
212.947087122 2523.66277741
213.542326956 2523.66277741
214.137566791 2523.66277741
214.732806625 2523.66277741
215.32804646 2523.66277741
215.923286294 2523.66277741
216.518526129 2523.66277741
217.113765963 2523.66277741
217.709005798 2523.66277741
218.304245632 2523.66277741
218.899485467 2523.66277741
219.494725301 2523.66277741
220.089965136 2523.66277741
220.68520497 2523.66277741
221.280444805 2523.66277741
221.875684639 2523.66277741
222.470924474 2523.66277741
223.066164308 2523.66277741
223.661404143 2523.66277741
224.256643977 2523.66277741
224.851883811 2523.66277741
225.447123646 2523.66277741
226.04236348 2523.66277741
226.637603315 2523.66277741
227.232843149 2523.66277741
227.828082984 2523.66277741
228.423322818 2523.66277741
229.018562653 2523.66277741
229.613802487 2523.66277741
230.209042322 2523.66277741
230.804282156 2523.66277741
231.399521991 2523.66277741
231.994761825 2523.66277741
232.59000166 2523.66277741
233.185241494 2523.66277741
233.780481329 2523.66277741
234.375721163 2523.66277741
234.970960998 2523.66277741
235.566200832 2523.66277741
236.161440666 2523.66277741
236.756680501 2523.66277741
237.351920335 2523.66277741
237.94716017 2523.66277741
238.542400004 2523.66277741
239.137639839 2523.66277741
239.732879673 2523.66277741
240.328119508 2523.66277741
240.923359342 2523.66277741
241.518599177 2523.66277741
242.113839011 2523.66277741
242.709078846 2523.66277741
243.30431868 2523.66277741
243.899558515 2523.66277741
244.494798349 2523.66277741
245.090038184 2523.66277741
245.685278018 2523.66277741
246.280517852 2523.66277741
246.875757687 2523.66277741
247.470997521 2523.66277741
248.066237356 2523.66277741
248.66147719 2523.66277741
249.256717025 2523.66277741
249.851956859 2523.66277741
250.447196694 2523.66277741
251.042436528 2523.66277741
251.637676363 2523.66277741
252.232916197 2523.66277741
252.828156032 2523.66277741
253.423395866 2523.66277741
254.018635701 2523.66277741
254.613875535 2523.66277741
255.20911537 2523.66277741
255.804355204 2523.66277741
256.399595039 2523.66277741
256.994834873 2523.66277741
257.590074707 2523.66277741
258.185314542 2523.66277741
258.780554376 2523.66277741
259.375794211 2523.66277741
259.971034045 2523.66277741
260.56627388 2523.66277741
261.161513714 2523.66277741
261.756753549 2523.66277741
262.351993383 2523.66277741
262.947233218 2523.66277741
263.542473052 2523.66277741
264.137712887 2523.66277741
264.732952721 2523.66277741
265.328192556 2523.66277741
265.92343239 2523.66277741
266.518672225 2523.66277741
267.113912059 2523.66277741
267.709151894 2523.66277741
268.304391728 2523.66277741
268.899631562 2523.66277741
269.494871397 2523.66277741
270.090111231 2523.66277741
270.685351066 2523.66277741
271.2805909 2523.66277741
271.875830735 2523.66277741
272.471070569 2523.66277741
273.066310404 2523.66277741
273.661550238 2523.66277741
274.256790073 2523.66277741
274.852029907 2523.66277741
275.447269742 2523.66277741
276.042509576 2523.66277741
276.637749411 2523.66277741
277.232989245 2523.66277741
277.82822908 2523.66277741
278.423468914 2523.66277741
279.018708748 2523.66277741
279.613948583 2523.66277741
280.209188417 2523.66277741
280.804428252 2523.66277741
281.399668086 2523.66277741
281.994907921 2523.66277741
282.590147755 2523.66277741
283.18538759 2523.66277741
283.780627424 2523.66277741
284.375867259 2523.66277741
284.971107093 2523.66277741
285.566346928 2523.66277741
286.161586762 2523.66277741
286.756826597 2523.66277741
287.352066431 2523.66277741
287.947306266 2523.66277741
288.5425461 2523.66277741
289.137785935 2523.66277741
289.733025769 2523.66277741
290.328265603 2523.66277741
290.923505438 2523.66277741
291.518745272 2523.66277741
292.113985107 2523.66277741
292.709224941 2523.66277741
293.304464776 2523.66277741
293.89970461 2523.66277741
294.494944445 2523.66277741
295.090184279 2523.66277741
295.685424114 2523.66277741
296.280663948 2523.66277741
296.875903783 2523.66277741
297.471143617 2523.66277741
298.066383452 2523.66277741
298.661623286 2523.66277741
299.256863121 2523.66277741
299.852102955 2523.66277741
300.44734279 2523.66277741
301.042582624 2523.66277741
301.637822458 2523.66277741
302.233062293 2523.66277741
302.828302127 2523.66277741
303.423541962 2523.66277741
304.018781796 2523.66277741
304.614021631 2523.66277741
305.209261465 1510.14053452
305.8045013 1510.14053452
306.399741134 1510.14053452
306.994980969 1510.14053452
307.590220803 1510.14053452
308.185460638 1510.14053452
308.780700472 1510.14053452
309.375940307 1510.14053452
309.971180141 1510.14053452
310.566419976 1510.14053452
311.16165981 1510.14053452
311.756899644 1510.14053452
312.352139479 1510.14053452
312.947379313 1510.14053452
313.542619148 1510.14053452
314.137858982 1510.14053452
314.733098817 1510.14053452
315.328338651 1510.14053452
315.923578486 1510.14053452
316.51881832 1510.14053452
317.114058155 1510.14053452
317.709297989 1510.14053452
318.304537824 1510.14053452
318.899777658 1510.14053452
319.495017493 1510.14053452
320.090257327 1510.14053452
320.685497162 1510.14053452
321.280736996 1510.14053452
321.875976831 1510.14053452
322.471216665 1510.14053452
323.066456499 1510.14053452
323.661696334 1510.14053452
324.256936168 1510.14053452
324.852176003 1510.14053452
325.447415837 1510.14053452
326.042655672 1510.14053452
326.637895506 1510.14053452
327.233135341 1510.14053452
327.828375175 1510.14053452
328.42361501 1510.14053452
329.018854844 1510.14053452
329.614094679 1510.14053452
330.209334513 1510.14053452
330.804574348 1510.14053452
331.399814182 1510.14053452
331.995054017 1510.14053452
332.590293851 1510.14053452
333.185533685 1510.14053452
333.78077352 1510.14053452
334.376013354 1510.14053452
334.971253189 1510.14053452
335.566493023 1510.14053452
336.161732858 1510.14053452
336.756972692 1510.14053452
337.352212527 1510.14053452
337.947452361 1510.14053452
338.542692196 1510.14053452
339.13793203 1510.14053452
339.733171865 1510.14053452
340.328411699 1510.14053452
340.923651534 1510.14053452
341.518891368 1510.14053452
342.114131203 1510.14053452
342.709371037 1510.14053452
343.304610872 1510.14053452
343.899850706 1510.14053452
344.49509054 1510.14053452
345.090330375 1510.14053452
345.685570209 1510.14053452
346.280810044 1510.14053452
346.876049878 1510.14053452
347.471289713 1510.14053452
348.066529547 1510.14053452
348.661769382 1510.14053452
349.257009216 1510.14053452
349.852249051 1510.14053452
350.447488885 1510.14053452
351.04272872 1510.14053452
351.637968554 1510.14053452
352.233208389 1510.14053452
352.828448223 1510.14053452
353.423688058 1510.14053452
354.018927892 1510.14053452
354.614167727 1510.14053452
355.209407561 1510.14053452
355.804647395 1510.14053452
356.39988723 1510.14053452
356.995127064 1510.14053452
357.590366899 1510.14053452
358.185606733 1510.14053452
358.780846568 1510.14053452
359.376086402 1510.14053452
359.971326237 1510.14053452
360.566566071 1510.14053452
361.161805906 1510.14053452
361.75704574 1510.14053452
362.352285575 1510.14053452
362.947525409 1510.14053452
363.542765244 1510.14053452
364.138005078 1510.14053452
364.733244913 1510.14053452
365.328484747 1510.14053452
365.923724581 1510.14053452
366.518964416 1510.14053452
367.11420425 1510.14053452
367.709444085 1510.14053452
368.304683919 1510.14053452
368.899923754 1510.14053452
369.495163588 1510.14053452
370.090403423 1510.14053452
370.685643257 1510.14053452
371.280883092 1510.14053452
371.876122926 1510.14053452
372.471362761 1510.14053452
373.066602595 1510.14053452
373.66184243 1510.14053452
374.257082264 1510.14053452
374.852322099 1510.14053452
375.447561933 1510.14053452
376.042801768 1510.14053452
376.638041602 1510.14053452
377.233281436 1510.14053452
377.828521271 1510.14053452
378.423761105 1510.14053452
379.01900094 1510.14053452
379.614240774 1510.14053452
380.209480609 1510.14053452
380.804720443 1510.14053452
381.399960278 1510.14053452
381.995200112 1510.14053452
382.590439947 1510.14053452
383.185679781 1510.14053452
383.780919616 1510.14053452
384.37615945 1510.14053452
384.971399285 1510.14053452
385.566639119 1510.14053452
386.161878954 1510.14053452
386.757118788 1510.14053452
387.352358623 1510.14053452
387.947598457 1510.14053452
388.542838291 1510.14053452
389.138078126 1510.14053452
389.73331796 1510.14053452
390.328557795 1510.14053452
390.923797629 1510.14053452
391.519037464 1510.14053452
392.114277298 1510.14053452
392.709517133 1510.14053452
393.304756967 1510.14053452
393.899996802 1510.14053452
394.495236636 1510.14053452
395.090476471 1510.14053452
395.685716305 1510.14053452
396.28095614 1510.14053452
396.876195974 1510.14053452
397.471435809 1510.14053452
398.066675643 1510.14053452
398.661915477 1510.14053452
399.257155312 1510.14053452
399.852395146 1510.14053452
400.447634981 1510.14053452
401.042874815 1510.14053452
401.63811465 1510.14053452
402.233354484 1510.14053452
402.828594319 1510.14053452
403.423834153 1510.14053452
404.019073988 1510.14053452
404.614313822 1510.14053452
405.209553657 1510.14053452
405.804793491 1510.14053452
406.400033326 1510.14053452
406.99527316 1510.14053452
407.590512995 1510.14053452
408.185752829 1510.14053452
408.780992664 1510.14053452
409.376232498 1510.14053452
409.971472332 1510.14053452
410.566712167 1510.14053452
411.161952001 1510.14053452
411.757191836 1510.14053452
412.35243167 1510.14053452
412.947671505 1510.14053452
413.542911339 1510.14053452
414.138151174 1510.14053452
414.733391008 1510.14053452
415.328630843 1510.14053452
415.923870677 1510.14053452
416.519110512 1510.14053452
417.114350346 1510.14053452
417.709590181 1510.14053452
418.304830015 1510.14053452
418.90006985 1510.14053452
419.495309684 1510.14053452
420.090549519 1510.14053452
420.685789353 1510.14053452
421.281029187 1510.14053452
421.876269022 1510.14053452
422.471508856 1510.14053452
423.066748691 1510.14053452
423.661988525 1510.14053452
424.25722836 1510.14053452
424.852468194 1510.14053452
425.447708029 1510.14053452
426.042947863 1510.14053452
426.638187698 1510.14053452
427.233427532 1510.14053452
427.828667367 1510.14053452
428.423907201 1510.14053452
429.019147036 1510.14053452
429.61438687 1510.14053452
430.209626705 1510.14053452
430.804866539 1510.14053452
431.400106373 1510.14053452
431.995346208 1510.14053452
432.590586042 1510.14053452
433.185825877 1510.14053452
433.781065711 1510.14053452
434.376305546 1510.14053452
434.97154538 1510.14053452
435.566785215 1510.14053452
436.162025049 1510.14053452
436.757264884 1510.14053452
437.352504718 1510.14053452
437.947744553 1510.14053452
438.542984387 1510.14053452
439.138224222 1510.14053452
439.733464056 1510.14053452
440.328703891 1510.14053452
440.923943725 1510.14053452
441.51918356 1510.14053452
442.114423394 1510.14053452
442.709663228 1510.14053452
443.304903063 1510.14053452
443.900142897 1510.14053452
444.495382732 1510.14053452
445.090622566 1510.14053452
445.685862401 1510.14053452
446.281102235 1510.14053452
446.87634207 1510.14053452
447.471581904 1510.14053452
448.066821739 1510.14053452
448.662061573 1510.14053452
449.257301408 1510.14053452
449.852541242 1510.14053452
450.447781077 1510.14053452
451.043020911 1510.14053452
451.638260746 1510.14053452
452.23350058 1510.14053452
452.828740415 1510.14053452
453.423980249 1510.14053452
454.019220083 1510.14053452
454.614459918 1510.14053452
455.209699752 1510.14053452
455.804939587 1510.14053452
456.400179421 1510.14053452
456.995419256 1510.14053452
457.59065909 1349.21147893
458.185898925 1349.21147893
458.781138759 1349.21147893
459.376378594 1349.21147893
459.971618428 1349.21147893
460.566858263 1349.21147893
461.162098097 1349.21147893
461.757337932 1349.21147893
462.352577766 1349.21147893
462.947817601 1349.21147893
463.543057435 1349.21147893
464.138297269 1349.21147893
464.733537104 1349.21147893
465.328776938 1349.21147893
465.924016773 1349.21147893
466.519256607 1349.21147893
467.114496442 1349.21147893
467.709736276 1349.21147893
468.304976111 1349.21147893
468.900215945 1349.21147893
469.49545578 1349.21147893
470.090695614 1349.21147893
470.685935449 1349.21147893
471.281175283 1349.21147893
471.876415118 1349.21147893
472.471654952 1349.21147893
473.066894787 1349.21147893
473.662134621 1349.21147893
474.257374456 1349.21147893
474.85261429 1349.21147893
475.447854124 1349.21147893
476.043093959 1349.21147893
476.638333793 1349.21147893
477.233573628 1349.21147893
477.828813462 1349.21147893
478.424053297 1349.21147893
479.019293131 1349.21147893
479.614532966 1349.21147893
480.2097728 1349.21147893
480.805012635 1349.21147893
481.400252469 1349.21147893
481.995492304 1349.21147893
482.590732138 1349.21147893
483.185971973 1349.21147893
483.781211807 1349.21147893
484.376451642 1349.21147893
484.971691476 1349.21147893
485.56693131 1349.21147893
486.162171145 1349.21147893
486.757410979 1349.21147893
487.352650814 1349.21147893
487.947890648 1349.21147893
488.543130483 1349.21147893
489.138370317 1349.21147893
489.733610152 1349.21147893
490.328849986 1349.21147893
490.924089821 1349.21147893
491.519329655 1349.21147893
492.11456949 1349.21147893
492.709809324 1349.21147893
493.305049159 1349.21147893
493.900288993 1349.21147893
494.495528828 1349.21147893
495.090768662 1349.21147893
495.686008497 1349.21147893
496.281248331 1349.21147893
496.876488165 1349.21147893
497.471728 1349.21147893
498.066967834 1349.21147893
498.662207669 1349.21147893
499.257447503 1349.21147893
499.852687338 1349.21147893
500.447927172 1349.21147893
501.043167007 1349.21147893
501.638406841 1349.21147893
502.233646676 1349.21147893
502.82888651 1349.21147893
503.424126345 1349.21147893
504.019366179 1349.21147893
504.614606014 1349.21147893
505.209845848 1349.21147893
505.805085683 1349.21147893
506.400325517 1349.21147893
506.995565352 1349.21147893
507.590805186 1349.21147893
508.18604502 1349.21147893
508.781284855 1349.21147893
509.376524689 1349.21147893
509.971764524 1349.21147893
510.567004358 1349.21147893
511.162244193 1349.21147893
511.757484027 1349.21147893
512.352723862 1349.21147893
512.947963696 1349.21147893
513.543203531 1349.21147893
514.138443365 1349.21147893
514.7336832 1349.21147893
515.328923034 1349.21147893
515.924162869 1349.21147893
516.519402703 1349.21147893
517.114642538 1349.21147893
517.709882372 1349.21147893
518.305122206 1349.21147893
518.900362041 1349.21147893
519.495601875 1349.21147893
520.09084171 1349.21147893
520.686081544 1349.21147893
521.281321379 1349.21147893
521.876561213 1349.21147893
522.471801048 1349.21147893
523.067040882 1349.21147893
523.662280717 1349.21147893
524.257520551 1349.21147893
524.852760386 1349.21147893
525.44800022 1349.21147893
526.043240055 1349.21147893
526.638479889 1349.21147893
527.233719724 1349.21147893
527.828959558 1349.21147893
528.424199393 1349.21147893
529.019439227 1349.21147893
529.614679061 1349.21147893
530.209918896 1349.21147893
530.80515873 1349.21147893
531.400398565 1349.21147893
531.995638399 1349.21147893
532.590878234 1349.21147893
533.186118068 1349.21147893
533.781357903 1671.0695901
534.376597737 1671.0695901
534.971837572 1671.0695901
535.567077406 1671.0695901
536.162317241 1671.0695901
536.757557075 1671.0695901
537.35279691 1671.0695901
537.948036744 1671.0695901
538.543276579 1671.0695901
539.138516413 1671.0695901
539.733756248 1671.0695901
540.328996082 1671.0695901
540.924235916 1671.0695901
541.519475751 1671.0695901
542.114715585 1671.0695901
542.70995542 1671.0695901
543.305195254 1671.0695901
543.900435089 1671.0695901
544.495674923 1671.0695901
545.090914758 1671.0695901
545.686154592 1671.0695901
546.281394427 1671.0695901
546.876634261 1671.0695901
547.471874096 1671.0695901
548.06711393 1671.0695901
548.662353765 1671.0695901
549.257593599 1671.0695901
549.852833434 1671.0695901
550.448073268 1671.0695901
551.043313102 1671.0695901
551.638552937 1671.0695901
552.233792771 1671.0695901
552.829032606 1671.0695901
553.42427244 1671.0695901
554.019512275 1671.0695901
554.614752109 1671.0695901
555.209991944 1671.0695901
555.805231778 1671.0695901
556.400471613 1671.0695901
556.995711447 1671.0695901
557.590951282 1671.0695901
558.186191116 1671.0695901
558.781430951 1671.0695901
559.376670785 1671.0695901
559.97191062 1671.0695901
560.567150454 1671.0695901
561.162390289 1671.0695901
561.757630123 1671.0695901
562.352869957 1671.0695901
562.948109792 1671.0695901
563.543349626 1671.0695901
564.138589461 1671.0695901
564.733829295 1671.0695901
565.32906913 1671.0695901
565.924308964 1671.0695901
566.519548799 1671.0695901
567.114788633 1671.0695901
567.710028468 1671.0695901
568.305268302 1671.0695901
568.900508137 1671.0695901
569.495747971 1671.0695901
570.090987806 1671.0695901
570.68622764 1671.0695901
571.281467475 1671.0695901
571.876707309 1671.0695901
572.471947144 1671.0695901
573.067186978 1671.0695901
573.662426812 1671.0695901
574.257666647 1671.0695901
574.852906481 1671.0695901
575.448146316 1671.0695901
576.04338615 1671.0695901
576.638625985 1671.0695901
577.233865819 1671.0695901
577.829105654 1671.0695901
578.424345488 1671.0695901
579.019585323 1671.0695901
579.614825157 1671.0695901
580.210064992 1671.0695901
580.805304826 1671.0695901
581.400544661 1671.0695901
581.995784495 1671.0695901
582.59102433 1671.0695901
583.186264164 1671.0695901
583.781503998 1671.0695901
584.376743833 1671.0695901
584.971983667 1671.0695901
585.567223502 1671.0695901
586.162463336 1671.0695901
586.757703171 1671.0695901
587.352943005 1671.0695901
587.94818284 1671.0695901
588.543422674 1671.0695901
589.138662509 1671.0695901
589.733902343 1671.0695901
590.329142178 1671.0695901
590.924382012 1671.0695901
591.519621847 1671.0695901
592.114861681 1671.0695901
592.710101516 1671.0695901
593.30534135 1671.0695901
593.900581185 1671.0695901
594.495821019 1671.0695901
595.091060853 1671.0695901
595.686300688 1671.0695901
596.281540522 1671.0695901
596.876780357 1671.0695901
597.472020191 1671.0695901
598.067260026 1671.0695901
598.66249986 1671.0695901
599.257739695 1671.0695901
599.852979529 1671.0695901
600.448219364 1671.0695901
601.043459198 1671.0695901
601.638699033 1671.0695901
602.233938867 1671.0695901
602.829178702 1671.0695901
603.424418536 1671.0695901
604.019658371 1671.0695901
604.614898205 1671.0695901
605.21013804 1671.0695901
605.805377874 1671.0695901
606.400617708 1671.0695901
606.995857543 1671.0695901
607.591097377 1671.0695901
608.186337212 1671.0695901
608.781577046 1671.0695901
609.376816881 1671.0695901
609.972056715 2220.97619393
610.56729655 2220.97619393
611.162536384 2220.97619393
611.757776219 2220.97619393
612.353016053 2220.97619393
612.948255888 2220.97619393
613.543495722 2220.97619393
614.138735557 2220.97619393
614.733975391 2220.97619393
615.329215226 2220.97619393
615.92445506 2220.97619393
616.519694894 2220.97619393
617.114934729 2220.97619393
617.710174563 2220.97619393
618.305414398 2220.97619393
618.900654232 2220.97619393
619.495894067 2220.97619393
620.091133901 2220.97619393
620.686373736 2220.97619393
621.28161357 2220.97619393
621.876853405 2220.97619393
622.472093239 2220.97619393
623.067333074 2220.97619393
623.662572908 2220.97619393
624.257812743 2220.97619393
624.853052577 2220.97619393
625.448292412 2220.97619393
626.043532246 2220.97619393
626.638772081 2220.97619393
627.234011915 2220.97619393
627.829251749 2220.97619393
628.424491584 2220.97619393
629.019731418 2220.97619393
629.614971253 2220.97619393
630.210211087 2220.97619393
630.805450922 2220.97619393
631.400690756 2220.97619393
631.995930591 2220.97619393
632.591170425 2220.97619393
633.18641026 2220.97619393
633.781650094 2220.97619393
634.376889929 2220.97619393
634.972129763 2220.97619393
635.567369598 2220.97619393
636.162609432 2220.97619393
636.757849267 2220.97619393
637.353089101 2220.97619393
637.948328935 2220.97619393
638.54356877 1273.00688269
639.138808604 1273.00688269
639.734048439 1273.00688269
640.329288273 1273.00688269
640.924528108 1273.00688269
641.519767942 1273.00688269
642.115007777 1273.00688269
642.710247611 1273.00688269
643.305487446 3168.94550517
643.90072728 3168.94550517
644.495967115 3168.94550517
645.091206949 3168.94550517
645.686446784 3168.94550517
646.281686618 3168.94550517
646.876926453 3168.94550517
647.472166287 3168.94550517
648.067406122 2220.97619393
648.662645956 2220.97619393
649.25788579 2220.97619393
649.853125625 2220.97619393
650.448365459 2220.97619393
651.043605294 2220.97619393
651.638845128 2220.97619393
652.234084963 2220.97619393
652.829324797 2220.97619393
653.424564632 2220.97619393
654.019804466 2220.97619393
654.615044301 2220.97619393
655.210284135 2220.97619393
655.80552397 2220.97619393
656.400763804 2220.97619393
656.996003639 2220.97619393
657.591243473 2220.97619393
658.186483308 2220.97619393
658.781723142 2220.97619393
659.376962977 2220.97619393
659.972202811 2220.97619393
660.567442645 2220.97619393
661.16268248 2220.97619393
661.757922314 2220.97619393
662.353162149 2220.97619393
662.948401983 2220.97619393
663.543641818 2220.97619393
664.138881652 2220.97619393
664.734121487 2220.97619393
665.329361321 2220.97619393
665.924601156 2220.97619393
666.51984099 2220.97619393
667.115080825 2220.97619393
667.710320659 2220.97619393
668.305560494 2220.97619393
668.900800328 2220.97619393
669.496040163 2220.97619393
670.091279997 2220.97619393
670.686519831 2220.97619393
671.281759666 2220.97619393
671.8769995 2220.97619393
672.472239335 2220.97619393
673.067479169 2220.97619393
673.662719004 2220.97619393
674.257958838 2220.97619393
674.853198673 2220.97619393
675.448438507 2220.97619393
676.043678342 2220.97619393
676.638918176 2220.97619393
677.234158011 2220.97619393
677.829397845 2220.97619393
678.42463768 2220.97619393
679.019877514 2220.97619393
679.615117349 2220.97619393
680.210357183 2220.97619393
680.805597018 2220.97619393
681.400836852 2220.97619393
681.996076686 2220.97619393
682.591316521 2220.97619393
683.186556355 2220.97619393
683.78179619 2220.97619393
684.377036024 2220.97619393
684.972275859 2220.97619393
685.567515693 2220.97619393
686.162755528 2793.07684132
686.757995362 2793.07684132
687.353235197 2793.07684132
687.948475031 2793.07684132
688.543714866 2793.07684132
689.1389547 2793.07684132
689.734194535 2793.07684132
690.329434369 2793.07684132
690.924674204 2793.07684132
691.519914038 2793.07684132
692.115153873 2793.07684132
692.710393707 2793.07684132
693.305633541 2793.07684132
693.900873376 2793.07684132
694.49611321 2793.07684132
695.091353045 2793.07684132
695.686592879 2793.07684132
696.281832714 2793.07684132
696.877072548 2793.07684132
697.472312383 2793.07684132
698.067552217 2793.07684132
698.662792052 2793.07684132
699.258031886 2793.07684132
699.853271721 2793.07684132
700.448511555 2793.07684132
701.04375139 2793.07684132
701.638991224 2793.07684132
702.234231059 2793.07684132
702.829470893 2793.07684132
703.424710727 2793.07684132
704.019950562 2793.07684132
704.615190396 2793.07684132
705.210430231 2147.35975862
705.805670065 2147.35975862
706.4009099 2147.35975862
706.996149734 2147.35975862
707.591389569 2147.35975862
708.186629403 2147.35975862
708.781869238 2147.35975862
709.377109072 2147.35975862
709.972348907 2147.35975862
710.567588741 2147.35975862
711.162828576 2147.35975862
711.75806841 2147.35975862
712.353308245 2147.35975862
712.948548079 2147.35975862
713.543787914 2147.35975862
714.139027748 2147.35975862
714.734267582 2147.35975862
715.329507417 2147.35975862
715.924747251 2147.35975862
716.519987086 2147.35975862
717.11522692 2147.35975862
717.710466755 2147.35975862
718.305706589 2147.35975862
718.900946424 2147.35975862
719.496186258 2147.35975862
720.091426093 2147.35975862
720.686665927 2147.35975862
721.281905762 2147.35975862
721.877145596 2147.35975862
722.472385431 2147.35975862
723.067625265 2147.35975862
723.6628651 2147.35975862
724.258104934 1971.73408789
724.853344769 1971.73408789
725.448584603 1971.73408789
726.043824437 1971.73408789
726.639064272 1971.73408789
727.234304106 1971.73408789
727.829543941 1971.73408789
728.424783775 1971.73408789
729.02002361 1971.73408789
729.615263444 1971.73408789
730.210503279 1971.73408789
730.805743113 1971.73408789
731.400982948 1971.73408789
731.996222782 1971.73408789
732.591462617 1971.73408789
733.186702451 1971.73408789
733.781942286 1971.73408789
734.37718212 1971.73408789
734.972421955 1971.73408789
735.567661789 1971.73408789
736.162901623 1971.73408789
736.758141458 1971.73408789
737.353381292 1971.73408789
737.948621127 1971.73408789
738.543860961 1971.73408789
739.139100796 1971.73408789
739.73434063 1971.73408789
740.329580465 1971.73408789
740.924820299 1971.73408789
741.520060134 1971.73408789
742.115299968 1971.73408789
742.710539803 1971.73408789
743.305779637 1971.73408789
743.901019472 1971.73408789
744.496259306 1971.73408789
745.091499141 1971.73408789
745.686738975 1971.73408789
746.28197881 1971.73408789
746.877218644 1971.73408789
747.472458478 1971.73408789
748.067698313 1971.73408789
748.662938147 1971.73408789
749.258177982 1971.73408789
749.853417816 1971.73408789
750.448657651 1971.73408789
751.043897485 1971.73408789
751.63913732 1971.73408789
752.234377154 1971.73408789
752.829616989 1971.73408789
753.424856823 1971.73408789
754.020096658 1971.73408789
754.615336492 1971.73408789
755.210576327 1971.73408789
755.805816161 1971.73408789
756.401055996 1971.73408789
756.99629583 1971.73408789
757.591535665 1971.73408789
758.186775499 1971.73408789
758.782015333 1971.73408789
759.377255168 1971.73408789
759.972495002 1971.73408789
760.567734837 1971.73408789
761.162974671 1971.73408789
761.758214506 1971.73408789
762.35345434 2076.8016237
762.948694175 2076.8016237
763.543934009 2076.8016237
764.139173844 2076.8016237
764.734413678 2076.8016237
765.329653513 2076.8016237
765.924893347 2076.8016237
766.520133182 2076.8016237
767.115373016 2076.8016237
767.710612851 2076.8016237
768.305852685 2076.8016237
768.901092519 2076.8016237
769.496332354 2076.8016237
770.091572188 2076.8016237
770.686812023 2076.8016237
771.282051857 2076.8016237
771.877291692 2076.8016237
772.472531526 2076.8016237
773.067771361 2076.8016237
773.663011195 2076.8016237
774.25825103 2076.8016237
774.853490864 2076.8016237
775.448730699 2076.8016237
776.043970533 2076.8016237
776.639210368 2076.8016237
777.234450202 2076.8016237
777.829690037 2076.8016237
778.424929871 2076.8016237
779.020169706 2076.8016237
779.61540954 2076.8016237
780.210649374 2076.8016237
780.805889209 2076.8016237
781.401129043 2076.8016237
781.996368878 2076.8016237
782.591608712 2076.8016237
783.186848547 2076.8016237
783.782088381 2076.8016237
784.377328216 2076.8016237
784.97256805 2076.8016237
785.567807885 2076.8016237
786.163047719 2076.8016237
786.758287554 2076.8016237
787.353527388 2076.8016237
787.948767223 2076.8016237
788.544007057 2076.8016237
789.139246892 2076.8016237
789.734486726 2076.8016237
790.32972656 2076.8016237
790.924966395 2076.8016237
791.520206229 2076.8016237
792.115446064 2076.8016237
792.710685898 2076.8016237
793.305925733 2076.8016237
793.901165567 2076.8016237
794.496405402 2076.8016237
795.091645236 2076.8016237
795.686885071 2076.8016237
796.282124905 2076.8016237
796.87736474 2076.8016237
797.472604574 2076.8016237
798.067844409 2076.8016237
798.663084243 2076.8016237
799.258324078 2076.8016237
799.853563912 2076.8016237
800.448803747 2652.92764246
801.044043581 2652.92764246
801.639283415 2652.92764246
802.23452325 2652.92764246
802.829763084 2652.92764246
803.425002919 2652.92764246
804.020242753 2652.92764246
804.615482588 2652.92764246
805.210722422 2652.92764246
805.805962257 2652.92764246
806.401202091 2652.92764246
806.996441926 2652.92764246
807.59168176 2652.92764246
808.186921595 2652.92764246
808.782161429 2652.92764246
809.377401264 2652.92764246
809.972641098 2652.92764246
810.567880933 2652.92764246
811.163120767 2652.92764246
811.758360602 2652.92764246
812.353600436 2652.92764246
812.94884027 2652.92764246
813.544080105 2652.92764246
814.139319939 2652.92764246
814.734559774 2652.92764246
815.329799608 2652.92764246
815.925039443 2652.92764246
816.520279277 2652.92764246
817.115519112 2652.92764246
817.710758946 2652.92764246
818.305998781 2652.92764246
818.901238615 2652.92764246
819.49647845 2652.92764246
820.091718284 2652.92764246
820.686958119 2652.92764246
821.282197953 2652.92764246
821.877437788 2652.92764246
822.472677622 2652.92764246
823.067917456 2652.92764246
823.663157291 2652.92764246
824.258397125 2652.92764246
824.85363696 2652.92764246
825.448876794 2652.92764246
826.044116629 2652.92764246
826.639356463 2652.92764246
827.234596298 2652.92764246
827.829836132 2652.92764246
828.425075967 2652.92764246
829.020315801 2652.92764246
829.615555636 2652.92764246
830.21079547 2652.92764246
830.806035305 2652.92764246
831.401275139 2652.92764246
831.996514974 2652.92764246
832.591754808 2652.92764246
833.186994643 2652.92764246
833.782234477 2652.92764246
834.377474311 2652.92764246
834.972714146 2652.92764246
835.56795398 2652.92764246
836.163193815 2652.92764246
836.758433649 2652.92764246
837.353673484 2652.92764246
837.948913318 2652.92764246
838.544153153 2077.08775478
839.139392987 2077.08775478
839.734632822 2077.08775478
840.329872656 2077.08775478
840.925112491 2077.08775478
841.520352325 2077.08775478
842.11559216 2077.08775478
842.710831994 2077.08775478
843.306071829 2077.08775478
843.901311663 2077.08775478
844.496551498 2077.08775478
845.091791332 2077.08775478
845.687031166 2077.08775478
846.282271001 2077.08775478
846.877510835 2077.08775478
847.47275067 2077.08775478
848.067990504 2077.08775478
848.663230339 2077.08775478
849.258470173 2077.08775478
849.853710008 2077.08775478
850.448949842 2077.08775478
851.044189677 2077.08775478
851.639429511 2077.08775478
852.234669346 2077.08775478
852.82990918 2077.08775478
853.425149015 2077.08775478
854.020388849 2077.08775478
854.615628684 2077.08775478
855.210868518 2077.08775478
855.806108352 2077.08775478
856.401348187 2077.08775478
856.996588021 2077.08775478
857.591827856 2077.08775478
858.18706769 2077.08775478
858.782307525 2077.08775478
859.377547359 2077.08775478
859.972787194 2077.08775478
860.568027028 2077.08775478
861.163266863 2077.08775478
861.758506697 2077.08775478
862.353746532 2077.08775478
862.948986366 2077.08775478
863.544226201 2077.08775478
864.139466035 2077.08775478
864.73470587 2077.08775478
865.329945704 2077.08775478
865.925185539 2077.08775478
866.520425373 2077.08775478
867.115665207 2077.08775478
867.710905042 2077.08775478
868.306144876 2077.08775478
868.901384711 2077.08775478
869.496624545 2077.08775478
870.09186438 2077.08775478
870.687104214 2077.08775478
871.282344049 2077.08775478
871.877583883 2077.08775478
872.472823718 2077.08775478
873.068063552 2077.08775478
873.663303387 2077.08775478
874.258543221 2077.08775478
874.853783056 2077.08775478
875.44902289 2077.08775478
876.044262725 2077.08775478
876.639502559 2077.08775478
877.234742394 2077.08775478
877.829982228 2077.08775478
878.425222062 2077.08775478
879.020461897 2077.08775478
879.615701731 2077.08775478
880.210941566 2077.08775478
880.8061814 2077.08775478
881.401421235 2077.08775478
881.996661069 2077.08775478
882.591900904 2077.08775478
883.187140738 2077.08775478
883.782380573 2077.08775478
884.377620407 2077.08775478
884.972860242 2077.08775478
885.568100076 2077.08775478
886.163339911 2077.08775478
886.758579745 2077.08775478
887.35381958 2077.08775478
887.949059414 2077.08775478
888.544299248 2077.08775478
889.139539083 2077.08775478
889.734778917 2077.08775478
890.330018752 2077.08775478
890.925258586 2077.08775478
891.520498421 2077.08775478
892.115738255 2077.08775478
892.71097809 2077.08775478
893.306217924 2077.08775478
893.901457759 2077.08775478
894.496697593 2077.08775478
895.091937428 2077.08775478
895.687177262 2077.08775478
896.282417097 2077.08775478
896.877656931 2077.08775478
897.472896766 2077.08775478
898.0681366 2077.08775478
898.663376435 2077.08775478
899.258616269 2077.08775478
899.853856103 2077.08775478
900.449095938 2077.08775478
901.044335772 2077.08775478
901.639575607 2077.08775478
902.234815441 2077.08775478
902.830055276 2077.08775478
903.42529511 2077.08775478
904.020534945 2077.08775478
904.615774779 2077.08775478
905.211014614 2077.08775478
905.806254448 2077.08775478
906.401494283 2077.08775478
906.996734117 2077.08775478
907.591973952 2077.08775478
908.187213786 2077.08775478
908.782453621 2077.08775478
909.377693455 2077.08775478
909.97293329 2077.08775478
910.568173124 2077.08775478
911.163412958 2077.08775478
911.758652793 2077.08775478
912.353892627 2077.08775478
912.949132462 2077.08775478
913.544372296 2077.08775478
914.139612131 2077.08775478
914.734851965 1797.69549094
915.3300918 1797.69549094
915.925331634 1797.69549094
916.520571469 1797.69549094
917.115811303 1797.69549094
917.711051138 1797.69549094
918.306290972 1797.69549094
918.901530807 1797.69549094
919.496770641 1797.69549094
920.092010476 1797.69549094
920.68725031 1797.69549094
921.282490144 1797.69549094
921.877729979 1797.69549094
922.472969813 1797.69549094
923.068209648 1797.69549094
923.663449482 1797.69549094
924.258689317 1797.69549094
924.853929151 1797.69549094
925.449168986 1797.69549094
926.04440882 1797.69549094
926.639648655 1797.69549094
927.234888489 1797.69549094
927.830128324 1797.69549094
928.425368158 1797.69549094
929.020607993 1797.69549094
929.615847827 1797.69549094
930.211087662 1797.69549094
930.806327496 1797.69549094
931.401567331 1797.69549094
931.996807165 1797.69549094
932.592046999 1797.69549094
933.187286834 1797.69549094
933.782526668 1797.69549094
934.377766503 1797.69549094
934.973006337 1797.69549094
935.568246172 1797.69549094
936.163486006 1797.69549094
936.758725841 1797.69549094
937.353965675 1797.69549094
937.94920551 1797.69549094
938.544445344 1797.69549094
939.139685179 1797.69549094
939.734925013 1797.69549094
940.330164848 1797.69549094
940.925404682 1797.69549094
941.520644517 1797.69549094
942.115884351 1797.69549094
942.711124185 1797.69549094
943.30636402 1797.69549094
943.901603854 1797.69549094
944.496843689 1797.69549094
945.092083523 1797.69549094
945.687323358 1797.69549094
946.282563192 1797.69549094
946.877803027 1797.69549094
947.473042861 1797.69549094
948.068282696 1797.69549094
948.66352253 1797.69549094
949.258762365 1797.69549094
949.854002199 1797.69549094
950.449242034 1797.69549094
951.044481868 1797.69549094
951.639721703 1797.69549094
952.234961537 1797.69549094
952.830201372 1797.69549094
953.425441206 1797.69549094
954.02068104 1797.69549094
954.615920875 1797.69549094
955.211160709 1797.69549094
955.806400544 1797.69549094
956.401640378 1797.69549094
956.996880213 1797.69549094
957.592120047 1797.69549094
958.187359882 1797.69549094
958.782599716 1797.69549094
959.377839551 1797.69549094
959.973079385 1797.69549094
960.56831922 1797.69549094
961.163559054 1797.69549094
961.758798889 1797.69549094
962.354038723 1797.69549094
962.949278558 1797.69549094
963.544518392 1797.69549094
964.139758227 1797.69549094
964.734998061 1797.69549094
965.330237895 1797.69549094
965.92547773 1797.69549094
966.520717564 1797.69549094
967.115957399 1797.69549094
967.711197233 1797.69549094
968.306437068 1797.69549094
968.901676902 1797.69549094
969.496916737 1797.69549094
970.092156571 1797.69549094
970.687396406 1797.69549094
971.28263624 1797.69549094
971.877876075 1797.69549094
972.473115909 1797.69549094
973.068355744 1797.69549094
973.663595578 1797.69549094
974.258835413 1797.69549094
974.854075247 1797.69549094
975.449315081 1797.69549094
976.044554916 1797.69549094
976.63979475 1797.69549094
977.235034585 1797.69549094
977.830274419 1797.69549094
978.425514254 1797.69549094
979.020754088 1797.69549094
979.615993923 1797.69549094
980.211233757 1797.69549094
980.806473592 1797.69549094
981.401713426 1797.69549094
981.996953261 1797.69549094
982.592193095 1797.69549094
983.18743293 1797.69549094
983.782672764 1797.69549094
984.377912599 1797.69549094
984.973152433 1797.69549094
985.568392268 1797.69549094
986.163632102 1797.69549094
986.758871936 1797.69549094
987.354111771 1797.69549094
987.949351605 1797.69549094
988.54459144 1797.69549094
989.139831274 1797.69549094
989.735071109 1797.69549094
990.330310943 1797.69549094
990.925550778 1797.69549094
991.520790612 1797.69549094
992.116030447 1797.69549094
992.711270281 1797.69549094
993.306510116 1797.69549094
993.90174995 1797.69549094
994.496989785 1797.69549094
995.092229619 1797.69549094
995.687469454 1797.69549094
996.282709288 1797.69549094
996.877949123 1797.69549094
997.473188957 1797.69549094
998.068428791 1797.69549094
998.663668626 1797.69549094
999.25890846 1797.69549094
999.854148295 1797.69549094
1000.44938813 1797.69549094
1001.04462796 1797.69549094
1001.6398678 1797.69549094
1002.23510763 1797.69549094
1002.83034747 1797.69549094
1003.4255873 1797.69549094
1004.02082714 1797.69549094
1004.61606697 1797.69549094
1005.21130681 1797.69549094
1005.80654664 1797.69549094
1006.40178647 1797.69549094
1006.99702631 1797.69549094
1007.59226614 1797.69549094
1008.18750598 1797.69549094
1008.78274581 1797.69549094
1009.37798565 1797.69549094
1009.97322548 1797.69549094
1010.56846532 1797.69549094
1011.16370515 1797.69549094
1011.75894498 1797.69549094
1012.35418482 1797.69549094
1012.94942465 1797.69549094
1013.54466449 1797.69549094
1014.13990432 1797.69549094
1014.73514416 1797.69549094
1015.33038399 1797.69549094
1015.92562383 1797.69549094
1016.52086366 1797.69549094
1017.11610349 1797.69549094
1017.71134333 1797.69549094
1018.30658316 1797.69549094
1018.901823 1797.69549094
1019.49706283 1797.69549094
1020.09230267 1797.69549094
1020.6875425 1797.69549094
1021.28278234 1797.69549094
1021.87802217 1797.69549094
1022.473262 1797.69549094
1023.06850184 1797.69549094
1023.66374167 1797.69549094
1024.25898151 1797.69549094
1024.85422134 1797.69549094
1025.44946118 1797.69549094
1026.04470101 1797.69549094
1026.63994085 1797.69549094
1027.23518068 1797.69549094
1027.83042052 1797.69549094
1028.42566035 1797.69549094
1029.02090018 1797.69549094
1029.61614002 1797.69549094
1030.21137985 1797.69549094
1030.80661969 1797.69549094
1031.40185952 1797.69549094
1031.99709936 1797.69549094
1032.59233919 1797.69549094
1033.18757903 1797.69549094
1033.78281886 1797.69549094
1034.37805869 1797.69549094
1034.97329853 1797.69549094
1035.56853836 1797.69549094
1036.1637782 1797.69549094
1036.75901803 1797.69549094
1037.35425787 1797.69549094
1037.9494977 1797.69549094
1038.54473754 1797.69549094
1039.13997737 1797.69549094
1039.7352172 1797.69549094
1040.33045704 1797.69549094
1040.92569687 1797.69549094
1041.52093671 1797.69549094
1042.11617654 1797.69549094
1042.71141638 1797.69549094
1043.30665621 1797.69549094
1043.90189605 1797.69549094
1044.49713588 1797.69549094
1045.09237571 1797.69549094
1045.68761555 1797.69549094
1046.28285538 1797.69549094
1046.87809522 1797.69549094
1047.47333505 1797.69549094
1048.06857489 1797.69549094
1048.66381472 1797.69549094
1049.25905456 1797.69549094
1049.85429439 1797.69549094
1050.44953423 1797.69549094
1051.04477406 1797.69549094
1051.64001389 1797.69549094
1052.23525373 1797.69549094
1052.83049356 1797.69549094
1053.4257334 1797.69549094
1054.02097323 1797.69549094
1054.61621307 1797.69549094
1055.2114529 1797.69549094
1055.80669274 1797.69549094
1056.40193257 1797.69549094
1056.9971724 1797.69549094
1057.59241224 1797.69549094
1058.18765207 1797.69549094
1058.78289191 1797.69549094
1059.37813174 1797.69549094
1059.97337158 1797.69549094
1060.56861141 1797.69549094
1061.16385125 1797.69549094
1061.75909108 1797.69549094
1062.35433091 1797.69549094
1062.94957075 1797.69549094
1063.54481058 1797.69549094
1064.14005042 1797.69549094
1064.73529025 1797.69549094
1065.33053009 1797.69549094
1065.92576992 1797.69549094
1066.52100976 1797.69549094
1067.11624959 1797.69549094
1067.71148942 1797.69549094
1068.30672926 1797.69549094
1068.90196909 1797.69549094
1069.49720893 1797.69549094
1070.09244876 1797.69549094
1070.6876886 1797.69549094
1071.28292843 1797.69549094
1071.87816827 1797.69549094
1072.4734081 1797.69549094
1073.06864794 1797.69549094
1073.66388777 1797.69549094
1074.2591276 1797.69549094
1074.85436744 1797.69549094
1075.44960727 1797.69549094
1076.04484711 1797.69549094
1076.64008694 1797.69549094
1077.23532678 1797.69549094
1077.83056661 1797.69549094
1078.42580645 1797.69549094
1079.02104628 1797.69549094
1079.61628611 1797.69549094
1080.21152595 1797.69549094
1080.80676578 1797.69549094
1081.40200562 1797.69549094
1081.99724545 1797.69549094
1082.59248529 1797.69549094
1083.18772512 1797.69549094
1083.78296496 1797.69549094
1084.37820479 1797.69549094
1084.97344462 1797.69549094
1085.56868446 1797.69549094
1086.16392429 1797.69549094
1086.75916413 1797.69549094
1087.35440396 1797.69549094
1087.9496438 1797.69549094
1088.54488363 1797.69549094
1089.14012347 1797.69549094
1089.7353633 1797.69549094
1090.33060313 1797.69549094
1090.92584297 1797.69549094
1091.5210828 1797.69549094
1092.11632264 1797.69549094
1092.71156247 1797.69549094
1093.30680231 1797.69549094
1093.90204214 1797.69549094
1094.49728198 1797.69549094
1095.09252181 1797.69549094
1095.68776164 1797.69549094
1096.28300148 1797.69549094
1096.87824131 1797.69549094
1097.47348115 1797.69549094
1098.06872098 1797.69549094
1098.66396082 1797.69549094
1099.25920065 1797.69549094
1099.85444049 1797.69549094
1100.44968032 1797.69549094
1101.04492016 1797.69549094
1101.64015999 1797.69549094
1102.23539982 1797.69549094
1102.83063966 1797.69549094
1103.42587949 1797.69549094
1104.02111933 1797.69549094
1104.61635916 1797.69549094
1105.211599 1797.69549094
1105.80683883 1797.69549094
1106.40207867 1797.69549094
1106.9973185 1797.69549094
1107.59255833 1797.69549094
1108.18779817 1797.69549094
1108.783038 1797.69549094
1109.37827784 1797.69549094
1109.97351767 1797.69549094
1110.56875751 1797.69549094
1111.16399734 1797.69549094
1111.75923718 1797.69549094
1112.35447701 1797.69549094
1112.94971684 1797.69549094
1113.54495668 1797.69549094
1114.14019651 1797.69549094
1114.73543635 1797.69549094
1115.33067618 1797.69549094
1115.92591602 1797.69549094
1116.52115585 1797.69549094
1117.11639569 1797.69549094
1117.71163552 1797.69549094
1118.30687535 1797.69549094
1118.90211519 1797.69549094
1119.49735502 1797.69549094
1120.09259486 1797.69549094
1120.68783469 1797.69549094
1121.28307453 1797.69549094
1121.87831436 1797.69549094
1122.4735542 1797.69549094
1123.06879403 1797.69549094
1123.66403387 1797.69549094
1124.2592737 1797.69549094
1124.85451353 1797.69549094
1125.44975337 1797.69549094
1126.0449932 1797.69549094
1126.64023304 1797.69549094
1127.23547287 1797.69549094
1127.83071271 1797.69549094
1128.42595254 1797.69549094
1129.02119238 1797.69549094
1129.61643221 1797.69549094
1130.21167204 1797.69549094
1130.80691188 1797.69549094
1131.40215171 1797.69549094
1131.99739155 1797.69549094
1132.59263138 1797.69549094
1133.18787122 1797.69549094
1133.78311105 1797.69549094
1134.37835089 1797.69549094
1134.97359072 1797.69549094
1135.56883055 1797.69549094
1136.16407039 1797.69549094
1136.75931022 1797.69549094
1137.35455006 1797.69549094
1137.94978989 1797.69549094
1138.54502973 1797.69549094
1139.14026956 1797.69549094
1139.7355094 1797.69549094
1140.33074923 1797.69549094
1140.92598906 1797.69549094
1141.5212289 1797.69549094
1142.11646873 1797.69549094
1142.71170857 1797.69549094
1143.3069484 1797.69549094
1143.90218824 1797.69549094
1144.49742807 1797.69549094
1145.09266791 1797.69549094
1145.68790774 1797.69549094
1146.28314758 1797.69549094
1146.87838741 1797.69549094
1147.47362724 1797.69549094
1148.06886708 1797.69549094
1148.66410691 1797.69549094
1149.25934675 1797.69549094
1149.85458658 1797.69549094
1150.44982642 1797.69549094
1151.04506625 1797.69549094
1151.64030609 1797.69549094
1152.23554592 1797.69549094
1152.83078575 1797.69549094
1153.42602559 1797.69549094
1154.02126542 1797.69549094
1154.61650526 1797.69549094
1155.21174509 1797.69549094
1155.80698493 1797.69549094
1156.40222476 1797.69549094
1156.9974646 1797.69549094
1157.59270443 1797.69549094
1158.18794426 1797.69549094
1158.7831841 1797.69549094
1159.37842393 1797.69549094
1159.97366377 1797.69549094
1160.5689036 1797.69549094
1161.16414344 1797.69549094
1161.75938327 1797.69549094
1162.35462311 1797.69549094
1162.94986294 1797.69549094
1163.54510277 1797.69549094
1164.14034261 1797.69549094
1164.73558244 1797.69549094
1165.33082228 1797.69549094
1165.92606211 1797.69549094
1166.52130195 1797.69549094
1167.11654178 1797.69549094
1167.71178162 1797.69549094
1168.30702145 1797.69549094
1168.90226129 1797.69549094
1169.49750112 1797.69549094
1170.09274095 1797.69549094
1170.68798079 1797.69549094
1171.28322062 1797.69549094
1171.87846046 1797.69549094
1172.47370029 1797.69549094
1173.06894013 1797.69549094
1173.66417996 1797.69549094
1174.2594198 1797.69549094
1174.85465963 1797.69549094
1175.44989946 1797.69549094
1176.0451393 1797.69549094
1176.64037913 1797.69549094
1177.23561897 1797.69549094
1177.8308588 1797.69549094
1178.42609864 1797.69549094
1179.02133847 1797.69549094
1179.61657831 1797.69549094
1180.21181814 1797.69549094
1180.80705797 1797.69549094
1181.40229781 1797.69549094
1181.99753764 1797.69549094
1182.59277748 1797.69549094
1183.18801731 1797.69549094
1183.78325715 1797.69549094
1184.37849698 1797.69549094
1184.97373682 1797.69549094
1185.56897665 1797.69549094
1186.16421648 1797.69549094
1186.75945632 1797.69549094
1187.35469615 1797.69549094
1187.94993599 1797.69549094
1188.54517582 1797.69549094
1189.14041566 1797.69549094
1189.73565549 1797.69549094
1190.33089533 1797.69549094
1190.92613516 1797.69549094
1191.521375 1797.69549094
1192.11661483 1797.69549094
1192.71185466 1797.69549094
1193.3070945 1797.69549094
1193.90233433 1797.69549094
1194.49757417 1797.69549094
1195.092814 1797.69549094
1195.68805384 1797.69549094
1196.28329367 1797.69549094
1196.87853351 1797.69549094
1197.47377334 1797.69549094
1198.06901317 1797.69549094
1198.66425301 1797.69549094
1199.25949284 1797.69549094
1199.85473268 1797.69549094
1200.44997251 1797.69549094
1201.04521235 1797.69549094
1201.64045218 1797.69549094
1202.23569202 1797.69549094
1202.83093185 1797.69549094
1203.42617168 1797.69549094
1204.02141152 1797.69549094
1204.61665135 1797.69549094
1205.21189119 1797.69549094
1205.80713102 1797.69549094
1206.40237086 1797.69549094
1206.99761069 1797.69549094
1207.59285053 1797.69549094
1208.18809036 1797.69549094
1208.78333019 1797.69549094
1209.37857003 1797.69549094
1209.97380986 1797.69549094
1210.5690497 1797.69549094
1211.16428953 1797.69549094
1211.75952937 1797.69549094
1212.3547692 1797.69549094
1212.95000904 1797.69549094
1213.54524887 1797.69549094
1214.14048871 1797.69549094
1214.73572854 1797.69549094
1215.33096837 1797.69549094
1215.92620821 1797.69549094
1216.52144804 1797.69549094
1217.11668788 1797.69549094
1217.71192771 1797.69549094
1218.30716755 1797.69549094
1218.90240738 1797.69549094
