0.446466215283 3138.63984023
1.04170604976 3138.63984023
1.63694588423 3138.63984023
2.2321857187 3138.63984023
2.82742555317 3138.63984023
3.42266538765 3138.63984023
4.01790522212 3138.63984023
4.61314505659 3138.63984023
5.20838489106 3138.63984023
5.80362472554 3138.63984023
6.39886456001 3138.63984023
6.99410439448 3138.63984023
7.58934422895 3138.63984023
8.18458406343 3138.63984023
8.7798238979 3138.63984023
9.37506373237 3138.63984023
9.97030356685 3138.63984023
10.5655434013 3138.63984023
11.1607832358 3138.63984023
11.7560230703 3138.63984023
12.3512629047 3138.63984023
12.9465027392 3138.63984023
13.5417425737 3138.63984023
14.1369824082 3138.63984023
14.7322222426 3138.63984023
15.3274620771 3138.63984023
15.9227019116 3138.63984023
16.517941746 3138.63984023
17.1131815805 3138.63984023
17.708421415 3138.63984023
18.3036612495 3138.63984023
18.8989010839 3138.63984023
19.4941409184 3138.63984023
20.0893807529 3138.63984023
20.6846205874 3138.63984023
21.2798604218 3138.63984023
21.8751002563 3138.63984023
22.4703400908 3138.63984023
23.0655799252 3138.63984023
23.6608197597 3138.63984023
24.2560595942 3138.63984023
24.8512994287 3138.63984023
25.4465392631 3138.63984023
26.0417790976 3138.63984023
26.6370189321 3138.63984023
27.2322587666 3138.63984023
27.827498601 3138.63984023
28.4227384355 3138.63984023
29.01797827 3138.63984023
29.6132181044 3138.63984023
30.2084579389 3138.63984023
30.8036977734 3138.63984023
31.3989376079 3138.63984023
31.9941774423 3138.63984023
32.5894172768 3138.63984023
33.1846571113 3138.63984023
33.7798969458 3138.63984023
34.3751367802 3138.63984023
34.9703766147 3138.63984023
35.5656164492 3138.63984023
36.1608562836 3138.63984023
36.7560961181 3138.63984023
37.3513359526 3138.63984023
37.9465757871 3138.63984023
38.5418156215 3138.63984023
39.137055456 3138.63984023
39.7322952905 3138.63984023
40.327535125 3138.63984023
40.9227749594 3138.63984023
41.5180147939 3138.63984023
42.1132546284 3138.63984023
42.7084944628 3138.63984023
43.3037342973 3138.63984023
43.8989741318 3138.63984023
44.4942139663 3138.63984023
45.0894538007 3138.63984023
45.6846936352 3138.63984023
46.2799334697 3138.63984023
46.8751733041 3138.63984023
47.4704131386 3138.63984023
48.0656529731 3138.63984023
48.6608928076 3138.63984023
49.256132642 3138.63984023
49.8513724765 3138.63984023
50.446612311 3138.63984023
51.0418521455 3138.63984023
51.6370919799 3138.63984023
52.2323318144 3138.63984023
52.8275716489 3138.63984023
53.4228114833 3138.63984023
54.0180513178 3138.63984023
54.6132911523 3138.63984023
55.2085309868 3138.63984023
55.8037708212 3138.63984023
56.3990106557 3138.63984023
56.9942504902 3138.63984023
57.5894903247 3138.63984023
58.1847301591 3138.63984023
58.7799699936 3138.63984023
59.3752098281 3138.63984023
59.9704496625 3138.63984023
60.565689497 3138.63984023
61.1609293315 3138.63984023
61.756169166 3138.63984023
62.3514090004 3138.63984023
62.9466488349 3138.63984023
63.5418886694 3138.63984023
64.1371285039 3138.63984023
64.7323683383 3138.63984023
65.3276081728 3138.63984023
65.9228480073 3138.63984023
66.5180878417 3138.63984023
67.1133276762 3138.63984023
67.7085675107 3138.63984023
68.3038073452 3138.63984023
68.8990471796 3138.63984023
69.4942870141 3138.63984023
70.0895268486 3138.63984023
70.6847666831 3138.63984023
71.2800065175 3138.63984023
71.875246352 3138.63984023
72.4704861865 3138.63984023
73.0657260209 3138.63984023
73.6609658554 3138.63984023
74.2562056899 3138.63984023
74.8514455244 3138.63984023
75.4466853588 3138.63984023
76.0419251933 3138.63984023
76.6371650278 3138.63984023
77.2324048623 3138.63984023
77.8276446967 3138.63984023
78.4228845312 3138.63984023
79.0181243657 3138.63984023
79.6133642001 3138.63984023
80.2086040346 3138.63984023
80.8038438691 3138.63984023
81.3990837036 3138.63984023
81.994323538 3138.63984023
82.5895633725 3138.63984023
83.184803207 3138.63984023
83.7800430415 3138.63984023
84.3752828759 3138.63984023
84.9705227104 3138.63984023
85.5657625449 3138.63984023
86.1610023793 3138.63984023
86.7562422138 3138.63984023
87.3514820483 3138.63984023
87.9467218828 3138.63984023
88.5419617172 3138.63984023
89.1372015517 3138.63984023
89.7324413862 3138.63984023
90.3276812207 3138.63984023
90.9229210551 3138.63984023
91.5181608896 3138.63984023
92.1134007241 3138.63984023
92.7086405585 3138.63984023
93.303880393 3138.63984023
93.8991202275 3138.63984023
94.494360062 3138.63984023
95.0895998964 3138.63984023
95.6848397309 3138.63984023
96.2800795654 3138.63984023
96.8753193999 3138.63984023
97.4705592343 3138.63984023
98.0657990688 3138.63984023
98.6610389033 3138.63984023
99.2562787377 3138.63984023
99.8515185722 3138.63984023
100.446758407 3138.63984023
101.041998241 3138.63984023
101.637238076 3138.63984023
102.23247791 3138.63984023
102.827717745 3138.63984023
103.422957579 3138.63984023
104.018197414 3138.63984023
104.613437248 3138.63984023
105.208677082 3138.63984023
105.803916917 3138.63984023
106.399156751 3138.63984023
106.994396586 3138.63984023
107.58963642 3138.63984023
108.184876255 3138.63984023
108.780116089 3138.63984023
109.375355924 3138.63984023
109.970595758 3138.63984023
110.565835593 3138.63984023
111.161075427 3138.63984023
111.756315262 3138.63984023
112.351555096 3138.63984023
112.946794931 3138.63984023
113.542034765 3138.63984023
114.1372746 3138.63984023
114.732514434 3138.63984023
115.327754269 3138.63984023
115.922994103 3138.63984023
116.518233937 3138.63984023
117.113473772 3138.63984023
117.708713606 3138.63984023
118.303953441 3138.63984023
118.899193275 3138.63984023
119.49443311 3138.63984023
120.089672944 3138.63984023
120.684912779 3138.63984023
121.280152613 3138.63984023
121.875392448 3138.63984023
122.470632282 3138.63984023
123.065872117 3138.63984023
123.661111951 3138.63984023
124.256351786 3138.63984023
124.85159162 3138.63984023
125.446831455 3138.63984023
126.042071289 3138.63984023
126.637311123 3138.63984023
127.232550958 3138.63984023
127.827790792 3138.63984023
128.423030627 3138.63984023
129.018270461 3138.63984023
129.613510296 3138.63984023
130.20875013 3138.63984023
130.803989965 3138.63984023
131.399229799 3138.63984023
131.994469634 3138.63984023
132.589709468 3138.63984023
133.184949303 3138.63984023
133.780189137 3138.63984023
134.375428972 3138.63984023
134.970668806 3138.63984023
135.565908641 3138.63984023
136.161148475 3138.63984023
136.75638831 3138.63984023
137.351628144 3138.63984023
137.946867978 3138.63984023
138.542107813 3138.63984023
139.137347647 3138.63984023
139.732587482 3138.63984023
140.327827316 3138.63984023
140.923067151 3138.63984023
141.518306985 3138.63984023
142.11354682 3138.63984023
142.708786654 3138.63984023
143.304026489 3138.63984023
143.899266323 3138.63984023
144.494506158 3138.63984023
145.089745992 3138.63984023
145.684985827 3138.63984023
146.280225661 3138.63984023
146.875465496 3138.63984023
147.47070533 3138.63984023
148.065945165 3138.63984023
148.661184999 3138.63984023
149.256424833 3138.63984023
149.851664668 3138.63984023
150.446904502 3138.63984023
151.042144337 3138.63984023
151.637384171 3138.63984023
152.232624006 3138.63984023
152.82786384 3138.63984023
153.423103675 3138.63984023
154.018343509 3138.63984023
154.613583344 3138.63984023
155.208823178 3138.63984023
155.804063013 3138.63984023
156.399302847 3138.63984023
156.994542682 3138.63984023
157.589782516 3138.63984023
158.185022351 3138.63984023
158.780262185 3138.63984023
159.375502019 3138.63984023
159.970741854 3138.63984023
160.565981688 3138.63984023
161.161221523 3138.63984023
161.756461357 3138.63984023
162.351701192 3138.63984023
162.946941026 3138.63984023
163.542180861 3138.63984023
164.137420695 3138.63984023
164.73266053 3138.63984023
165.327900364 3138.63984023
165.923140199 3138.63984023
166.518380033 3138.63984023
167.113619868 3138.63984023
167.708859702 3138.63984023
168.304099537 3138.63984023
168.899339371 3138.63984023
169.494579206 3138.63984023
170.08981904 3138.63984023
170.685058874 3138.63984023
171.280298709 3138.63984023
171.875538543 3138.63984023
172.470778378 3138.63984023
173.066018212 3138.63984023
173.661258047 3138.63984023
174.256497881 3138.63984023
174.851737716 3138.63984023
175.44697755 3138.63984023
176.042217385 3138.63984023
176.637457219 3138.63984023
177.232697054 3138.63984023
177.827936888 3138.63984023
178.423176723 3138.63984023
179.018416557 3138.63984023
179.613656392 3138.63984023
180.208896226 3138.63984023
180.80413606 3138.63984023
181.399375895 3138.63984023
181.994615729 3138.63984023
182.589855564 3138.63984023
183.185095398 3138.63984023
183.780335233 3138.63984023
184.375575067 3138.63984023
184.970814902 3138.63984023
185.566054736 3138.63984023
186.161294571 3138.63984023
186.756534405 3138.63984023
187.35177424 3138.63984023
187.947014074 3138.63984023
188.542253909 3138.63984023
189.137493743 3138.63984023
189.732733578 3138.63984023
190.327973412 3138.63984023
190.923213247 3138.63984023
191.518453081 3138.63984023
192.113692915 3138.63984023
192.70893275 3138.63984023
193.304172584 3138.63984023
193.899412419 3138.63984023
194.494652253 3138.63984023
195.089892088 3138.63984023
195.685131922 3138.63984023
196.280371757 3138.63984023
196.875611591 3138.63984023
197.470851426 3138.63984023
198.06609126 3138.63984023
198.661331095 3138.63984023
199.256570929 3138.63984023
199.851810764 3138.63984023
200.447050598 3138.63984023
201.042290433 3138.63984023
201.637530267 3138.63984023
202.232770102 3138.63984023
202.828009936 3138.63984023
203.42324977 3138.63984023
204.018489605 3138.63984023
204.613729439 3138.63984023
205.208969274 3138.63984023
205.804209108 3138.63984023
206.399448943 3138.63984023
206.994688777 3138.63984023
207.589928612 3138.63984023
208.185168446 3138.63984023
208.780408281 3138.63984023
209.375648115 3138.63984023
209.97088795 3138.63984023
210.566127784 3138.63984023
211.161367619 3138.63984023
211.756607453 3138.63984023
212.351847288 3138.63984023
212.947087122 3138.63984023
213.542326956 3138.63984023
214.137566791 3138.63984023
214.732806625 3138.63984023
215.32804646 3138.63984023
215.923286294 3138.63984023
216.518526129 3138.63984023
217.113765963 3138.63984023
217.709005798 3138.63984023
218.304245632 3138.63984023
218.899485467 3138.63984023
219.494725301 3138.63984023
220.089965136 3138.63984023
220.68520497 3138.63984023
221.280444805 3138.63984023
221.875684639 3138.63984023
222.470924474 3138.63984023
223.066164308 3138.63984023
223.661404143 3138.63984023
224.256643977 3138.63984023
224.851883811 3138.63984023
225.447123646 3138.63984023
226.04236348 3138.63984023
226.637603315 3138.63984023
227.232843149 3138.63984023
227.828082984 3138.63984023
228.423322818 3138.63984023
229.018562653 3138.63984023
229.613802487 3138.63984023
230.209042322 3138.63984023
230.804282156 3138.63984023
231.399521991 3138.63984023
231.994761825 3138.63984023
232.59000166 3138.63984023
233.185241494 3138.63984023
233.780481329 3138.63984023
234.375721163 3138.63984023
234.970960998 3138.63984023
235.566200832 3138.63984023
236.161440666 3138.63984023
236.756680501 3138.63984023
237.351920335 3138.63984023
237.94716017 3138.63984023
238.542400004 3138.63984023
239.137639839 3138.63984023
239.732879673 3138.63984023
240.328119508 3138.63984023
240.923359342 3138.63984023
241.518599177 3138.63984023
242.113839011 3138.63984023
242.709078846 3138.63984023
243.30431868 3138.63984023
243.899558515 3138.63984023
244.494798349 3138.63984023
245.090038184 3138.63984023
245.685278018 3138.63984023
246.280517852 3138.63984023
246.875757687 3138.63984023
247.470997521 3138.63984023
248.066237356 3138.63984023
248.66147719 3138.63984023
249.256717025 3138.63984023
249.851956859 3138.63984023
250.447196694 3138.63984023
251.042436528 3138.63984023
251.637676363 3138.63984023
252.232916197 3138.63984023
252.828156032 3138.63984023
253.423395866 3138.63984023
254.018635701 3138.63984023
254.613875535 3138.63984023
255.20911537 3138.63984023
255.804355204 3138.63984023
256.399595039 3138.63984023
256.994834873 3138.63984023
257.590074707 3138.63984023
258.185314542 3138.63984023
258.780554376 3138.63984023
259.375794211 3138.63984023
259.971034045 3138.63984023
260.56627388 3138.63984023
261.161513714 3138.63984023
261.756753549 3138.63984023
262.351993383 3138.63984023
262.947233218 3138.63984023
263.542473052 3138.63984023
264.137712887 3138.63984023
264.732952721 3138.63984023
265.328192556 3138.63984023
265.92343239 3138.63984023
266.518672225 3138.63984023
267.113912059 3138.63984023
267.709151894 3138.63984023
268.304391728 3138.63984023
268.899631562 3138.63984023
269.494871397 3138.63984023
270.090111231 3138.63984023
270.685351066 3138.63984023
271.2805909 3138.63984023
271.875830735 3138.63984023
272.471070569 3138.63984023
273.066310404 3138.63984023
273.661550238 3138.63984023
274.256790073 3138.63984023
274.852029907 3138.63984023
275.447269742 3138.63984023
276.042509576 3138.63984023
276.637749411 3138.63984023
277.232989245 3138.63984023
277.82822908 3138.63984023
278.423468914 3138.63984023
279.018708748 3138.63984023
279.613948583 3138.63984023
280.209188417 3138.63984023
280.804428252 3138.63984023
281.399668086 3138.63984023
281.994907921 3138.63984023
282.590147755 3138.63984023
283.18538759 3138.63984023
283.780627424 3138.63984023
284.375867259 3138.63984023
284.971107093 3138.63984023
285.566346928 3138.63984023
286.161586762 3138.63984023
286.756826597 3138.63984023
287.352066431 3138.63984023
287.947306266 3138.63984023
288.5425461 3138.63984023
289.137785935 3138.63984023
289.733025769 3138.63984023
290.328265603 3138.63984023
290.923505438 3138.63984023
291.518745272 3138.63984023
292.113985107 3138.63984023
292.709224941 3138.63984023
293.304464776 3138.63984023
293.89970461 3138.63984023
294.494944445 3138.63984023
295.090184279 3138.63984023
295.685424114 3138.63984023
296.280663948 3138.63984023
296.875903783 3138.63984023
297.471143617 3138.63984023
298.066383452 3138.63984023
298.661623286 3138.63984023
299.256863121 3138.63984023
299.852102955 3138.63984023
300.44734279 3138.63984023
301.042582624 3138.63984023
301.637822458 3138.63984023
302.233062293 3138.63984023
302.828302127 3138.63984023
303.423541962 3138.63984023
304.018781796 3138.63984023
304.614021631 3138.63984023
305.209261465 4603.32074513
305.8045013 4603.32074513
306.399741134 4603.32074513
306.994980969 4603.32074513
307.590220803 4603.32074513
308.185460638 4603.32074513
308.780700472 4603.32074513
309.375940307 4603.32074513
309.971180141 4603.32074513
310.566419976 4603.32074513
311.16165981 4603.32074513
311.756899644 4603.32074513
312.352139479 4603.32074513
312.947379313 4603.32074513
313.542619148 4603.32074513
314.137858982 4603.32074513
314.733098817 4603.32074513
315.328338651 4603.32074513
315.923578486 4603.32074513
316.51881832 4603.32074513
317.114058155 4603.32074513
317.709297989 4603.32074513
318.304537824 4603.32074513
318.899777658 4603.32074513
319.495017493 4603.32074513
320.090257327 4603.32074513
320.685497162 4603.32074513
321.280736996 4603.32074513
321.875976831 4603.32074513
322.471216665 4603.32074513
323.066456499 4603.32074513
323.661696334 4603.32074513
324.256936168 4603.32074513
324.852176003 4603.32074513
325.447415837 4603.32074513
326.042655672 4603.32074513
326.637895506 4603.32074513
327.233135341 4603.32074513
327.828375175 4603.32074513
328.42361501 4603.32074513
329.018854844 4603.32074513
329.614094679 4603.32074513
330.209334513 4603.32074513
330.804574348 4603.32074513
331.399814182 4603.32074513
331.995054017 4603.32074513
332.590293851 4603.32074513
333.185533685 4603.32074513
333.78077352 4603.32074513
334.376013354 4603.32074513
334.971253189 4603.32074513
335.566493023 4603.32074513
336.161732858 4603.32074513
336.756972692 4603.32074513
337.352212527 4603.32074513
337.947452361 4603.32074513
338.542692196 4603.32074513
339.13793203 4603.32074513
339.733171865 4603.32074513
340.328411699 4603.32074513
340.923651534 4603.32074513
341.518891368 4603.32074513
342.114131203 4603.32074513
342.709371037 4603.32074513
343.304610872 4603.32074513
343.899850706 4603.32074513
344.49509054 4603.32074513
345.090330375 4603.32074513
345.685570209 4603.32074513
346.280810044 4603.32074513
346.876049878 4603.32074513
347.471289713 4603.32074513
348.066529547 4603.32074513
348.661769382 4603.32074513
349.257009216 4603.32074513
349.852249051 4603.32074513
350.447488885 4603.32074513
351.04272872 4603.32074513
351.637968554 4603.32074513
352.233208389 4603.32074513
352.828448223 4603.32074513
353.423688058 4603.32074513
354.018927892 4603.32074513
354.614167727 4603.32074513
355.209407561 4603.32074513
355.804647395 4603.32074513
356.39988723 4603.32074513
356.995127064 4603.32074513
357.590366899 4603.32074513
358.185606733 4603.32074513
358.780846568 4603.32074513
359.376086402 4603.32074513
359.971326237 4603.32074513
360.566566071 4603.32074513
361.161805906 4603.32074513
361.75704574 4603.32074513
362.352285575 4603.32074513
362.947525409 4603.32074513
363.542765244 4603.32074513
364.138005078 4603.32074513
364.733244913 4603.32074513
365.328484747 4603.32074513
365.923724581 4603.32074513
366.518964416 4603.32074513
367.11420425 4603.32074513
367.709444085 4603.32074513
368.304683919 4603.32074513
368.899923754 4603.32074513
369.495163588 4603.32074513
370.090403423 4603.32074513
370.685643257 4603.32074513
371.280883092 4603.32074513
371.876122926 4603.32074513
372.471362761 4603.32074513
373.066602595 4603.32074513
373.66184243 4603.32074513
374.257082264 4603.32074513
374.852322099 4603.32074513
375.447561933 4603.32074513
376.042801768 4603.32074513
376.638041602 4603.32074513
377.233281436 4603.32074513
377.828521271 4603.32074513
378.423761105 4603.32074513
379.01900094 4603.32074513
379.614240774 4603.32074513
380.209480609 4603.32074513
380.804720443 4603.32074513
381.399960278 4603.32074513
381.995200112 4603.32074513
382.590439947 4603.32074513
383.185679781 4603.32074513
383.780919616 4603.32074513
384.37615945 4603.32074513
384.971399285 4603.32074513
385.566639119 4603.32074513
386.161878954 4603.32074513
386.757118788 4603.32074513
387.352358623 4603.32074513
387.947598457 4603.32074513
388.542838291 4603.32074513
389.138078126 4603.32074513
389.73331796 4603.32074513
390.328557795 4603.32074513
390.923797629 4603.32074513
391.519037464 4603.32074513
392.114277298 4603.32074513
392.709517133 4603.32074513
393.304756967 4603.32074513
393.899996802 4603.32074513
394.495236636 4603.32074513
395.090476471 4603.32074513
395.685716305 4603.32074513
396.28095614 4603.32074513
396.876195974 4603.32074513
397.471435809 4603.32074513
398.066675643 4603.32074513
398.661915477 4603.32074513
399.257155312 4603.32074513
399.852395146 4603.32074513
400.447634981 4603.32074513
401.042874815 4603.32074513
401.63811465 4603.32074513
402.233354484 4603.32074513
402.828594319 4603.32074513
403.423834153 4603.32074513
404.019073988 4603.32074513
404.614313822 4603.32074513
405.209553657 4603.32074513
405.804793491 4603.32074513
406.400033326 4603.32074513
406.99527316 4603.32074513
407.590512995 4603.32074513
408.185752829 4603.32074513
408.780992664 4603.32074513
409.376232498 4603.32074513
409.971472332 4603.32074513
410.566712167 4603.32074513
411.161952001 4603.32074513
411.757191836 4603.32074513
412.35243167 4603.32074513
412.947671505 4603.32074513
413.542911339 4603.32074513
414.138151174 4603.32074513
414.733391008 4603.32074513
415.328630843 4603.32074513
415.923870677 4603.32074513
416.519110512 4603.32074513
417.114350346 4603.32074513
417.709590181 4603.32074513
418.304830015 4603.32074513
418.90006985 4603.32074513
419.495309684 4603.32074513
420.090549519 4603.32074513
420.685789353 4603.32074513
421.281029187 4603.32074513
421.876269022 4603.32074513
422.471508856 4603.32074513
423.066748691 4603.32074513
423.661988525 4603.32074513
424.25722836 4603.32074513
424.852468194 4603.32074513
425.447708029 4603.32074513
426.042947863 4603.32074513
426.638187698 4603.32074513
427.233427532 4603.32074513
427.828667367 4603.32074513
428.423907201 4603.32074513
429.019147036 4603.32074513
429.61438687 4603.32074513
430.209626705 4603.32074513
430.804866539 4603.32074513
431.400106373 4603.32074513
431.995346208 4603.32074513
432.590586042 4603.32074513
433.185825877 4603.32074513
433.781065711 4603.32074513
434.376305546 4603.32074513
434.97154538 4603.32074513
435.566785215 4603.32074513
436.162025049 4603.32074513
436.757264884 4603.32074513
437.352504718 4603.32074513
437.947744553 4603.32074513
438.542984387 4603.32074513
439.138224222 4603.32074513
439.733464056 4603.32074513
440.328703891 4603.32074513
440.923943725 4603.32074513
441.51918356 4603.32074513
442.114423394 4603.32074513
442.709663228 4603.32074513
443.304903063 4603.32074513
443.900142897 4603.32074513
444.495382732 4603.32074513
445.090622566 4603.32074513
445.685862401 4603.32074513
446.281102235 4603.32074513
446.87634207 4603.32074513
447.471581904 4603.32074513
448.066821739 4603.32074513
448.662061573 4603.32074513
449.257301408 4603.32074513
449.852541242 4603.32074513
450.447781077 4603.32074513
451.043020911 4603.32074513
451.638260746 4603.32074513
452.23350058 4603.32074513
452.828740415 4603.32074513
453.423980249 4603.32074513
454.019220083 4603.32074513
454.614459918 4603.32074513
455.209699752 4603.32074513
455.804939587 4603.32074513
456.400179421 4603.32074513
456.995419256 4603.32074513
457.59065909 4303.26454407
458.185898925 4303.26454407
458.781138759 4303.26454407
459.376378594 4303.26454407
459.971618428 4303.26454407
460.566858263 4303.26454407
461.162098097 4303.26454407
461.757337932 4303.26454407
462.352577766 4303.26454407
462.947817601 4303.26454407
463.543057435 4303.26454407
464.138297269 4303.26454407
464.733537104 4303.26454407
465.328776938 4303.26454407
465.924016773 4303.26454407
466.519256607 4303.26454407
467.114496442 4303.26454407
467.709736276 4303.26454407
468.304976111 4303.26454407
468.900215945 4303.26454407
469.49545578 4303.26454407
470.090695614 4303.26454407
470.685935449 4303.26454407
471.281175283 4303.26454407
471.876415118 4303.26454407
472.471654952 4303.26454407
473.066894787 4303.26454407
473.662134621 4303.26454407
474.257374456 4303.26454407
474.85261429 4303.26454407
475.447854124 4303.26454407
476.043093959 4303.26454407
476.638333793 4303.26454407
477.233573628 4303.26454407
477.828813462 4303.26454407
478.424053297 4303.26454407
479.019293131 4303.26454407
479.614532966 4303.26454407
480.2097728 4303.26454407
480.805012635 4303.26454407
481.400252469 4303.26454407
481.995492304 4303.26454407
482.590732138 4303.26454407
483.185971973 4303.26454407
483.781211807 4303.26454407
484.376451642 4303.26454407
484.971691476 4303.26454407
485.56693131 4303.26454407
486.162171145 4303.26454407
486.757410979 4303.26454407
487.352650814 4303.26454407
487.947890648 4303.26454407
488.543130483 4303.26454407
489.138370317 4303.26454407
489.733610152 4303.26454407
490.328849986 4303.26454407
490.924089821 4303.26454407
491.519329655 4303.26454407
492.11456949 4303.26454407
492.709809324 4303.26454407
493.305049159 4303.26454407
493.900288993 4303.26454407
494.495528828 4303.26454407
495.090768662 4303.26454407
495.686008497 4303.26454407
496.281248331 4303.26454407
496.876488165 4303.26454407
497.471728 4303.26454407
498.066967834 4303.26454407
498.662207669 4303.26454407
499.257447503 4303.26454407
499.852687338 4303.26454407
500.447927172 4303.26454407
501.043167007 4303.26454407
501.638406841 4303.26454407
502.233646676 4303.26454407
502.82888651 4303.26454407
503.424126345 4303.26454407
504.019366179 4303.26454407
504.614606014 4303.26454407
505.209845848 4303.26454407
505.805085683 4303.26454407
506.400325517 4303.26454407
506.995565352 4303.26454407
507.590805186 4303.26454407
508.18604502 4303.26454407
508.781284855 4303.26454407
509.376524689 4303.26454407
509.971764524 4303.26454407
510.567004358 4303.26454407
511.162244193 4303.26454407
511.757484027 4303.26454407
512.352723862 4303.26454407
512.947963696 4303.26454407
513.543203531 4303.26454407
514.138443365 4303.26454407
514.7336832 4303.26454407
515.328923034 4303.26454407
515.924162869 4303.26454407
516.519402703 4303.26454407
517.114642538 4303.26454407
517.709882372 4303.26454407
518.305122206 4303.26454407
518.900362041 4303.26454407
519.495601875 4303.26454407
520.09084171 4303.26454407
520.686081544 4303.26454407
521.281321379 4303.26454407
521.876561213 4303.26454407
522.471801048 4303.26454407
523.067040882 4303.26454407
523.662280717 4303.26454407
524.257520551 4303.26454407
524.852760386 4303.26454407
525.44800022 4303.26454407
526.043240055 4303.26454407
526.638479889 4303.26454407
527.233719724 4303.26454407
527.828959558 4303.26454407
528.424199393 4303.26454407
529.019439227 4303.26454407
529.614679061 4303.26454407
530.209918896 4303.26454407
530.80515873 4303.26454407
531.400398565 4303.26454407
531.995638399 4303.26454407
532.590878234 4303.26454407
533.186118068 4303.26454407
533.781357903 4903.37694618
534.376597737 4903.37694618
534.971837572 4903.37694618
535.567077406 4903.37694618
536.162317241 4903.37694618
536.757557075 4903.37694618
537.35279691 4903.37694618
537.948036744 4903.37694618
538.543276579 4903.37694618
539.138516413 4903.37694618
539.733756248 4903.37694618
540.328996082 4903.37694618
540.924235916 4903.37694618
541.519475751 4903.37694618
542.114715585 4903.37694618
542.70995542 4903.37694618
543.305195254 4903.37694618
543.900435089 4903.37694618
544.495674923 4903.37694618
545.090914758 4903.37694618
545.686154592 4903.37694618
546.281394427 4903.37694618
546.876634261 4903.37694618
547.471874096 4903.37694618
548.06711393 4903.37694618
548.662353765 4903.37694618
549.257593599 4903.37694618
549.852833434 4903.37694618
550.448073268 4903.37694618
551.043313102 4903.37694618
551.638552937 4903.37694618
552.233792771 4903.37694618
552.829032606 4903.37694618
553.42427244 4903.37694618
554.019512275 4903.37694618
554.614752109 4903.37694618
555.209991944 4903.37694618
555.805231778 4903.37694618
556.400471613 4903.37694618
556.995711447 4903.37694618
557.590951282 4903.37694618
558.186191116 4903.37694618
558.781430951 4903.37694618
559.376670785 4903.37694618
559.97191062 4903.37694618
560.567150454 4903.37694618
561.162390289 4903.37694618
561.757630123 4903.37694618
562.352869957 4903.37694618
562.948109792 4903.37694618
563.543349626 4903.37694618
564.138589461 4903.37694618
564.733829295 4903.37694618
565.32906913 4903.37694618
565.924308964 4903.37694618
566.519548799 4903.37694618
567.114788633 4903.37694618
567.710028468 4903.37694618
568.305268302 4903.37694618
568.900508137 4903.37694618
569.495747971 4903.37694618
570.090987806 4903.37694618
570.68622764 4903.37694618
571.281467475 4903.37694618
571.876707309 4903.37694618
572.471947144 4903.37694618
573.067186978 4903.37694618
573.662426812 4903.37694618
574.257666647 4903.37694618
574.852906481 4903.37694618
575.448146316 4903.37694618
576.04338615 4903.37694618
576.638625985 4903.37694618
577.233865819 4903.37694618
577.829105654 4903.37694618
578.424345488 4903.37694618
579.019585323 4903.37694618
579.614825157 4903.37694618
580.210064992 4903.37694618
580.805304826 4903.37694618
581.400544661 4903.37694618
581.995784495 4903.37694618
582.59102433 4903.37694618
583.186264164 4903.37694618
583.781503998 4903.37694618
584.376743833 4903.37694618
584.971983667 4903.37694618
585.567223502 4903.37694618
586.162463336 4903.37694618
586.757703171 4903.37694618
587.352943005 4903.37694618
587.94818284 4903.37694618
588.543422674 4903.37694618
589.138662509 4903.37694618
589.733902343 4903.37694618
590.329142178 4903.37694618
590.924382012 4903.37694618
591.519621847 4903.37694618
592.114861681 4903.37694618
592.710101516 4903.37694618
593.30534135 4903.37694618
593.900581185 4903.37694618
594.495821019 4903.37694618
595.091060853 4903.37694618
595.686300688 4903.37694618
596.281540522 4903.37694618
596.876780357 4903.37694618
597.472020191 4903.37694618
598.067260026 4903.37694618
598.66249986 4903.37694618
599.257739695 4903.37694618
599.852979529 4903.37694618
600.448219364 4903.37694618
601.043459198 4903.37694618
601.638699033 4903.37694618
602.233938867 4903.37694618
602.829178702 4903.37694618
603.424418536 4903.37694618
604.019658371 4903.37694618
604.614898205 4903.37694618
605.21013804 4903.37694618
605.805377874 4903.37694618
606.400617708 4903.37694618
606.995857543 4903.37694618
607.591097377 4903.37694618
608.186337212 4903.37694618
608.781577046 4903.37694618
609.376816881 4903.37694618
609.972056715 4637.15173822
610.56729655 4637.15173822
611.162536384 4637.15173822
611.757776219 4637.15173822
612.353016053 4637.15173822
612.948255888 4637.15173822
613.543495722 4637.15173822
614.138735557 4637.15173822
614.733975391 4637.15173822
615.329215226 4637.15173822
615.92445506 4637.15173822
616.519694894 4637.15173822
617.114934729 4637.15173822
617.710174563 4637.15173822
618.305414398 4637.15173822
618.900654232 4637.15173822
619.495894067 4637.15173822
620.091133901 4637.15173822
620.686373736 4637.15173822
621.28161357 4637.15173822
621.876853405 4637.15173822
622.472093239 4637.15173822
623.067333074 4637.15173822
623.662572908 4637.15173822
624.257812743 4637.15173822
624.853052577 4637.15173822
625.448292412 4637.15173822
626.043532246 4637.15173822
626.638772081 4637.15173822
627.234011915 4637.15173822
627.829251749 4637.15173822
628.424491584 4637.15173822
629.019731418 4637.15173822
629.614971253 4637.15173822
630.210211087 4637.15173822
630.805450922 4637.15173822
631.400690756 4637.15173822
631.995930591 4637.15173822
632.591170425 4637.15173822
633.18641026 4637.15173822
633.781650094 4637.15173822
634.376889929 4637.15173822
634.972129763 4637.15173822
635.567369598 4637.15173822
636.162609432 4637.15173822
636.757849267 4637.15173822
637.353089101 4637.15173822
637.948328935 4637.15173822
638.54356877 5576.22212991
639.138808604 5576.22212991
639.734048439 5576.22212991
640.329288273 5576.22212991
640.924528108 5576.22212991
641.519767942 5576.22212991
642.115007777 5576.22212991
642.710247611 5576.22212991
643.305487446 3698.08134653
643.90072728 3698.08134653
644.495967115 3698.08134653
645.091206949 3698.08134653
645.686446784 3698.08134653
646.281686618 3698.08134653
646.876926453 3698.08134653
647.472166287 3698.08134653
648.067406122 4637.15173822
648.662645956 4637.15173822
649.25788579 4637.15173822
649.853125625 4637.15173822
650.448365459 4637.15173822
651.043605294 4637.15173822
651.638845128 4637.15173822
652.234084963 4637.15173822
652.829324797 4637.15173822
653.424564632 4637.15173822
654.019804466 4637.15173822
654.615044301 4637.15173822
655.210284135 4637.15173822
655.80552397 4637.15173822
656.400763804 4637.15173822
656.996003639 4637.15173822
657.591243473 4637.15173822
658.186483308 4637.15173822
658.781723142 4637.15173822
659.376962977 4637.15173822
659.972202811 4637.15173822
660.567442645 4637.15173822
661.16268248 4637.15173822
661.757922314 4637.15173822
662.353162149 4637.15173822
662.948401983 4637.15173822
663.543641818 4637.15173822
664.138881652 4637.15173822
664.734121487 4637.15173822
665.329361321 4637.15173822
665.924601156 4637.15173822
666.51984099 4637.15173822
667.115080825 4637.15173822
667.710320659 4637.15173822
668.305560494 4637.15173822
668.900800328 4637.15173822
669.496040163 4637.15173822
670.091279997 4637.15173822
670.686519831 4637.15173822
671.281759666 4637.15173822
671.8769995 4637.15173822
672.472239335 4637.15173822
673.067479169 4637.15173822
673.662719004 4637.15173822
674.257958838 4637.15173822
674.853198673 4637.15173822
675.448438507 4637.15173822
676.043678342 4637.15173822
676.638918176 4637.15173822
677.234158011 4637.15173822
677.829397845 4637.15173822
678.42463768 4637.15173822
679.019877514 4637.15173822
679.615117349 4637.15173822
680.210357183 4637.15173822
680.805597018 4637.15173822
681.400836852 4637.15173822
681.996076686 4637.15173822
682.591316521 4637.15173822
683.186556355 4637.15173822
683.78179619 4637.15173822
684.377036024 4637.15173822
684.972275859 4637.15173822
685.567515693 4637.15173822
686.162755528 3732.34148426
686.757995362 3732.34148426
687.353235197 3732.34148426
687.948475031 3732.34148426
688.543714866 3732.34148426
689.1389547 3732.34148426
689.734194535 3732.34148426
690.329434369 3732.34148426
690.924674204 3732.34148426
691.519914038 3732.34148426
692.115153873 3732.34148426
692.710393707 3732.34148426
693.305633541 3732.34148426
693.900873376 3732.34148426
694.49611321 3732.34148426
695.091353045 3732.34148426
695.686592879 3732.34148426
696.281832714 3732.34148426
696.877072548 3732.34148426
697.472312383 3732.34148426
698.067552217 3732.34148426
698.662792052 3732.34148426
699.258031886 3732.34148426
699.853271721 3732.34148426
700.448511555 3732.34148426
701.04375139 3732.34148426
701.638991224 3732.34148426
702.234231059 3732.34148426
702.829470893 3732.34148426
703.424710727 3732.34148426
704.019950562 3732.34148426
704.615190396 3732.34148426
705.210430231 4833.69413358
705.805670065 4833.69413358
706.4009099 4833.69413358
706.996149734 4833.69413358
707.591389569 4833.69413358
708.186629403 4833.69413358
708.781869238 4833.69413358
709.377109072 4833.69413358
709.972348907 4833.69413358
710.567588741 4833.69413358
711.162828576 4833.69413358
711.75806841 4833.69413358
712.353308245 4833.69413358
712.948548079 4833.69413358
713.543787914 4833.69413358
714.139027748 4833.69413358
714.734267582 4833.69413358
715.329507417 4833.69413358
715.924747251 4833.69413358
716.519987086 4833.69413358
717.11522692 4833.69413358
717.710466755 4833.69413358
718.305706589 4833.69413358
718.900946424 4833.69413358
719.496186258 4833.69413358
720.091426093 4833.69413358
720.686665927 4833.69413358
721.281905762 4833.69413358
721.877145596 4833.69413358
722.472385431 4833.69413358
723.067625265 4833.69413358
723.6628651 4833.69413358
724.258104934 4991.28566752
724.853344769 4991.28566752
725.448584603 4991.28566752
726.043824437 4991.28566752
726.639064272 4991.28566752
727.234304106 4991.28566752
727.829543941 4991.28566752
728.424783775 4991.28566752
729.02002361 4991.28566752
729.615263444 4991.28566752
730.210503279 4991.28566752
730.805743113 4991.28566752
731.400982948 4991.28566752
731.996222782 4991.28566752
732.591462617 4991.28566752
733.186702451 4991.28566752
733.781942286 4991.28566752
734.37718212 4991.28566752
734.972421955 4991.28566752
735.567661789 4991.28566752
736.162901623 4991.28566752
736.758141458 4991.28566752
737.353381292 4991.28566752
737.948621127 4991.28566752
738.543860961 4991.28566752
739.139100796 4991.28566752
739.73434063 4991.28566752
740.329580465 4991.28566752
740.924820299 4991.28566752
741.520060134 4991.28566752
742.115299968 4991.28566752
742.710539803 4991.28566752
743.305779637 4991.28566752
743.901019472 4991.28566752
744.496259306 4991.28566752
745.091499141 4991.28566752
745.686738975 4991.28566752
746.28197881 4991.28566752
746.877218644 4991.28566752
747.472458478 4991.28566752
748.067698313 4991.28566752
748.662938147 4991.28566752
749.258177982 4991.28566752
749.853417816 4991.28566752
750.448657651 4991.28566752
751.043897485 4991.28566752
751.63913732 4991.28566752
752.234377154 4991.28566752
752.829616989 4991.28566752
753.424856823 4991.28566752
754.020096658 4991.28566752
754.615336492 4991.28566752
755.210576327 4991.28566752
755.805816161 4991.28566752
756.401055996 4991.28566752
756.99629583 4991.28566752
757.591535665 4991.28566752
758.186775499 4991.28566752
758.782015333 4991.28566752
759.377255168 4991.28566752
759.972495002 4991.28566752
760.567734837 4991.28566752
761.162974671 4991.28566752
761.758214506 4991.28566752
762.35345434 4344.33578929
762.948694175 4344.33578929
763.543934009 4344.33578929
764.139173844 4344.33578929
764.734413678 4344.33578929
765.329653513 4344.33578929
765.924893347 4344.33578929
766.520133182 4344.33578929
767.115373016 4344.33578929
767.710612851 4344.33578929
768.305852685 4344.33578929
768.901092519 4344.33578929
769.496332354 4344.33578929
770.091572188 4344.33578929
770.686812023 4344.33578929
771.282051857 4344.33578929
771.877291692 4344.33578929
772.472531526 4344.33578929
773.067771361 4344.33578929
773.663011195 4344.33578929
774.25825103 4344.33578929
774.853490864 4344.33578929
775.448730699 4344.33578929
776.043970533 4344.33578929
776.639210368 4344.33578929
777.234450202 4344.33578929
777.829690037 4344.33578929
778.424929871 4344.33578929
779.020169706 4344.33578929
779.61540954 4344.33578929
780.210649374 4344.33578929
780.805889209 4344.33578929
781.401129043 4344.33578929
781.996368878 4344.33578929
782.591608712 4344.33578929
783.186848547 4344.33578929
783.782088381 4344.33578929
784.377328216 4344.33578929
784.97256805 4344.33578929
785.567807885 4344.33578929
786.163047719 4344.33578929
786.758287554 4344.33578929
787.353527388 4344.33578929
787.948767223 4344.33578929
788.544007057 4344.33578929
789.139246892 4344.33578929
789.734486726 4344.33578929
790.32972656 4344.33578929
790.924966395 4344.33578929
791.520206229 4344.33578929
792.115446064 4344.33578929
792.710685898 4344.33578929
793.305925733 4344.33578929
793.901165567 4344.33578929
794.496405402 4344.33578929
795.091645236 4344.33578929
795.686885071 4344.33578929
796.282124905 4344.33578929
796.87736474 4344.33578929
797.472604574 4344.33578929
798.067844409 4344.33578929
798.663084243 4344.33578929
799.258324078 4344.33578929
799.853563912 4344.33578929
800.448803747 3725.12787942
801.044043581 3725.12787942
801.639283415 3725.12787942
802.23452325 3725.12787942
802.829763084 3725.12787942
803.425002919 3725.12787942
804.020242753 3725.12787942
804.615482588 3725.12787942
805.210722422 3725.12787942
805.805962257 3725.12787942
806.401202091 3725.12787942
806.996441926 3725.12787942
807.59168176 3725.12787942
808.186921595 3725.12787942
808.782161429 3725.12787942
809.377401264 3725.12787942
809.972641098 3725.12787942
810.567880933 3725.12787942
811.163120767 3725.12787942
811.758360602 3725.12787942
812.353600436 3725.12787942
812.94884027 3725.12787942
813.544080105 3725.12787942
814.139319939 3725.12787942
814.734559774 3725.12787942
815.329799608 3725.12787942
815.925039443 3725.12787942
816.520279277 3725.12787942
817.115519112 3725.12787942
817.710758946 3725.12787942
818.305998781 3725.12787942
818.901238615 3725.12787942
819.49647845 3725.12787942
820.091718284 3725.12787942
820.686958119 3725.12787942
821.282197953 3725.12787942
821.877437788 3725.12787942
822.472677622 3725.12787942
823.067917456 3725.12787942
823.663157291 3725.12787942
824.258397125 3725.12787942
824.85363696 3725.12787942
825.448876794 3725.12787942
826.044116629 3725.12787942
826.639356463 3725.12787942
827.234596298 3725.12787942
827.829836132 3725.12787942
828.425075967 3725.12787942
829.020315801 3725.12787942
829.615555636 3725.12787942
830.21079547 3725.12787942
830.806035305 3725.12787942
831.401275139 3725.12787942
831.996514974 3725.12787942
832.591754808 3725.12787942
833.186994643 3725.12787942
833.782234477 3725.12787942
834.377474311 3725.12787942
834.972714146 3725.12787942
835.56795398 3725.12787942
836.163193815 3725.12787942
836.758433649 3725.12787942
837.353673484 3725.12787942
837.948913318 3725.12787942
838.544153153 5239.57164209
839.139392987 5239.57164209
839.734632822 5239.57164209
840.329872656 5239.57164209
840.925112491 5239.57164209
841.520352325 5239.57164209
842.11559216 5239.57164209
842.710831994 5239.57164209
843.306071829 5239.57164209
843.901311663 5239.57164209
844.496551498 5239.57164209
845.091791332 5239.57164209
845.687031166 5239.57164209
846.282271001 5239.57164209
846.877510835 5239.57164209
847.47275067 5239.57164209
848.067990504 5239.57164209
848.663230339 5239.57164209
849.258470173 5239.57164209
849.853710008 5239.57164209
850.448949842 5239.57164209
851.044189677 5239.57164209
851.639429511 5239.57164209
852.234669346 5239.57164209
852.82990918 5239.57164209
853.425149015 5239.57164209
854.020388849 5239.57164209
854.615628684 5239.57164209
855.210868518 5239.57164209
855.806108352 5239.57164209
856.401348187 5239.57164209
856.996588021 5239.57164209
857.591827856 5239.57164209
858.18706769 5239.57164209
858.782307525 5239.57164209
859.377547359 5239.57164209
859.972787194 5239.57164209
860.568027028 5239.57164209
861.163266863 5239.57164209
861.758506697 5239.57164209
862.353746532 5239.57164209
862.948986366 5239.57164209
863.544226201 5239.57164209
864.139466035 5239.57164209
864.73470587 5239.57164209
865.329945704 5239.57164209
865.925185539 5239.57164209
866.520425373 5239.57164209
867.115665207 5239.57164209
867.710905042 5239.57164209
868.306144876 5239.57164209
868.901384711 5239.57164209
869.496624545 5239.57164209
870.09186438 5239.57164209
870.687104214 5239.57164209
871.282344049 5239.57164209
871.877583883 5239.57164209
872.472823718 5239.57164209
873.068063552 5239.57164209
873.663303387 5239.57164209
874.258543221 5239.57164209
874.853783056 5239.57164209
875.44902289 5239.57164209
876.044262725 5239.57164209
876.639502559 5239.57164209
877.234742394 5239.57164209
877.829982228 5239.57164209
878.425222062 5239.57164209
879.020461897 5239.57164209
879.615701731 5239.57164209
880.210941566 5239.57164209
880.8061814 5239.57164209
881.401421235 5239.57164209
881.996661069 5239.57164209
882.591900904 5239.57164209
883.187140738 5239.57164209
883.782380573 5239.57164209
884.377620407 5239.57164209
884.972860242 5239.57164209
885.568100076 5239.57164209
886.163339911 5239.57164209
886.758579745 5239.57164209
887.35381958 5239.57164209
887.949059414 5239.57164209
888.544299248 5239.57164209
889.139539083 5239.57164209
889.734778917 5239.57164209
890.330018752 5239.57164209
890.925258586 5239.57164209
891.520498421 5239.57164209
892.115738255 5239.57164209
892.71097809 5239.57164209
893.306217924 5239.57164209
893.901457759 5239.57164209
894.496697593 5239.57164209
895.091937428 5239.57164209
895.687177262 5239.57164209
896.282417097 5239.57164209
896.877656931 5239.57164209
897.472896766 5239.57164209
898.0681366 5239.57164209
898.663376435 5239.57164209
899.258616269 5239.57164209
899.853856103 5239.57164209
900.449095938 5239.57164209
901.044335772 5239.57164209
901.639575607 5239.57164209
902.234815441 5239.57164209
902.830055276 5239.57164209
903.42529511 5239.57164209
904.020534945 5239.57164209
904.615774779 5239.57164209
905.211014614 5239.57164209
905.806254448 5239.57164209
906.401494283 5239.57164209
906.996734117 5239.57164209
907.591973952 5239.57164209
908.187213786 5239.57164209
908.782453621 5239.57164209
909.377693455 5239.57164209
909.97293329 5239.57164209
910.568173124 5239.57164209
911.163412958 5239.57164209
911.758652793 5239.57164209
912.353892627 5239.57164209
912.949132462 5239.57164209
913.544372296 5239.57164209
914.139612131 5239.57164209
914.734851965 4715.56874372
915.3300918 4715.56874372
915.925331634 4715.56874372
916.520571469 4715.56874372
917.115811303 4715.56874372
917.711051138 4715.56874372
918.306290972 4715.56874372
918.901530807 4715.56874372
919.496770641 4715.56874372
920.092010476 4715.56874372
920.68725031 4715.56874372
921.282490144 4715.56874372
921.877729979 4715.56874372
922.472969813 4715.56874372
923.068209648 4715.56874372
923.663449482 4715.56874372
924.258689317 4715.56874372
924.853929151 4715.56874372
925.449168986 4715.56874372
926.04440882 4715.56874372
926.639648655 4715.56874372
927.234888489 4715.56874372
927.830128324 4715.56874372
928.425368158 4715.56874372
929.020607993 4715.56874372
929.615847827 4715.56874372
930.211087662 4715.56874372
930.806327496 4715.56874372
931.401567331 4715.56874372
931.996807165 4715.56874372
932.592046999 4715.56874372
933.187286834 4715.56874372
933.782526668 4715.56874372
934.377766503 4715.56874372
934.973006337 4715.56874372
935.568246172 4715.56874372
936.163486006 4715.56874372
936.758725841 4715.56874372
937.353965675 4715.56874372
937.94920551 4715.56874372
938.544445344 4715.56874372
939.139685179 4715.56874372
939.734925013 4715.56874372
940.330164848 4715.56874372
940.925404682 4715.56874372
941.520644517 4715.56874372
942.115884351 4715.56874372
942.711124185 4715.56874372
943.30636402 4715.56874372
943.901603854 4715.56874372
944.496843689 4715.56874372
945.092083523 4715.56874372
945.687323358 4715.56874372
946.282563192 4715.56874372
946.877803027 4715.56874372
947.473042861 4715.56874372
948.068282696 4715.56874372
948.66352253 4715.56874372
949.258762365 4715.56874372
949.854002199 4715.56874372
950.449242034 4715.56874372
951.044481868 4715.56874372
951.639721703 4715.56874372
952.234961537 4715.56874372
952.830201372 4715.56874372
953.425441206 4715.56874372
954.02068104 4715.56874372
954.615920875 4715.56874372
955.211160709 4715.56874372
955.806400544 4715.56874372
956.401640378 4715.56874372
956.996880213 4715.56874372
957.592120047 4715.56874372
958.187359882 4715.56874372
958.782599716 4715.56874372
959.377839551 4715.56874372
959.973079385 4715.56874372
960.56831922 4715.56874372
961.163559054 4715.56874372
961.758798889 4715.56874372
962.354038723 4715.56874372
962.949278558 4715.56874372
963.544518392 4715.56874372
964.139758227 4715.56874372
964.734998061 4715.56874372
965.330237895 4715.56874372
965.92547773 4715.56874372
966.520717564 4715.56874372
967.115957399 4715.56874372
967.711197233 4715.56874372
968.306437068 4715.56874372
968.901676902 4715.56874372
969.496916737 4715.56874372
970.092156571 4715.56874372
970.687396406 4715.56874372
971.28263624 4715.56874372
971.877876075 4715.56874372
972.473115909 4715.56874372
973.068355744 4715.56874372
973.663595578 4715.56874372
974.258835413 4715.56874372
974.854075247 4715.56874372
975.449315081 4715.56874372
976.044554916 4715.56874372
976.63979475 4715.56874372
977.235034585 4715.56874372
977.830274419 4715.56874372
978.425514254 4715.56874372
979.020754088 4715.56874372
979.615993923 4715.56874372
980.211233757 4715.56874372
980.806473592 4715.56874372
981.401713426 4715.56874372
981.996953261 4715.56874372
982.592193095 4715.56874372
983.18743293 4715.56874372
983.782672764 4715.56874372
984.377912599 4715.56874372
984.973152433 4715.56874372
985.568392268 4715.56874372
986.163632102 4715.56874372
986.758871936 4715.56874372
987.354111771 4715.56874372
987.949351605 4715.56874372
988.54459144 4715.56874372
989.139831274 4715.56874372
989.735071109 4715.56874372
990.330310943 4715.56874372
990.925550778 4715.56874372
991.520790612 4715.56874372
992.116030447 4715.56874372
992.711270281 4715.56874372
993.306510116 4715.56874372
993.90174995 4715.56874372
994.496989785 4715.56874372
995.092229619 4715.56874372
995.687469454 4715.56874372
996.282709288 4715.56874372
996.877949123 4715.56874372
997.473188957 4715.56874372
998.068428791 4715.56874372
998.663668626 4715.56874372
999.25890846 4715.56874372
999.854148295 4715.56874372
1000.44938813 4715.56874372
1001.04462796 4715.56874372
1001.6398678 4715.56874372
1002.23510763 4715.56874372
1002.83034747 4715.56874372
1003.4255873 4715.56874372
1004.02082714 4715.56874372
1004.61606697 4715.56874372
1005.21130681 4715.56874372
1005.80654664 4715.56874372
1006.40178647 4715.56874372
1006.99702631 4715.56874372
1007.59226614 4715.56874372
1008.18750598 4715.56874372
1008.78274581 4715.56874372
1009.37798565 4715.56874372
1009.97322548 4715.56874372
1010.56846532 4715.56874372
1011.16370515 4715.56874372
1011.75894498 4715.56874372
1012.35418482 4715.56874372
1012.94942465 4715.56874372
1013.54466449 4715.56874372
1014.13990432 4715.56874372
1014.73514416 4715.56874372
1015.33038399 4715.56874372
1015.92562383 4715.56874372
1016.52086366 4715.56874372
1017.11610349 4715.56874372
1017.71134333 4715.56874372
1018.30658316 4715.56874372
1018.901823 4715.56874372
1019.49706283 4715.56874372
1020.09230267 4715.56874372
1020.6875425 4715.56874372
1021.28278234 4715.56874372
1021.87802217 4715.56874372
1022.473262 4715.56874372
1023.06850184 4715.56874372
1023.66374167 4715.56874372
1024.25898151 4715.56874372
1024.85422134 4715.56874372
1025.44946118 4715.56874372
1026.04470101 4715.56874372
1026.63994085 4715.56874372
1027.23518068 4715.56874372
1027.83042052 4715.56874372
1028.42566035 4715.56874372
1029.02090018 4715.56874372
1029.61614002 4715.56874372
1030.21137985 4715.56874372
1030.80661969 4715.56874372
1031.40185952 4715.56874372
1031.99709936 4715.56874372
1032.59233919 4715.56874372
1033.18757903 4715.56874372
1033.78281886 4715.56874372
1034.37805869 4715.56874372
1034.97329853 4715.56874372
1035.56853836 4715.56874372
1036.1637782 4715.56874372
1036.75901803 4715.56874372
1037.35425787 4715.56874372
1037.9494977 4715.56874372
1038.54473754 4715.56874372
1039.13997737 4715.56874372
1039.7352172 4715.56874372
1040.33045704 4715.56874372
1040.92569687 4715.56874372
1041.52093671 4715.56874372
1042.11617654 4715.56874372
1042.71141638 4715.56874372
1043.30665621 4715.56874372
1043.90189605 4715.56874372
1044.49713588 4715.56874372
1045.09237571 4715.56874372
1045.68761555 4715.56874372
1046.28285538 4715.56874372
1046.87809522 4715.56874372
1047.47333505 4715.56874372
1048.06857489 4715.56874372
1048.66381472 4715.56874372
1049.25905456 4715.56874372
1049.85429439 4715.56874372
1050.44953423 4715.56874372
1051.04477406 4715.56874372
1051.64001389 4715.56874372
1052.23525373 4715.56874372
1052.83049356 4715.56874372
1053.4257334 4715.56874372
1054.02097323 4715.56874372
1054.61621307 4715.56874372
1055.2114529 4715.56874372
1055.80669274 4715.56874372
1056.40193257 4715.56874372
1056.9971724 4715.56874372
1057.59241224 4715.56874372
1058.18765207 4715.56874372
1058.78289191 4715.56874372
1059.37813174 4715.56874372
1059.97337158 4715.56874372
1060.56861141 4715.56874372
1061.16385125 4715.56874372
1061.75909108 4715.56874372
1062.35433091 4715.56874372
1062.94957075 4715.56874372
1063.54481058 4715.56874372
1064.14005042 4715.56874372
1064.73529025 4715.56874372
1065.33053009 4715.56874372
1065.92576992 4715.56874372
1066.52100976 4715.56874372
1067.11624959 4715.56874372
1067.71148942 4715.56874372
1068.30672926 4715.56874372
1068.90196909 4715.56874372
1069.49720893 4715.56874372
1070.09244876 4715.56874372
1070.6876886 4715.56874372
1071.28292843 4715.56874372
1071.87816827 4715.56874372
1072.4734081 4715.56874372
1073.06864794 4715.56874372
1073.66388777 4715.56874372
1074.2591276 4715.56874372
1074.85436744 4715.56874372
1075.44960727 4715.56874372
1076.04484711 4715.56874372
1076.64008694 4715.56874372
1077.23532678 4715.56874372
1077.83056661 4715.56874372
1078.42580645 4715.56874372
1079.02104628 4715.56874372
1079.61628611 4715.56874372
1080.21152595 4715.56874372
1080.80676578 4715.56874372
1081.40200562 4715.56874372
1081.99724545 4715.56874372
1082.59248529 4715.56874372
1083.18772512 4715.56874372
1083.78296496 4715.56874372
1084.37820479 4715.56874372
1084.97344462 4715.56874372
1085.56868446 4715.56874372
1086.16392429 4715.56874372
1086.75916413 4715.56874372
1087.35440396 4715.56874372
1087.9496438 4715.56874372
1088.54488363 4715.56874372
1089.14012347 4715.56874372
1089.7353633 4715.56874372
1090.33060313 4715.56874372
1090.92584297 4715.56874372
1091.5210828 4715.56874372
1092.11632264 4715.56874372
1092.71156247 4715.56874372
1093.30680231 4715.56874372
1093.90204214 4715.56874372
1094.49728198 4715.56874372
1095.09252181 4715.56874372
1095.68776164 4715.56874372
1096.28300148 4715.56874372
1096.87824131 4715.56874372
1097.47348115 4715.56874372
1098.06872098 4715.56874372
1098.66396082 4715.56874372
1099.25920065 4715.56874372
1099.85444049 4715.56874372
1100.44968032 4715.56874372
1101.04492016 4715.56874372
1101.64015999 4715.56874372
1102.23539982 4715.56874372
1102.83063966 4715.56874372
1103.42587949 4715.56874372
1104.02111933 4715.56874372
1104.61635916 4715.56874372
1105.211599 4715.56874372
1105.80683883 4715.56874372
1106.40207867 4715.56874372
1106.9973185 4715.56874372
1107.59255833 4715.56874372
1108.18779817 4715.56874372
1108.783038 4715.56874372
1109.37827784 4715.56874372
1109.97351767 4715.56874372
1110.56875751 4715.56874372
1111.16399734 4715.56874372
1111.75923718 4715.56874372
1112.35447701 4715.56874372
1112.94971684 4715.56874372
1113.54495668 4715.56874372
1114.14019651 4715.56874372
1114.73543635 4715.56874372
1115.33067618 4715.56874372
1115.92591602 4715.56874372
1116.52115585 4715.56874372
1117.11639569 4715.56874372
1117.71163552 4715.56874372
1118.30687535 4715.56874372
1118.90211519 4715.56874372
1119.49735502 4715.56874372
1120.09259486 4715.56874372
1120.68783469 4715.56874372
1121.28307453 4715.56874372
1121.87831436 4715.56874372
1122.4735542 4715.56874372
1123.06879403 4715.56874372
1123.66403387 4715.56874372
1124.2592737 4715.56874372
1124.85451353 4715.56874372
1125.44975337 4715.56874372
1126.0449932 4715.56874372
1126.64023304 4715.56874372
1127.23547287 4715.56874372
1127.83071271 4715.56874372
1128.42595254 4715.56874372
1129.02119238 4715.56874372
1129.61643221 4715.56874372
1130.21167204 4715.56874372
1130.80691188 4715.56874372
1131.40215171 4715.56874372
1131.99739155 4715.56874372
1132.59263138 4715.56874372
1133.18787122 4715.56874372
1133.78311105 4715.56874372
1134.37835089 4715.56874372
1134.97359072 4715.56874372
1135.56883055 4715.56874372
1136.16407039 4715.56874372
1136.75931022 4715.56874372
1137.35455006 4715.56874372
1137.94978989 4715.56874372
1138.54502973 4715.56874372
1139.14026956 4715.56874372
1139.7355094 4715.56874372
1140.33074923 4715.56874372
1140.92598906 4715.56874372
1141.5212289 4715.56874372
1142.11646873 4715.56874372
1142.71170857 4715.56874372
1143.3069484 4715.56874372
1143.90218824 4715.56874372
1144.49742807 4715.56874372
1145.09266791 4715.56874372
1145.68790774 4715.56874372
1146.28314758 4715.56874372
1146.87838741 4715.56874372
1147.47362724 4715.56874372
1148.06886708 4715.56874372
1148.66410691 4715.56874372
1149.25934675 4715.56874372
1149.85458658 4715.56874372
1150.44982642 4715.56874372
1151.04506625 4715.56874372
1151.64030609 4715.56874372
1152.23554592 4715.56874372
1152.83078575 4715.56874372
1153.42602559 4715.56874372
1154.02126542 4715.56874372
1154.61650526 4715.56874372
1155.21174509 4715.56874372
1155.80698493 4715.56874372
1156.40222476 4715.56874372
1156.9974646 4715.56874372
1157.59270443 4715.56874372
1158.18794426 4715.56874372
1158.7831841 4715.56874372
1159.37842393 4715.56874372
1159.97366377 4715.56874372
1160.5689036 4715.56874372
1161.16414344 4715.56874372
1161.75938327 4715.56874372
1162.35462311 4715.56874372
1162.94986294 4715.56874372
1163.54510277 4715.56874372
1164.14034261 4715.56874372
1164.73558244 4715.56874372
1165.33082228 4715.56874372
1165.92606211 4715.56874372
1166.52130195 4715.56874372
1167.11654178 4715.56874372
1167.71178162 4715.56874372
1168.30702145 4715.56874372
1168.90226129 4715.56874372
1169.49750112 4715.56874372
1170.09274095 4715.56874372
1170.68798079 4715.56874372
1171.28322062 4715.56874372
1171.87846046 4715.56874372
1172.47370029 4715.56874372
1173.06894013 4715.56874372
1173.66417996 4715.56874372
1174.2594198 4715.56874372
1174.85465963 4715.56874372
1175.44989946 4715.56874372
1176.0451393 4715.56874372
1176.64037913 4715.56874372
1177.23561897 4715.56874372
1177.8308588 4715.56874372
1178.42609864 4715.56874372
1179.02133847 4715.56874372
1179.61657831 4715.56874372
1180.21181814 4715.56874372
1180.80705797 4715.56874372
1181.40229781 4715.56874372
1181.99753764 4715.56874372
1182.59277748 4715.56874372
1183.18801731 4715.56874372
1183.78325715 4715.56874372
1184.37849698 4715.56874372
1184.97373682 4715.56874372
1185.56897665 4715.56874372
1186.16421648 4715.56874372
1186.75945632 4715.56874372
1187.35469615 4715.56874372
1187.94993599 4715.56874372
1188.54517582 4715.56874372
1189.14041566 4715.56874372
1189.73565549 4715.56874372
1190.33089533 4715.56874372
1190.92613516 4715.56874372
1191.521375 4715.56874372
1192.11661483 4715.56874372
1192.71185466 4715.56874372
1193.3070945 4715.56874372
1193.90233433 4715.56874372
1194.49757417 4715.56874372
1195.092814 4715.56874372
1195.68805384 4715.56874372
1196.28329367 4715.56874372
1196.87853351 4715.56874372
1197.47377334 4715.56874372
1198.06901317 4715.56874372
1198.66425301 4715.56874372
1199.25949284 4715.56874372
1199.85473268 4715.56874372
1200.44997251 4715.56874372
1201.04521235 4715.56874372
1201.64045218 4715.56874372
1202.23569202 4715.56874372
1202.83093185 4715.56874372
1203.42617168 4715.56874372
1204.02141152 4715.56874372
1204.61665135 4715.56874372
1205.21189119 4715.56874372
1205.80713102 4715.56874372
1206.40237086 4715.56874372
1206.99761069 4715.56874372
1207.59285053 4715.56874372
1208.18809036 4715.56874372
1208.78333019 4715.56874372
1209.37857003 4715.56874372
1209.97380986 4715.56874372
1210.5690497 4715.56874372
1211.16428953 4715.56874372
1211.75952937 4715.56874372
1212.3547692 4715.56874372
1212.95000904 4715.56874372
1213.54524887 4715.56874372
1214.14048871 4715.56874372
1214.73572854 4715.56874372
1215.33096837 4715.56874372
1215.92620821 4715.56874372
1216.52144804 4715.56874372
1217.11668788 4715.56874372
1217.71192771 4715.56874372
1218.30716755 4715.56874372
1218.90240738 4715.56874372
