0.446466215283 3351.30727075
1.04170604976 3351.30727075
1.63694588423 3351.30727075
2.2321857187 3351.30727075
2.82742555317 3351.30727075
3.42266538765 3351.30727075
4.01790522212 3351.30727075
4.61314505659 3351.30727075
5.20838489106 3351.30727075
5.80362472554 3351.30727075
6.39886456001 3351.30727075
6.99410439448 3351.30727075
7.58934422895 3351.30727075
8.18458406343 3351.30727075
8.7798238979 3351.30727075
9.37506373237 3351.30727075
9.97030356685 3351.30727075
10.5655434013 3351.30727075
11.1607832358 3351.30727075
11.7560230703 3351.30727075
12.3512629047 3351.30727075
12.9465027392 3351.30727075
13.5417425737 3351.30727075
14.1369824082 3351.30727075
14.7322222426 3351.30727075
15.3274620771 3351.30727075
15.9227019116 3351.30727075
16.517941746 3351.30727075
17.1131815805 3351.30727075
17.708421415 3351.30727075
18.3036612495 3351.30727075
18.8989010839 3351.30727075
19.4941409184 3351.30727075
20.0893807529 3351.30727075
20.6846205874 3351.30727075
21.2798604218 3351.30727075
21.8751002563 3351.30727075
22.4703400908 3351.30727075
23.0655799252 3351.30727075
23.6608197597 3351.30727075
24.2560595942 3351.30727075
24.8512994287 3351.30727075
25.4465392631 3351.30727075
26.0417790976 3351.30727075
26.6370189321 3351.30727075
27.2322587666 3351.30727075
27.827498601 3351.30727075
28.4227384355 3351.30727075
29.01797827 3351.30727075
29.6132181044 3351.30727075
30.2084579389 3351.30727075
30.8036977734 3351.30727075
31.3989376079 3351.30727075
31.9941774423 3351.30727075
32.5894172768 3351.30727075
33.1846571113 3351.30727075
33.7798969458 3351.30727075
34.3751367802 3351.30727075
34.9703766147 3351.30727075
35.5656164492 3351.30727075
36.1608562836 3351.30727075
36.7560961181 3351.30727075
37.3513359526 3351.30727075
37.9465757871 3351.30727075
38.5418156215 3351.30727075
39.137055456 3351.30727075
39.7322952905 3351.30727075
40.327535125 3351.30727075
40.9227749594 3351.30727075
41.5180147939 3351.30727075
42.1132546284 3351.30727075
42.7084944628 3351.30727075
43.3037342973 3351.30727075
43.8989741318 3351.30727075
44.4942139663 3351.30727075
45.0894538007 3351.30727075
45.6846936352 3351.30727075
46.2799334697 3351.30727075
46.8751733041 3351.30727075
47.4704131386 3351.30727075
48.0656529731 3351.30727075
48.6608928076 3351.30727075
49.256132642 3351.30727075
49.8513724765 3351.30727075
50.446612311 3351.30727075
51.0418521455 3351.30727075
51.6370919799 3351.30727075
52.2323318144 3351.30727075
52.8275716489 3351.30727075
53.4228114833 3351.30727075
54.0180513178 3351.30727075
54.6132911523 3351.30727075
55.2085309868 3351.30727075
55.8037708212 3351.30727075
56.3990106557 3351.30727075
56.9942504902 3351.30727075
57.5894903247 3351.30727075
58.1847301591 3351.30727075
58.7799699936 3351.30727075
59.3752098281 3351.30727075
59.9704496625 3351.30727075
60.565689497 3351.30727075
61.1609293315 3351.30727075
61.756169166 3351.30727075
62.3514090004 3351.30727075
62.9466488349 3351.30727075
63.5418886694 3351.30727075
64.1371285039 3351.30727075
64.7323683383 3351.30727075
65.3276081728 3351.30727075
65.9228480073 3351.30727075
66.5180878417 3351.30727075
67.1133276762 3351.30727075
67.7085675107 3351.30727075
68.3038073452 3351.30727075
68.8990471796 3351.30727075
69.4942870141 3351.30727075
70.0895268486 3351.30727075
70.6847666831 3351.30727075
71.2800065175 3351.30727075
71.875246352 3351.30727075
72.4704861865 3351.30727075
73.0657260209 3351.30727075
73.6609658554 3351.30727075
74.2562056899 3351.30727075
74.8514455244 3351.30727075
75.4466853588 3351.30727075
76.0419251933 3351.30727075
76.6371650278 3351.30727075
77.2324048623 3351.30727075
77.8276446967 3351.30727075
78.4228845312 3351.30727075
79.0181243657 3351.30727075
79.6133642001 3351.30727075
80.2086040346 3351.30727075
80.8038438691 3351.30727075
81.3990837036 3351.30727075
81.994323538 3351.30727075
82.5895633725 3351.30727075
83.184803207 3351.30727075
83.7800430415 3351.30727075
84.3752828759 3351.30727075
84.9705227104 3351.30727075
85.5657625449 3351.30727075
86.1610023793 3351.30727075
86.7562422138 3351.30727075
87.3514820483 3351.30727075
87.9467218828 3351.30727075
88.5419617172 3351.30727075
89.1372015517 3351.30727075
89.7324413862 3351.30727075
90.3276812207 3351.30727075
90.9229210551 3351.30727075
91.5181608896 3351.30727075
92.1134007241 3351.30727075
92.7086405585 3351.30727075
93.303880393 3351.30727075
93.8991202275 3351.30727075
94.494360062 3351.30727075
95.0895998964 3351.30727075
95.6848397309 3351.30727075
96.2800795654 3351.30727075
96.8753193999 3351.30727075
97.4705592343 3351.30727075
98.0657990688 3351.30727075
98.6610389033 3351.30727075
99.2562787377 3351.30727075
99.8515185722 3351.30727075
100.446758407 3351.30727075
101.041998241 3351.30727075
101.637238076 3351.30727075
102.23247791 3351.30727075
102.827717745 3351.30727075
103.422957579 3351.30727075
104.018197414 3351.30727075
104.613437248 3351.30727075
105.208677082 3351.30727075
105.803916917 3351.30727075
106.399156751 3351.30727075
106.994396586 3351.30727075
107.58963642 3351.30727075
108.184876255 3351.30727075
108.780116089 3351.30727075
109.375355924 3351.30727075
109.970595758 3351.30727075
110.565835593 3351.30727075
111.161075427 3351.30727075
111.756315262 3351.30727075
112.351555096 3351.30727075
112.946794931 3351.30727075
113.542034765 3351.30727075
114.1372746 3351.30727075
114.732514434 3351.30727075
115.327754269 3351.30727075
115.922994103 3351.30727075
116.518233937 3351.30727075
117.113473772 3351.30727075
117.708713606 3351.30727075
118.303953441 3351.30727075
118.899193275 3351.30727075
119.49443311 3351.30727075
120.089672944 3351.30727075
120.684912779 3351.30727075
121.280152613 3351.30727075
121.875392448 3351.30727075
122.470632282 3351.30727075
123.065872117 3351.30727075
123.661111951 3351.30727075
124.256351786 3351.30727075
124.85159162 3351.30727075
125.446831455 3351.30727075
126.042071289 3351.30727075
126.637311123 3351.30727075
127.232550958 3351.30727075
127.827790792 3351.30727075
128.423030627 3351.30727075
129.018270461 3351.30727075
129.613510296 3351.30727075
130.20875013 3351.30727075
130.803989965 3351.30727075
131.399229799 3351.30727075
131.994469634 3351.30727075
132.589709468 3351.30727075
133.184949303 3351.30727075
133.780189137 3351.30727075
134.375428972 3351.30727075
134.970668806 3351.30727075
135.565908641 3351.30727075
136.161148475 3351.30727075
136.75638831 3351.30727075
137.351628144 3351.30727075
137.946867978 3351.30727075
138.542107813 3351.30727075
139.137347647 3351.30727075
139.732587482 3351.30727075
140.327827316 3351.30727075
140.923067151 3351.30727075
141.518306985 3351.30727075
142.11354682 3351.30727075
142.708786654 3351.30727075
143.304026489 3351.30727075
143.899266323 3351.30727075
144.494506158 3351.30727075
145.089745992 3351.30727075
145.684985827 3351.30727075
146.280225661 3351.30727075
146.875465496 3351.30727075
147.47070533 3351.30727075
148.065945165 3351.30727075
148.661184999 3351.30727075
149.256424833 3351.30727075
149.851664668 3351.30727075
150.446904502 3351.30727075
151.042144337 3351.30727075
151.637384171 3351.30727075
152.232624006 3351.30727075
152.82786384 3351.30727075
153.423103675 3351.30727075
154.018343509 3351.30727075
154.613583344 3351.30727075
155.208823178 3351.30727075
155.804063013 3351.30727075
156.399302847 3351.30727075
156.994542682 3351.30727075
157.589782516 3351.30727075
158.185022351 3351.30727075
158.780262185 3351.30727075
159.375502019 3351.30727075
159.970741854 3351.30727075
160.565981688 3351.30727075
161.161221523 3351.30727075
161.756461357 3351.30727075
162.351701192 3351.30727075
162.946941026 3351.30727075
163.542180861 3351.30727075
164.137420695 3351.30727075
164.73266053 3351.30727075
165.327900364 3351.30727075
165.923140199 3351.30727075
166.518380033 3351.30727075
167.113619868 3351.30727075
167.708859702 3351.30727075
168.304099537 3351.30727075
168.899339371 3351.30727075
169.494579206 3351.30727075
170.08981904 3351.30727075
170.685058874 3351.30727075
171.280298709 3351.30727075
171.875538543 3351.30727075
172.470778378 3351.30727075
173.066018212 3351.30727075
173.661258047 3351.30727075
174.256497881 3351.30727075
174.851737716 3351.30727075
175.44697755 3351.30727075
176.042217385 3351.30727075
176.637457219 3351.30727075
177.232697054 3351.30727075
177.827936888 3351.30727075
178.423176723 3351.30727075
179.018416557 3351.30727075
179.613656392 3351.30727075
180.208896226 3351.30727075
180.80413606 3351.30727075
181.399375895 3351.30727075
181.994615729 3351.30727075
182.589855564 3351.30727075
183.185095398 3351.30727075
183.780335233 3351.30727075
184.375575067 3351.30727075
184.970814902 3351.30727075
185.566054736 3351.30727075
186.161294571 3351.30727075
186.756534405 3351.30727075
187.35177424 3351.30727075
187.947014074 3351.30727075
188.542253909 3351.30727075
189.137493743 3351.30727075
189.732733578 3351.30727075
190.327973412 3351.30727075
190.923213247 3351.30727075
191.518453081 3351.30727075
192.113692915 3351.30727075
192.70893275 3351.30727075
193.304172584 3351.30727075
193.899412419 3351.30727075
194.494652253 3351.30727075
195.089892088 3351.30727075
195.685131922 3351.30727075
196.280371757 3351.30727075
196.875611591 3351.30727075
197.470851426 3351.30727075
198.06609126 3351.30727075
198.661331095 3351.30727075
199.256570929 3351.30727075
199.851810764 3351.30727075
200.447050598 3351.30727075
201.042290433 3351.30727075
201.637530267 3351.30727075
202.232770102 3351.30727075
202.828009936 3351.30727075
203.42324977 3351.30727075
204.018489605 3351.30727075
204.613729439 3351.30727075
205.208969274 3351.30727075
205.804209108 3351.30727075
206.399448943 3351.30727075
206.994688777 3351.30727075
207.589928612 3351.30727075
208.185168446 3351.30727075
208.780408281 3351.30727075
209.375648115 3351.30727075
209.97088795 3351.30727075
210.566127784 3351.30727075
211.161367619 3351.30727075
211.756607453 3351.30727075
212.351847288 3351.30727075
212.947087122 3351.30727075
213.542326956 3351.30727075
214.137566791 3351.30727075
214.732806625 3351.30727075
215.32804646 3351.30727075
215.923286294 3351.30727075
216.518526129 3351.30727075
217.113765963 3351.30727075
217.709005798 3351.30727075
218.304245632 3351.30727075
218.899485467 3351.30727075
219.494725301 3351.30727075
220.089965136 3351.30727075
220.68520497 3351.30727075
221.280444805 3351.30727075
221.875684639 3351.30727075
222.470924474 3351.30727075
223.066164308 3351.30727075
223.661404143 3351.30727075
224.256643977 3351.30727075
224.851883811 3351.30727075
225.447123646 3351.30727075
226.04236348 3351.30727075
226.637603315 3351.30727075
227.232843149 3351.30727075
227.828082984 3351.30727075
228.423322818 3351.30727075
229.018562653 3351.30727075
229.613802487 3351.30727075
230.209042322 3351.30727075
230.804282156 3351.30727075
231.399521991 3351.30727075
231.994761825 3351.30727075
232.59000166 3351.30727075
233.185241494 3351.30727075
233.780481329 3351.30727075
234.375721163 3351.30727075
234.970960998 3351.30727075
235.566200832 3351.30727075
236.161440666 3351.30727075
236.756680501 3351.30727075
237.351920335 3351.30727075
237.94716017 3351.30727075
238.542400004 3351.30727075
239.137639839 3351.30727075
239.732879673 3351.30727075
240.328119508 3351.30727075
240.923359342 3351.30727075
241.518599177 3351.30727075
242.113839011 3351.30727075
242.709078846 3351.30727075
243.30431868 3351.30727075
243.899558515 3351.30727075
244.494798349 3351.30727075
245.090038184 3351.30727075
245.685278018 3351.30727075
246.280517852 3351.30727075
246.875757687 3351.30727075
247.470997521 3351.30727075
248.066237356 3351.30727075
248.66147719 3351.30727075
249.256717025 3351.30727075
249.851956859 3351.30727075
250.447196694 3351.30727075
251.042436528 3351.30727075
251.637676363 3351.30727075
252.232916197 3351.30727075
252.828156032 3351.30727075
253.423395866 3351.30727075
254.018635701 3351.30727075
254.613875535 3351.30727075
255.20911537 3351.30727075
255.804355204 3351.30727075
256.399595039 3351.30727075
256.994834873 3351.30727075
257.590074707 3351.30727075
258.185314542 3351.30727075
258.780554376 3351.30727075
259.375794211 3351.30727075
259.971034045 3351.30727075
260.56627388 3351.30727075
261.161513714 3351.30727075
261.756753549 3351.30727075
262.351993383 3351.30727075
262.947233218 3351.30727075
263.542473052 3351.30727075
264.137712887 3351.30727075
264.732952721 3351.30727075
265.328192556 3351.30727075
265.92343239 3351.30727075
266.518672225 3351.30727075
267.113912059 3351.30727075
267.709151894 3351.30727075
268.304391728 3351.30727075
268.899631562 3351.30727075
269.494871397 3351.30727075
270.090111231 3351.30727075
270.685351066 3351.30727075
271.2805909 3351.30727075
271.875830735 3351.30727075
272.471070569 3351.30727075
273.066310404 3351.30727075
273.661550238 3351.30727075
274.256790073 3351.30727075
274.852029907 3351.30727075
275.447269742 3351.30727075
276.042509576 3351.30727075
276.637749411 3351.30727075
277.232989245 3351.30727075
277.82822908 3351.30727075
278.423468914 3351.30727075
279.018708748 3351.30727075
279.613948583 3351.30727075
280.209188417 3351.30727075
280.804428252 3351.30727075
281.399668086 3351.30727075
281.994907921 3351.30727075
282.590147755 3351.30727075
283.18538759 3351.30727075
283.780627424 3351.30727075
284.375867259 3351.30727075
284.971107093 3351.30727075
285.566346928 3351.30727075
286.161586762 3351.30727075
286.756826597 3351.30727075
287.352066431 3351.30727075
287.947306266 3351.30727075
288.5425461 3351.30727075
289.137785935 3351.30727075
289.733025769 3351.30727075
290.328265603 3351.30727075
290.923505438 3351.30727075
291.518745272 3351.30727075
292.113985107 3351.30727075
292.709224941 3351.30727075
293.304464776 3351.30727075
293.89970461 3351.30727075
294.494944445 3351.30727075
295.090184279 3351.30727075
295.685424114 3351.30727075
296.280663948 3351.30727075
296.875903783 3351.30727075
297.471143617 3351.30727075
298.066383452 3351.30727075
298.661623286 3351.30727075
299.256863121 3351.30727075
299.852102955 3351.30727075
300.44734279 3351.30727075
301.042582624 3351.30727075
301.637822458 3351.30727075
302.233062293 3351.30727075
302.828302127 3351.30727075
303.423541962 3351.30727075
304.018781796 3351.30727075
304.614021631 3351.30727075
305.209261465 4252.26030916
305.8045013 4252.26030916
306.399741134 4252.26030916
306.994980969 4252.26030916
307.590220803 4252.26030916
308.185460638 4252.26030916
308.780700472 4252.26030916
309.375940307 4252.26030916
309.971180141 4252.26030916
310.566419976 4252.26030916
311.16165981 4252.26030916
311.756899644 4252.26030916
312.352139479 4252.26030916
312.947379313 4252.26030916
313.542619148 4252.26030916
314.137858982 4252.26030916
314.733098817 4252.26030916
315.328338651 4252.26030916
315.923578486 4252.26030916
316.51881832 4252.26030916
317.114058155 4252.26030916
317.709297989 4252.26030916
318.304537824 4252.26030916
318.899777658 4252.26030916
319.495017493 4252.26030916
320.090257327 4252.26030916
320.685497162 4252.26030916
321.280736996 4252.26030916
321.875976831 4252.26030916
322.471216665 4252.26030916
323.066456499 4252.26030916
323.661696334 4252.26030916
324.256936168 4252.26030916
324.852176003 4252.26030916
325.447415837 4252.26030916
326.042655672 4252.26030916
326.637895506 4252.26030916
327.233135341 4252.26030916
327.828375175 4252.26030916
328.42361501 4252.26030916
329.018854844 4252.26030916
329.614094679 4252.26030916
330.209334513 4252.26030916
330.804574348 4252.26030916
331.399814182 4252.26030916
331.995054017 4252.26030916
332.590293851 4252.26030916
333.185533685 4252.26030916
333.78077352 4252.26030916
334.376013354 4252.26030916
334.971253189 4252.26030916
335.566493023 4252.26030916
336.161732858 4252.26030916
336.756972692 4252.26030916
337.352212527 4252.26030916
337.947452361 4252.26030916
338.542692196 4252.26030916
339.13793203 4252.26030916
339.733171865 4252.26030916
340.328411699 4252.26030916
340.923651534 4252.26030916
341.518891368 4252.26030916
342.114131203 4252.26030916
342.709371037 4252.26030916
343.304610872 4252.26030916
343.899850706 4252.26030916
344.49509054 4252.26030916
345.090330375 4252.26030916
345.685570209 4252.26030916
346.280810044 4252.26030916
346.876049878 4252.26030916
347.471289713 4252.26030916
348.066529547 4252.26030916
348.661769382 4252.26030916
349.257009216 4252.26030916
349.852249051 4252.26030916
350.447488885 4252.26030916
351.04272872 4252.26030916
351.637968554 4252.26030916
352.233208389 4252.26030916
352.828448223 4252.26030916
353.423688058 4252.26030916
354.018927892 4252.26030916
354.614167727 4252.26030916
355.209407561 4252.26030916
355.804647395 4252.26030916
356.39988723 4252.26030916
356.995127064 4252.26030916
357.590366899 4252.26030916
358.185606733 4252.26030916
358.780846568 4252.26030916
359.376086402 4252.26030916
359.971326237 4252.26030916
360.566566071 4252.26030916
361.161805906 4252.26030916
361.75704574 4252.26030916
362.352285575 4252.26030916
362.947525409 4252.26030916
363.542765244 4252.26030916
364.138005078 4252.26030916
364.733244913 4252.26030916
365.328484747 4252.26030916
365.923724581 4252.26030916
366.518964416 4252.26030916
367.11420425 4252.26030916
367.709444085 4252.26030916
368.304683919 4252.26030916
368.899923754 4252.26030916
369.495163588 4252.26030916
370.090403423 4252.26030916
370.685643257 4252.26030916
371.280883092 4252.26030916
371.876122926 4252.26030916
372.471362761 4252.26030916
373.066602595 4252.26030916
373.66184243 4252.26030916
374.257082264 4252.26030916
374.852322099 4252.26030916
375.447561933 4252.26030916
376.042801768 4252.26030916
376.638041602 4252.26030916
377.233281436 4252.26030916
377.828521271 4252.26030916
378.423761105 4252.26030916
379.01900094 4252.26030916
379.614240774 4252.26030916
380.209480609 4252.26030916
380.804720443 4252.26030916
381.399960278 4252.26030916
381.995200112 4252.26030916
382.590439947 4252.26030916
383.185679781 4252.26030916
383.780919616 4252.26030916
384.37615945 4252.26030916
384.971399285 4252.26030916
385.566639119 4252.26030916
386.161878954 4252.26030916
386.757118788 4252.26030916
387.352358623 4252.26030916
387.947598457 4252.26030916
388.542838291 4252.26030916
389.138078126 4252.26030916
389.73331796 4252.26030916
390.328557795 4252.26030916
390.923797629 4252.26030916
391.519037464 4252.26030916
392.114277298 4252.26030916
392.709517133 4252.26030916
393.304756967 4252.26030916
393.899996802 4252.26030916
394.495236636 4252.26030916
395.090476471 4252.26030916
395.685716305 4252.26030916
396.28095614 4252.26030916
396.876195974 4252.26030916
397.471435809 4252.26030916
398.066675643 4252.26030916
398.661915477 4252.26030916
399.257155312 4252.26030916
399.852395146 4252.26030916
400.447634981 4252.26030916
401.042874815 4252.26030916
401.63811465 4252.26030916
402.233354484 4252.26030916
402.828594319 4252.26030916
403.423834153 4252.26030916
404.019073988 4252.26030916
404.614313822 4252.26030916
405.209553657 4252.26030916
405.804793491 4252.26030916
406.400033326 4252.26030916
406.99527316 4252.26030916
407.590512995 4252.26030916
408.185752829 4252.26030916
408.780992664 4252.26030916
409.376232498 4252.26030916
409.971472332 4252.26030916
410.566712167 4252.26030916
411.161952001 4252.26030916
411.757191836 4252.26030916
412.35243167 4252.26030916
412.947671505 4252.26030916
413.542911339 4252.26030916
414.138151174 4252.26030916
414.733391008 4252.26030916
415.328630843 4252.26030916
415.923870677 4252.26030916
416.519110512 4252.26030916
417.114350346 4252.26030916
417.709590181 4252.26030916
418.304830015 4252.26030916
418.90006985 4252.26030916
419.495309684 4252.26030916
420.090549519 4252.26030916
420.685789353 4252.26030916
421.281029187 4252.26030916
421.876269022 4252.26030916
422.471508856 4252.26030916
423.066748691 4252.26030916
423.661988525 4252.26030916
424.25722836 4252.26030916
424.852468194 4252.26030916
425.447708029 4252.26030916
426.042947863 4252.26030916
426.638187698 4252.26030916
427.233427532 4252.26030916
427.828667367 4252.26030916
428.423907201 4252.26030916
429.019147036 4252.26030916
429.61438687 4252.26030916
430.209626705 4252.26030916
430.804866539 4252.26030916
431.400106373 4252.26030916
431.995346208 4252.26030916
432.590586042 4252.26030916
433.185825877 4252.26030916
433.781065711 4252.26030916
434.376305546 4252.26030916
434.97154538 4252.26030916
435.566785215 4252.26030916
436.162025049 4252.26030916
436.757264884 4252.26030916
437.352504718 4252.26030916
437.947744553 4252.26030916
438.542984387 4252.26030916
439.138224222 4252.26030916
439.733464056 4252.26030916
440.328703891 4252.26030916
440.923943725 4252.26030916
441.51918356 4252.26030916
442.114423394 4252.26030916
442.709663228 4252.26030916
443.304903063 4252.26030916
443.900142897 4252.26030916
444.495382732 4252.26030916
445.090622566 4252.26030916
445.685862401 4252.26030916
446.281102235 4252.26030916
446.87634207 4252.26030916
447.471581904 4252.26030916
448.066821739 4252.26030916
448.662061573 4252.26030916
449.257301408 4252.26030916
449.852541242 4252.26030916
450.447781077 4252.26030916
451.043020911 4252.26030916
451.638260746 4252.26030916
452.23350058 4252.26030916
452.828740415 4252.26030916
453.423980249 4252.26030916
454.019220083 4252.26030916
454.614459918 4252.26030916
455.209699752 4252.26030916
455.804939587 4252.26030916
456.400179421 4252.26030916
456.995419256 4252.26030916
457.59065909 4036.217252
458.185898925 4036.217252
458.781138759 4036.217252
459.376378594 4036.217252
459.971618428 4036.217252
460.566858263 4036.217252
461.162098097 4036.217252
461.757337932 4036.217252
462.352577766 4036.217252
462.947817601 4036.217252
463.543057435 4036.217252
464.138297269 4036.217252
464.733537104 4036.217252
465.328776938 4036.217252
465.924016773 4036.217252
466.519256607 4036.217252
467.114496442 4036.217252
467.709736276 4036.217252
468.304976111 4036.217252
468.900215945 4036.217252
469.49545578 4036.217252
470.090695614 4036.217252
470.685935449 4036.217252
471.281175283 4036.217252
471.876415118 4036.217252
472.471654952 4036.217252
473.066894787 4036.217252
473.662134621 4036.217252
474.257374456 4036.217252
474.85261429 4036.217252
475.447854124 4036.217252
476.043093959 4036.217252
476.638333793 4036.217252
477.233573628 4036.217252
477.828813462 4036.217252
478.424053297 4036.217252
479.019293131 4036.217252
479.614532966 4036.217252
480.2097728 4036.217252
480.805012635 4036.217252
481.400252469 4036.217252
481.995492304 4036.217252
482.590732138 4036.217252
483.185971973 4036.217252
483.781211807 4036.217252
484.376451642 4036.217252
484.971691476 4036.217252
485.56693131 4036.217252
486.162171145 4036.217252
486.757410979 4036.217252
487.352650814 4036.217252
487.947890648 4036.217252
488.543130483 4036.217252
489.138370317 4036.217252
489.733610152 4036.217252
490.328849986 4036.217252
490.924089821 4036.217252
491.519329655 4036.217252
492.11456949 4036.217252
492.709809324 4036.217252
493.305049159 4036.217252
493.900288993 4036.217252
494.495528828 4036.217252
495.090768662 4036.217252
495.686008497 4036.217252
496.281248331 4036.217252
496.876488165 4036.217252
497.471728 4036.217252
498.066967834 4036.217252
498.662207669 4036.217252
499.257447503 4036.217252
499.852687338 4036.217252
500.447927172 4036.217252
501.043167007 4036.217252
501.638406841 4036.217252
502.233646676 4036.217252
502.82888651 4036.217252
503.424126345 4036.217252
504.019366179 4036.217252
504.614606014 4036.217252
505.209845848 4036.217252
505.805085683 4036.217252
506.400325517 4036.217252
506.995565352 4036.217252
507.590805186 4036.217252
508.18604502 4036.217252
508.781284855 4036.217252
509.376524689 4036.217252
509.971764524 4036.217252
510.567004358 4036.217252
511.162244193 4036.217252
511.757484027 4036.217252
512.352723862 4036.217252
512.947963696 4036.217252
513.543203531 4036.217252
514.138443365 4036.217252
514.7336832 4036.217252
515.328923034 4036.217252
515.924162869 4036.217252
516.519402703 4036.217252
517.114642538 4036.217252
517.709882372 4036.217252
518.305122206 4036.217252
518.900362041 4036.217252
519.495601875 4036.217252
520.09084171 4036.217252
520.686081544 4036.217252
521.281321379 4036.217252
521.876561213 4036.217252
522.471801048 4036.217252
523.067040882 4036.217252
523.662280717 4036.217252
524.257520551 4036.217252
524.852760386 4036.217252
525.44800022 4036.217252
526.043240055 4036.217252
526.638479889 4036.217252
527.233719724 4036.217252
527.828959558 4036.217252
528.424199393 4036.217252
529.019439227 4036.217252
529.614679061 4036.217252
530.209918896 4036.217252
530.80515873 4036.217252
531.400398565 4036.217252
531.995638399 4036.217252
532.590878234 4036.217252
533.186118068 4036.217252
533.781357903 4468.30336632
534.376597737 4468.30336632
534.971837572 4468.30336632
535.567077406 4468.30336632
536.162317241 4468.30336632
536.757557075 4468.30336632
537.35279691 4468.30336632
537.948036744 4468.30336632
538.543276579 4468.30336632
539.138516413 4468.30336632
539.733756248 4468.30336632
540.328996082 4468.30336632
540.924235916 4468.30336632
541.519475751 4468.30336632
542.114715585 4468.30336632
542.70995542 4468.30336632
543.305195254 4468.30336632
543.900435089 4468.30336632
544.495674923 4468.30336632
545.090914758 4468.30336632
545.686154592 4468.30336632
546.281394427 4468.30336632
546.876634261 4468.30336632
547.471874096 4468.30336632
548.06711393 4468.30336632
548.662353765 4468.30336632
549.257593599 4468.30336632
549.852833434 4468.30336632
550.448073268 4468.30336632
551.043313102 4468.30336632
551.638552937 4468.30336632
552.233792771 4468.30336632
552.829032606 4468.30336632
553.42427244 4468.30336632
554.019512275 4468.30336632
554.614752109 4468.30336632
555.209991944 4468.30336632
555.805231778 4468.30336632
556.400471613 4468.30336632
556.995711447 4468.30336632
557.590951282 4468.30336632
558.186191116 4468.30336632
558.781430951 4468.30336632
559.376670785 4468.30336632
559.97191062 4468.30336632
560.567150454 4468.30336632
561.162390289 4468.30336632
561.757630123 4468.30336632
562.352869957 4468.30336632
562.948109792 4468.30336632
563.543349626 4468.30336632
564.138589461 4468.30336632
564.733829295 4468.30336632
565.32906913 4468.30336632
565.924308964 4468.30336632
566.519548799 4468.30336632
567.114788633 4468.30336632
567.710028468 4468.30336632
568.305268302 4468.30336632
568.900508137 4468.30336632
569.495747971 4468.30336632
570.090987806 4468.30336632
570.68622764 4468.30336632
571.281467475 4468.30336632
571.876707309 4468.30336632
572.471947144 4468.30336632
573.067186978 4468.30336632
573.662426812 4468.30336632
574.257666647 4468.30336632
574.852906481 4468.30336632
575.448146316 4468.30336632
576.04338615 4468.30336632
576.638625985 4468.30336632
577.233865819 4468.30336632
577.829105654 4468.30336632
578.424345488 4468.30336632
579.019585323 4468.30336632
579.614825157 4468.30336632
580.210064992 4468.30336632
580.805304826 4468.30336632
581.400544661 4468.30336632
581.995784495 4468.30336632
582.59102433 4468.30336632
583.186264164 4468.30336632
583.781503998 4468.30336632
584.376743833 4468.30336632
584.971983667 4468.30336632
585.567223502 4468.30336632
586.162463336 4468.30336632
586.757703171 4468.30336632
587.352943005 4468.30336632
587.94818284 4468.30336632
588.543422674 4468.30336632
589.138662509 4468.30336632
589.733902343 4468.30336632
590.329142178 4468.30336632
590.924382012 4468.30336632
591.519621847 4468.30336632
592.114861681 4468.30336632
592.710101516 4468.30336632
593.30534135 4468.30336632
593.900581185 4468.30336632
594.495821019 4468.30336632
595.091060853 4468.30336632
595.686300688 4468.30336632
596.281540522 4468.30336632
596.876780357 4468.30336632
597.472020191 4468.30336632
598.067260026 4468.30336632
598.66249986 4468.30336632
599.257739695 4468.30336632
599.852979529 4468.30336632
600.448219364 4468.30336632
601.043459198 4468.30336632
601.638699033 4468.30336632
602.233938867 4468.30336632
602.829178702 4468.30336632
603.424418536 4468.30336632
604.019658371 4468.30336632
604.614898205 4468.30336632
605.21013804 4468.30336632
605.805377874 4468.30336632
606.400617708 4468.30336632
606.995857543 4468.30336632
607.591097377 4468.30336632
608.186337212 4468.30336632
608.781577046 4468.30336632
609.376816881 4468.30336632
609.972056715 4474.88466237
610.56729655 4474.88466237
611.162536384 4474.88466237
611.757776219 4474.88466237
612.353016053 4474.88466237
612.948255888 4474.88466237
613.543495722 4474.88466237
614.138735557 4474.88466237
614.733975391 4474.88466237
615.329215226 4474.88466237
615.92445506 4474.88466237
616.519694894 4474.88466237
617.114934729 4474.88466237
617.710174563 4474.88466237
618.305414398 4474.88466237
618.900654232 4474.88466237
619.495894067 4474.88466237
620.091133901 4474.88466237
620.686373736 4474.88466237
621.28161357 4474.88466237
621.876853405 4474.88466237
622.472093239 4474.88466237
623.067333074 4474.88466237
623.662572908 4474.88466237
624.257812743 4474.88466237
624.853052577 4474.88466237
625.448292412 4474.88466237
626.043532246 4474.88466237
626.638772081 4474.88466237
627.234011915 4474.88466237
627.829251749 4474.88466237
628.424491584 4474.88466237
629.019731418 4474.88466237
629.614971253 4474.88466237
630.210211087 4474.88466237
630.805450922 4474.88466237
631.400690756 4474.88466237
631.995930591 4474.88466237
632.591170425 4474.88466237
633.18641026 4474.88466237
633.781650094 4474.88466237
634.376889929 4474.88466237
634.972129763 4474.88466237
635.567369598 4474.88466237
636.162609432 4474.88466237
636.757849267 4474.88466237
637.353089101 4474.88466237
637.948328935 4474.88466237
638.54356877 5351.26619342
639.138808604 5351.26619342
639.734048439 5351.26619342
640.329288273 5351.26619342
640.924528108 5351.26619342
641.519767942 5351.26619342
642.115007777 5351.26619342
642.710247611 5351.26619342
643.305487446 3598.50313132
643.90072728 3598.50313132
644.495967115 3598.50313132
645.091206949 3598.50313132
645.686446784 3598.50313132
646.281686618 3598.50313132
646.876926453 3598.50313132
647.472166287 3598.50313132
648.067406122 4474.88466237
648.662645956 4474.88466237
649.25788579 4474.88466237
649.853125625 4474.88466237
650.448365459 4474.88466237
651.043605294 4474.88466237
651.638845128 4474.88466237
652.234084963 4474.88466237
652.829324797 4474.88466237
653.424564632 4474.88466237
654.019804466 4474.88466237
654.615044301 4474.88466237
655.210284135 4474.88466237
655.80552397 4474.88466237
656.400763804 4474.88466237
656.996003639 4474.88466237
657.591243473 4474.88466237
658.186483308 4474.88466237
658.781723142 4474.88466237
659.376962977 4474.88466237
659.972202811 4474.88466237
660.567442645 4474.88466237
661.16268248 4474.88466237
661.757922314 4474.88466237
662.353162149 4474.88466237
662.948401983 4474.88466237
663.543641818 4474.88466237
664.138881652 4474.88466237
664.734121487 4474.88466237
665.329361321 4474.88466237
665.924601156 4474.88466237
666.51984099 4474.88466237
667.115080825 4474.88466237
667.710320659 4474.88466237
668.305560494 4474.88466237
668.900800328 4474.88466237
669.496040163 4474.88466237
670.091279997 4474.88466237
670.686519831 4474.88466237
671.281759666 4474.88466237
671.8769995 4474.88466237
672.472239335 4474.88466237
673.067479169 4474.88466237
673.662719004 4474.88466237
674.257958838 4474.88466237
674.853198673 4474.88466237
675.448438507 4474.88466237
676.043678342 4474.88466237
676.638918176 4474.88466237
677.234158011 4474.88466237
677.829397845 4474.88466237
678.42463768 4474.88466237
679.019877514 4474.88466237
679.615117349 4474.88466237
680.210357183 4474.88466237
680.805597018 4474.88466237
681.400836852 4474.88466237
681.996076686 4474.88466237
682.591316521 4474.88466237
683.186556355 4474.88466237
683.78179619 4474.88466237
684.377036024 4474.88466237
684.972275859 4474.88466237
685.567515693 4474.88466237
686.162755528 3202.45906642
686.757995362 3202.45906642
687.353235197 3202.45906642
687.948475031 3202.45906642
688.543714866 3202.45906642
689.1389547 3202.45906642
689.734194535 3202.45906642
690.329434369 3202.45906642
690.924674204 3202.45906642
691.519914038 3202.45906642
692.115153873 3202.45906642
692.710393707 3202.45906642
693.305633541 3202.45906642
693.900873376 3202.45906642
694.49611321 3202.45906642
695.091353045 3202.45906642
695.686592879 3202.45906642
696.281832714 3202.45906642
696.877072548 3202.45906642
697.472312383 3202.45906642
698.067552217 3202.45906642
698.662792052 3202.45906642
699.258031886 3202.45906642
699.853271721 3202.45906642
700.448511555 3202.45906642
701.04375139 3202.45906642
701.638991224 3202.45906642
702.234231059 3202.45906642
702.829470893 3202.45906642
703.424710727 3202.45906642
704.019950562 3202.45906642
704.615190396 3202.45906642
705.210430231 4812.50008194
705.805670065 4812.50008194
706.4009099 4812.50008194
706.996149734 4812.50008194
707.591389569 4812.50008194
708.186629403 4812.50008194
708.781869238 4812.50008194
709.377109072 4812.50008194
709.972348907 4812.50008194
710.567588741 4812.50008194
711.162828576 4812.50008194
711.75806841 4812.50008194
712.353308245 4812.50008194
712.948548079 4812.50008194
713.543787914 4812.50008194
714.139027748 4812.50008194
714.734267582 4812.50008194
715.329507417 4812.50008194
715.924747251 4812.50008194
716.519987086 4812.50008194
717.11522692 4812.50008194
717.710466755 4812.50008194
718.305706589 4812.50008194
718.900946424 4812.50008194
719.496186258 4812.50008194
720.091426093 4812.50008194
720.686665927 4812.50008194
721.281905762 4812.50008194
721.877145596 4812.50008194
722.472385431 4812.50008194
723.067625265 4812.50008194
723.6628651 4812.50008194
724.258104934 4942.28975055
724.853344769 4942.28975055
725.448584603 4942.28975055
726.043824437 4942.28975055
726.639064272 4942.28975055
727.234304106 4942.28975055
727.829543941 4942.28975055
728.424783775 4942.28975055
729.02002361 4942.28975055
729.615263444 4942.28975055
730.210503279 4942.28975055
730.805743113 4942.28975055
731.400982948 4942.28975055
731.996222782 4942.28975055
732.591462617 4942.28975055
733.186702451 4942.28975055
733.781942286 4942.28975055
734.37718212 4942.28975055
734.972421955 4942.28975055
735.567661789 4942.28975055
736.162901623 4942.28975055
736.758141458 4942.28975055
737.353381292 4942.28975055
737.948621127 4942.28975055
738.543860961 4942.28975055
739.139100796 4942.28975055
739.73434063 4942.28975055
740.329580465 4942.28975055
740.924820299 4942.28975055
741.520060134 4942.28975055
742.115299968 4942.28975055
742.710539803 4942.28975055
743.305779637 4942.28975055
743.901019472 4942.28975055
744.496259306 4942.28975055
745.091499141 4942.28975055
745.686738975 4942.28975055
746.28197881 4942.28975055
746.877218644 4942.28975055
747.472458478 4942.28975055
748.067698313 4942.28975055
748.662938147 4942.28975055
749.258177982 4942.28975055
749.853417816 4942.28975055
750.448657651 4942.28975055
751.043897485 4942.28975055
751.63913732 4942.28975055
752.234377154 4942.28975055
752.829616989 4942.28975055
753.424856823 4942.28975055
754.020096658 4942.28975055
754.615336492 4942.28975055
755.210576327 4942.28975055
755.805816161 4942.28975055
756.401055996 4942.28975055
756.99629583 4942.28975055
757.591535665 4942.28975055
758.186775499 4942.28975055
758.782015333 4942.28975055
759.377255168 4942.28975055
759.972495002 4942.28975055
760.567734837 4942.28975055
761.162974671 4942.28975055
761.758214506 4942.28975055
762.35345434 4336.82020093
762.948694175 4336.82020093
763.543934009 4336.82020093
764.139173844 4336.82020093
764.734413678 4336.82020093
765.329653513 4336.82020093
765.924893347 4336.82020093
766.520133182 4336.82020093
767.115373016 4336.82020093
767.710612851 4336.82020093
768.305852685 4336.82020093
768.901092519 4336.82020093
769.496332354 4336.82020093
770.091572188 4336.82020093
770.686812023 4336.82020093
771.282051857 4336.82020093
771.877291692 4336.82020093
772.472531526 4336.82020093
773.067771361 4336.82020093
773.663011195 4336.82020093
774.25825103 4336.82020093
774.853490864 4336.82020093
775.448730699 4336.82020093
776.043970533 4336.82020093
776.639210368 4336.82020093
777.234450202 4336.82020093
777.829690037 4336.82020093
778.424929871 4336.82020093
779.020169706 4336.82020093
779.61540954 4336.82020093
780.210649374 4336.82020093
780.805889209 4336.82020093
781.401129043 4336.82020093
781.996368878 4336.82020093
782.591608712 4336.82020093
783.186848547 4336.82020093
783.782088381 4336.82020093
784.377328216 4336.82020093
784.97256805 4336.82020093
785.567807885 4336.82020093
786.163047719 4336.82020093
786.758287554 4336.82020093
787.353527388 4336.82020093
787.948767223 4336.82020093
788.544007057 4336.82020093
789.139246892 4336.82020093
789.734486726 4336.82020093
790.32972656 4336.82020093
790.924966395 4336.82020093
791.520206229 4336.82020093
792.115446064 4336.82020093
792.710685898 4336.82020093
793.305925733 4336.82020093
793.901165567 4336.82020093
794.496405402 4336.82020093
795.091645236 4336.82020093
795.686885071 4336.82020093
796.282124905 4336.82020093
796.87736474 4336.82020093
797.472604574 4336.82020093
798.067844409 4336.82020093
798.663084243 4336.82020093
799.258324078 4336.82020093
799.853563912 4336.82020093
800.448803747 3384.78126291
801.044043581 3384.78126291
801.639283415 3384.78126291
802.23452325 3384.78126291
802.829763084 3384.78126291
803.425002919 3384.78126291
804.020242753 3384.78126291
804.615482588 3384.78126291
805.210722422 3384.78126291
805.805962257 3384.78126291
806.401202091 3384.78126291
806.996441926 3384.78126291
807.59168176 3384.78126291
808.186921595 3384.78126291
808.782161429 3384.78126291
809.377401264 3384.78126291
809.972641098 3384.78126291
810.567880933 3384.78126291
811.163120767 3384.78126291
811.758360602 3384.78126291
812.353600436 3384.78126291
812.94884027 3384.78126291
813.544080105 3384.78126291
814.139319939 3384.78126291
814.734559774 3384.78126291
815.329799608 3384.78126291
815.925039443 3384.78126291
816.520279277 3384.78126291
817.115519112 3384.78126291
817.710758946 3384.78126291
818.305998781 3384.78126291
818.901238615 3384.78126291
819.49647845 3384.78126291
820.091718284 3384.78126291
820.686958119 3384.78126291
821.282197953 3384.78126291
821.877437788 3384.78126291
822.472677622 3384.78126291
823.067917456 3384.78126291
823.663157291 3384.78126291
824.258397125 3384.78126291
824.85363696 3384.78126291
825.448876794 3384.78126291
826.044116629 3384.78126291
826.639356463 3384.78126291
827.234596298 3384.78126291
827.829836132 3384.78126291
828.425075967 3384.78126291
829.020315801 3384.78126291
829.615555636 3384.78126291
830.21079547 3384.78126291
830.806035305 3384.78126291
831.401275139 3384.78126291
831.996514974 3384.78126291
832.591754808 3384.78126291
833.186994643 3384.78126291
833.782234477 3384.78126291
834.377474311 3384.78126291
834.972714146 3384.78126291
835.56795398 3384.78126291
836.163193815 3384.78126291
836.758433649 3384.78126291
837.353673484 3384.78126291
837.948913318 3384.78126291
838.544153153 5088.96859282
839.139392987 5088.96859282
839.734632822 5088.96859282
840.329872656 5088.96859282
840.925112491 5088.96859282
841.520352325 5088.96859282
842.11559216 5088.96859282
842.710831994 5088.96859282
843.306071829 5088.96859282
843.901311663 5088.96859282
844.496551498 5088.96859282
845.091791332 5088.96859282
845.687031166 5088.96859282
846.282271001 5088.96859282
846.877510835 5088.96859282
847.47275067 5088.96859282
848.067990504 5088.96859282
848.663230339 5088.96859282
849.258470173 5088.96859282
849.853710008 5088.96859282
850.448949842 5088.96859282
851.044189677 5088.96859282
851.639429511 5088.96859282
852.234669346 5088.96859282
852.82990918 5088.96859282
853.425149015 5088.96859282
854.020388849 5088.96859282
854.615628684 5088.96859282
855.210868518 5088.96859282
855.806108352 5088.96859282
856.401348187 5088.96859282
856.996588021 5088.96859282
857.591827856 5088.96859282
858.18706769 5088.96859282
858.782307525 5088.96859282
859.377547359 5088.96859282
859.972787194 5088.96859282
860.568027028 5088.96859282
861.163266863 5088.96859282
861.758506697 5088.96859282
862.353746532 5088.96859282
862.948986366 5088.96859282
863.544226201 5088.96859282
864.139466035 5088.96859282
864.73470587 5088.96859282
865.329945704 5088.96859282
865.925185539 5088.96859282
866.520425373 5088.96859282
867.115665207 5088.96859282
867.710905042 5088.96859282
868.306144876 5088.96859282
868.901384711 5088.96859282
869.496624545 5088.96859282
870.09186438 5088.96859282
870.687104214 5088.96859282
871.282344049 5088.96859282
871.877583883 5088.96859282
872.472823718 5088.96859282
873.068063552 5088.96859282
873.663303387 5088.96859282
874.258543221 5088.96859282
874.853783056 5088.96859282
875.44902289 5088.96859282
876.044262725 5088.96859282
876.639502559 5088.96859282
877.234742394 5088.96859282
877.829982228 5088.96859282
878.425222062 5088.96859282
879.020461897 5088.96859282
879.615701731 5088.96859282
880.210941566 5088.96859282
880.8061814 5088.96859282
881.401421235 5088.96859282
881.996661069 5088.96859282
882.591900904 5088.96859282
883.187140738 5088.96859282
883.782380573 5088.96859282
884.377620407 5088.96859282
884.972860242 5088.96859282
885.568100076 5088.96859282
886.163339911 5088.96859282
886.758579745 5088.96859282
887.35381958 5088.96859282
887.949059414 5088.96859282
888.544299248 5088.96859282
889.139539083 5088.96859282
889.734778917 5088.96859282
890.330018752 5088.96859282
890.925258586 5088.96859282
891.520498421 5088.96859282
892.115738255 5088.96859282
892.71097809 5088.96859282
893.306217924 5088.96859282
893.901457759 5088.96859282
894.496697593 5088.96859282
895.091937428 5088.96859282
895.687177262 5088.96859282
896.282417097 5088.96859282
896.877656931 5088.96859282
897.472896766 5088.96859282
898.0681366 5088.96859282
898.663376435 5088.96859282
899.258616269 5088.96859282
899.853856103 5088.96859282
900.449095938 5088.96859282
901.044335772 5088.96859282
901.639575607 5088.96859282
902.234815441 5088.96859282
902.830055276 5088.96859282
903.42529511 5088.96859282
904.020534945 5088.96859282
904.615774779 5088.96859282
905.211014614 5088.96859282
905.806254448 5088.96859282
906.401494283 5088.96859282
906.996734117 5088.96859282
907.591973952 5088.96859282
908.187213786 5088.96859282
908.782453621 5088.96859282
909.377693455 5088.96859282
909.97293329 5088.96859282
910.568173124 5088.96859282
911.163412958 5088.96859282
911.758652793 5088.96859282
912.353892627 5088.96859282
912.949132462 5088.96859282
913.544372296 5088.96859282
914.139612131 5088.96859282
914.734851965 3715.55791369
915.3300918 3715.55791369
915.925331634 3715.55791369
916.520571469 3715.55791369
917.115811303 3715.55791369
917.711051138 3715.55791369
918.306290972 3715.55791369
918.901530807 3715.55791369
919.496770641 3715.55791369
920.092010476 3715.55791369
920.68725031 3715.55791369
921.282490144 3715.55791369
921.877729979 3715.55791369
922.472969813 3715.55791369
923.068209648 3715.55791369
923.663449482 3715.55791369
924.258689317 3715.55791369
924.853929151 3715.55791369
925.449168986 3715.55791369
926.04440882 3715.55791369
926.639648655 3715.55791369
927.234888489 3715.55791369
927.830128324 3715.55791369
928.425368158 3715.55791369
929.020607993 3715.55791369
929.615847827 3715.55791369
930.211087662 3715.55791369
930.806327496 3715.55791369
931.401567331 3715.55791369
931.996807165 3715.55791369
932.592046999 3715.55791369
933.187286834 3715.55791369
933.782526668 3715.55791369
934.377766503 3715.55791369
934.973006337 3715.55791369
935.568246172 3715.55791369
936.163486006 3715.55791369
936.758725841 3715.55791369
937.353965675 3715.55791369
937.94920551 3715.55791369
938.544445344 3715.55791369
939.139685179 3715.55791369
939.734925013 3715.55791369
940.330164848 3715.55791369
940.925404682 3715.55791369
941.520644517 3715.55791369
942.115884351 3715.55791369
942.711124185 3715.55791369
943.30636402 3715.55791369
943.901603854 3715.55791369
944.496843689 3715.55791369
945.092083523 3715.55791369
945.687323358 3715.55791369
946.282563192 3715.55791369
946.877803027 3715.55791369
947.473042861 3715.55791369
948.068282696 3715.55791369
948.66352253 3715.55791369
949.258762365 3715.55791369
949.854002199 3715.55791369
950.449242034 3715.55791369
951.044481868 3715.55791369
951.639721703 3715.55791369
952.234961537 3715.55791369
952.830201372 3715.55791369
953.425441206 3715.55791369
954.02068104 3715.55791369
954.615920875 3715.55791369
955.211160709 3715.55791369
955.806400544 3715.55791369
956.401640378 3715.55791369
956.996880213 3715.55791369
957.592120047 3715.55791369
958.187359882 3715.55791369
958.782599716 3715.55791369
959.377839551 3715.55791369
959.973079385 3715.55791369
960.56831922 3715.55791369
961.163559054 3715.55791369
961.758798889 3715.55791369
962.354038723 3715.55791369
962.949278558 3715.55791369
963.544518392 3715.55791369
964.139758227 3715.55791369
964.734998061 3715.55791369
965.330237895 3715.55791369
965.92547773 3715.55791369
966.520717564 3715.55791369
967.115957399 3715.55791369
967.711197233 3715.55791369
968.306437068 3715.55791369
968.901676902 3715.55791369
969.496916737 3715.55791369
970.092156571 3715.55791369
970.687396406 3715.55791369
971.28263624 3715.55791369
971.877876075 3715.55791369
972.473115909 3715.55791369
973.068355744 3715.55791369
973.663595578 3715.55791369
974.258835413 3715.55791369
974.854075247 3715.55791369
975.449315081 3715.55791369
976.044554916 3715.55791369
976.63979475 3715.55791369
977.235034585 3715.55791369
977.830274419 3715.55791369
978.425514254 3715.55791369
979.020754088 3715.55791369
979.615993923 3715.55791369
980.211233757 3715.55791369
980.806473592 3715.55791369
981.401713426 3715.55791369
981.996953261 3715.55791369
982.592193095 3715.55791369
983.18743293 3715.55791369
983.782672764 3715.55791369
984.377912599 3715.55791369
984.973152433 3715.55791369
985.568392268 3715.55791369
986.163632102 3715.55791369
986.758871936 3715.55791369
987.354111771 3715.55791369
987.949351605 3715.55791369
988.54459144 3715.55791369
989.139831274 3715.55791369
989.735071109 3715.55791369
990.330310943 3715.55791369
990.925550778 3715.55791369
991.520790612 3715.55791369
992.116030447 3715.55791369
992.711270281 3715.55791369
993.306510116 3715.55791369
993.90174995 3715.55791369
994.496989785 3715.55791369
995.092229619 3715.55791369
995.687469454 3715.55791369
996.282709288 3715.55791369
996.877949123 3715.55791369
997.473188957 3715.55791369
998.068428791 3715.55791369
998.663668626 3715.55791369
999.25890846 3715.55791369
999.854148295 3715.55791369
1000.44938813 3715.55791369
1001.04462796 3715.55791369
1001.6398678 3715.55791369
1002.23510763 3715.55791369
1002.83034747 3715.55791369
1003.4255873 3715.55791369
1004.02082714 3715.55791369
1004.61606697 3715.55791369
1005.21130681 3715.55791369
1005.80654664 3715.55791369
1006.40178647 3715.55791369
1006.99702631 3715.55791369
1007.59226614 3715.55791369
1008.18750598 3715.55791369
1008.78274581 3715.55791369
1009.37798565 3715.55791369
1009.97322548 3715.55791369
1010.56846532 3715.55791369
1011.16370515 3715.55791369
1011.75894498 3715.55791369
1012.35418482 3715.55791369
1012.94942465 3715.55791369
1013.54466449 3715.55791369
1014.13990432 3715.55791369
1014.73514416 3715.55791369
1015.33038399 3715.55791369
1015.92562383 3715.55791369
1016.52086366 3715.55791369
1017.11610349 3715.55791369
1017.71134333 3715.55791369
1018.30658316 3715.55791369
1018.901823 3715.55791369
1019.49706283 3715.55791369
1020.09230267 3715.55791369
1020.6875425 3715.55791369
1021.28278234 3715.55791369
1021.87802217 3715.55791369
1022.473262 3715.55791369
1023.06850184 3715.55791369
1023.66374167 3715.55791369
1024.25898151 3715.55791369
1024.85422134 3715.55791369
1025.44946118 3715.55791369
1026.04470101 3715.55791369
1026.63994085 3715.55791369
1027.23518068 3715.55791369
1027.83042052 3715.55791369
1028.42566035 3715.55791369
1029.02090018 3715.55791369
1029.61614002 3715.55791369
1030.21137985 3715.55791369
1030.80661969 3715.55791369
1031.40185952 3715.55791369
1031.99709936 3715.55791369
1032.59233919 3715.55791369
1033.18757903 3715.55791369
1033.78281886 3715.55791369
1034.37805869 3715.55791369
1034.97329853 3715.55791369
1035.56853836 3715.55791369
1036.1637782 3715.55791369
1036.75901803 3715.55791369
1037.35425787 3715.55791369
1037.9494977 3715.55791369
1038.54473754 3715.55791369
1039.13997737 3715.55791369
1039.7352172 3715.55791369
1040.33045704 3715.55791369
1040.92569687 3715.55791369
1041.52093671 3715.55791369
1042.11617654 3715.55791369
1042.71141638 3715.55791369
1043.30665621 3715.55791369
1043.90189605 3715.55791369
1044.49713588 3715.55791369
1045.09237571 3715.55791369
1045.68761555 3715.55791369
1046.28285538 3715.55791369
1046.87809522 3715.55791369
1047.47333505 3715.55791369
1048.06857489 3715.55791369
1048.66381472 3715.55791369
1049.25905456 3715.55791369
1049.85429439 3715.55791369
1050.44953423 3715.55791369
1051.04477406 3715.55791369
1051.64001389 3715.55791369
1052.23525373 3715.55791369
1052.83049356 3715.55791369
1053.4257334 3715.55791369
1054.02097323 3715.55791369
1054.61621307 3715.55791369
1055.2114529 3715.55791369
1055.80669274 3715.55791369
1056.40193257 3715.55791369
1056.9971724 3715.55791369
1057.59241224 3715.55791369
1058.18765207 3715.55791369
1058.78289191 3715.55791369
1059.37813174 3715.55791369
1059.97337158 3715.55791369
1060.56861141 3715.55791369
1061.16385125 3715.55791369
1061.75909108 3715.55791369
1062.35433091 3715.55791369
1062.94957075 3715.55791369
1063.54481058 3715.55791369
1064.14005042 3715.55791369
1064.73529025 3715.55791369
1065.33053009 3715.55791369
1065.92576992 3715.55791369
1066.52100976 3715.55791369
1067.11624959 3715.55791369
1067.71148942 3715.55791369
1068.30672926 3715.55791369
1068.90196909 3715.55791369
1069.49720893 3715.55791369
1070.09244876 3715.55791369
1070.6876886 3715.55791369
1071.28292843 3715.55791369
1071.87816827 3715.55791369
1072.4734081 3715.55791369
1073.06864794 3715.55791369
1073.66388777 3715.55791369
1074.2591276 3715.55791369
1074.85436744 3715.55791369
1075.44960727 3715.55791369
1076.04484711 3715.55791369
1076.64008694 3715.55791369
1077.23532678 3715.55791369
1077.83056661 3715.55791369
1078.42580645 3715.55791369
1079.02104628 3715.55791369
1079.61628611 3715.55791369
1080.21152595 3715.55791369
1080.80676578 3715.55791369
1081.40200562 3715.55791369
1081.99724545 3715.55791369
1082.59248529 3715.55791369
1083.18772512 3715.55791369
1083.78296496 3715.55791369
1084.37820479 3715.55791369
1084.97344462 3715.55791369
1085.56868446 3715.55791369
1086.16392429 3715.55791369
1086.75916413 3715.55791369
1087.35440396 3715.55791369
1087.9496438 3715.55791369
1088.54488363 3715.55791369
1089.14012347 3715.55791369
1089.7353633 3715.55791369
1090.33060313 3715.55791369
1090.92584297 3715.55791369
1091.5210828 3715.55791369
1092.11632264 3715.55791369
1092.71156247 3715.55791369
1093.30680231 3715.55791369
1093.90204214 3715.55791369
1094.49728198 3715.55791369
1095.09252181 3715.55791369
1095.68776164 3715.55791369
1096.28300148 3715.55791369
1096.87824131 3715.55791369
1097.47348115 3715.55791369
1098.06872098 3715.55791369
1098.66396082 3715.55791369
1099.25920065 3715.55791369
1099.85444049 3715.55791369
1100.44968032 3715.55791369
1101.04492016 3715.55791369
1101.64015999 3715.55791369
1102.23539982 3715.55791369
1102.83063966 3715.55791369
1103.42587949 3715.55791369
1104.02111933 3715.55791369
1104.61635916 3715.55791369
1105.211599 3715.55791369
1105.80683883 3715.55791369
1106.40207867 3715.55791369
1106.9973185 3715.55791369
1107.59255833 3715.55791369
1108.18779817 3715.55791369
1108.783038 3715.55791369
1109.37827784 3715.55791369
1109.97351767 3715.55791369
1110.56875751 3715.55791369
1111.16399734 3715.55791369
1111.75923718 3715.55791369
1112.35447701 3715.55791369
1112.94971684 3715.55791369
1113.54495668 3715.55791369
1114.14019651 3715.55791369
1114.73543635 3715.55791369
1115.33067618 3715.55791369
1115.92591602 3715.55791369
1116.52115585 3715.55791369
1117.11639569 3715.55791369
1117.71163552 3715.55791369
1118.30687535 3715.55791369
1118.90211519 3715.55791369
1119.49735502 3715.55791369
1120.09259486 3715.55791369
1120.68783469 3715.55791369
1121.28307453 3715.55791369
1121.87831436 3715.55791369
1122.4735542 3715.55791369
1123.06879403 3715.55791369
1123.66403387 3715.55791369
1124.2592737 3715.55791369
1124.85451353 3715.55791369
1125.44975337 3715.55791369
1126.0449932 3715.55791369
1126.64023304 3715.55791369
1127.23547287 3715.55791369
1127.83071271 3715.55791369
1128.42595254 3715.55791369
1129.02119238 3715.55791369
1129.61643221 3715.55791369
1130.21167204 3715.55791369
1130.80691188 3715.55791369
1131.40215171 3715.55791369
1131.99739155 3715.55791369
1132.59263138 3715.55791369
1133.18787122 3715.55791369
1133.78311105 3715.55791369
1134.37835089 3715.55791369
1134.97359072 3715.55791369
1135.56883055 3715.55791369
1136.16407039 3715.55791369
1136.75931022 3715.55791369
1137.35455006 3715.55791369
1137.94978989 3715.55791369
1138.54502973 3715.55791369
1139.14026956 3715.55791369
1139.7355094 3715.55791369
1140.33074923 3715.55791369
1140.92598906 3715.55791369
1141.5212289 3715.55791369
1142.11646873 3715.55791369
1142.71170857 3715.55791369
1143.3069484 3715.55791369
1143.90218824 3715.55791369
1144.49742807 3715.55791369
1145.09266791 3715.55791369
1145.68790774 3715.55791369
1146.28314758 3715.55791369
1146.87838741 3715.55791369
1147.47362724 3715.55791369
1148.06886708 3715.55791369
1148.66410691 3715.55791369
1149.25934675 3715.55791369
1149.85458658 3715.55791369
1150.44982642 3715.55791369
1151.04506625 3715.55791369
1151.64030609 3715.55791369
1152.23554592 3715.55791369
1152.83078575 3715.55791369
1153.42602559 3715.55791369
1154.02126542 3715.55791369
1154.61650526 3715.55791369
1155.21174509 3715.55791369
1155.80698493 3715.55791369
1156.40222476 3715.55791369
1156.9974646 3715.55791369
1157.59270443 3715.55791369
1158.18794426 3715.55791369
1158.7831841 3715.55791369
1159.37842393 3715.55791369
1159.97366377 3715.55791369
1160.5689036 3715.55791369
1161.16414344 3715.55791369
1161.75938327 3715.55791369
1162.35462311 3715.55791369
1162.94986294 3715.55791369
1163.54510277 3715.55791369
1164.14034261 3715.55791369
1164.73558244 3715.55791369
1165.33082228 3715.55791369
1165.92606211 3715.55791369
1166.52130195 3715.55791369
1167.11654178 3715.55791369
1167.71178162 3715.55791369
1168.30702145 3715.55791369
1168.90226129 3715.55791369
1169.49750112 3715.55791369
1170.09274095 3715.55791369
1170.68798079 3715.55791369
1171.28322062 3715.55791369
1171.87846046 3715.55791369
1172.47370029 3715.55791369
1173.06894013 3715.55791369
1173.66417996 3715.55791369
1174.2594198 3715.55791369
1174.85465963 3715.55791369
1175.44989946 3715.55791369
1176.0451393 3715.55791369
1176.64037913 3715.55791369
1177.23561897 3715.55791369
1177.8308588 3715.55791369
1178.42609864 3715.55791369
1179.02133847 3715.55791369
1179.61657831 3715.55791369
1180.21181814 3715.55791369
1180.80705797 3715.55791369
1181.40229781 3715.55791369
1181.99753764 3715.55791369
1182.59277748 3715.55791369
1183.18801731 3715.55791369
1183.78325715 3715.55791369
1184.37849698 3715.55791369
1184.97373682 3715.55791369
1185.56897665 3715.55791369
1186.16421648 3715.55791369
1186.75945632 3715.55791369
1187.35469615 3715.55791369
1187.94993599 3715.55791369
1188.54517582 3715.55791369
1189.14041566 3715.55791369
1189.73565549 3715.55791369
1190.33089533 3715.55791369
1190.92613516 3715.55791369
1191.521375 3715.55791369
1192.11661483 3715.55791369
1192.71185466 3715.55791369
1193.3070945 3715.55791369
1193.90233433 3715.55791369
1194.49757417 3715.55791369
1195.092814 3715.55791369
1195.68805384 3715.55791369
1196.28329367 3715.55791369
1196.87853351 3715.55791369
1197.47377334 3715.55791369
1198.06901317 3715.55791369
1198.66425301 3715.55791369
1199.25949284 3715.55791369
1199.85473268 3715.55791369
1200.44997251 3715.55791369
1201.04521235 3715.55791369
1201.64045218 3715.55791369
1202.23569202 3715.55791369
1202.83093185 3715.55791369
1203.42617168 3715.55791369
1204.02141152 3715.55791369
1204.61665135 3715.55791369
1205.21189119 3715.55791369
1205.80713102 3715.55791369
1206.40237086 3715.55791369
1206.99761069 3715.55791369
1207.59285053 3715.55791369
1208.18809036 3715.55791369
1208.78333019 3715.55791369
1209.37857003 3715.55791369
1209.97380986 3715.55791369
1210.5690497 3715.55791369
1211.16428953 3715.55791369
1211.75952937 3715.55791369
1212.3547692 3715.55791369
1212.95000904 3715.55791369
1213.54524887 3715.55791369
1214.14048871 3715.55791369
1214.73572854 3715.55791369
1215.33096837 3715.55791369
1215.92620821 3715.55791369
1216.52144804 3715.55791369
1217.11668788 3715.55791369
1217.71192771 3715.55791369
1218.30716755 3715.55791369
1218.90240738 3715.55791369
