0.446466215283 2384.62754811
1.04170604976 2384.62754811
1.63694588423 2384.62754811
2.2321857187 2384.62754811
2.82742555317 2384.62754811
3.42266538765 2384.62754811
4.01790522212 2384.62754811
4.61314505659 2384.62754811
5.20838489106 2384.62754811
5.80362472554 2384.62754811
6.39886456001 2384.62754811
6.99410439448 2384.62754811
7.58934422895 2384.62754811
8.18458406343 2384.62754811
8.7798238979 2384.62754811
9.37506373237 2384.62754811
9.97030356685 2384.62754811
10.5655434013 2384.62754811
11.1607832358 2384.62754811
11.7560230703 2384.62754811
12.3512629047 2384.62754811
12.9465027392 2384.62754811
13.5417425737 2384.62754811
14.1369824082 2384.62754811
14.7322222426 2384.62754811
15.3274620771 2384.62754811
15.9227019116 2384.62754811
16.517941746 2384.62754811
17.1131815805 2384.62754811
17.708421415 2384.62754811
18.3036612495 2384.62754811
18.8989010839 2384.62754811
19.4941409184 2384.62754811
20.0893807529 2384.62754811
20.6846205874 2384.62754811
21.2798604218 2384.62754811
21.8751002563 2384.62754811
22.4703400908 2384.62754811
23.0655799252 2384.62754811
23.6608197597 2384.62754811
24.2560595942 2384.62754811
24.8512994287 2384.62754811
25.4465392631 2384.62754811
26.0417790976 2384.62754811
26.6370189321 2384.62754811
27.2322587666 2384.62754811
27.827498601 2384.62754811
28.4227384355 2384.62754811
29.01797827 2384.62754811
29.6132181044 2384.62754811
30.2084579389 2384.62754811
30.8036977734 2384.62754811
31.3989376079 2384.62754811
31.9941774423 2384.62754811
32.5894172768 2384.62754811
33.1846571113 2384.62754811
33.7798969458 2384.62754811
34.3751367802 2384.62754811
34.9703766147 2384.62754811
35.5656164492 2384.62754811
36.1608562836 2384.62754811
36.7560961181 2384.62754811
37.3513359526 2384.62754811
37.9465757871 2384.62754811
38.5418156215 2384.62754811
39.137055456 2384.62754811
39.7322952905 2384.62754811
40.327535125 2384.62754811
40.9227749594 2384.62754811
41.5180147939 2384.62754811
42.1132546284 2384.62754811
42.7084944628 2384.62754811
43.3037342973 2384.62754811
43.8989741318 2384.62754811
44.4942139663 2384.62754811
45.0894538007 2384.62754811
45.6846936352 2384.62754811
46.2799334697 2384.62754811
46.8751733041 2384.62754811
47.4704131386 2384.62754811
48.0656529731 2384.62754811
48.6608928076 2384.62754811
49.256132642 2384.62754811
49.8513724765 2384.62754811
50.446612311 2384.62754811
51.0418521455 2384.62754811
51.6370919799 2384.62754811
52.2323318144 2384.62754811
52.8275716489 2384.62754811
53.4228114833 2384.62754811
54.0180513178 2384.62754811
54.6132911523 2384.62754811
55.2085309868 2384.62754811
55.8037708212 2384.62754811
56.3990106557 2384.62754811
56.9942504902 2384.62754811
57.5894903247 2384.62754811
58.1847301591 2384.62754811
58.7799699936 2384.62754811
59.3752098281 2384.62754811
59.9704496625 2384.62754811
60.565689497 2384.62754811
61.1609293315 2384.62754811
61.756169166 2384.62754811
62.3514090004 2384.62754811
62.9466488349 2384.62754811
63.5418886694 2384.62754811
64.1371285039 2384.62754811
64.7323683383 2384.62754811
65.3276081728 2384.62754811
65.9228480073 2384.62754811
66.5180878417 2384.62754811
67.1133276762 2384.62754811
67.7085675107 2384.62754811
68.3038073452 2384.62754811
68.8990471796 2384.62754811
69.4942870141 2384.62754811
70.0895268486 2384.62754811
70.6847666831 2384.62754811
71.2800065175 2384.62754811
71.875246352 2384.62754811
72.4704861865 2384.62754811
73.0657260209 2384.62754811
73.6609658554 2384.62754811
74.2562056899 2384.62754811
74.8514455244 2384.62754811
75.4466853588 2384.62754811
76.0419251933 2384.62754811
76.6371650278 2384.62754811
77.2324048623 2384.62754811
77.8276446967 2384.62754811
78.4228845312 2384.62754811
79.0181243657 2384.62754811
79.6133642001 2384.62754811
80.2086040346 2384.62754811
80.8038438691 2384.62754811
81.3990837036 2384.62754811
81.994323538 2384.62754811
82.5895633725 2384.62754811
83.184803207 2384.62754811
83.7800430415 2384.62754811
84.3752828759 2384.62754811
84.9705227104 2384.62754811
85.5657625449 2384.62754811
86.1610023793 2384.62754811
86.7562422138 2384.62754811
87.3514820483 2384.62754811
87.9467218828 2384.62754811
88.5419617172 2384.62754811
89.1372015517 2384.62754811
89.7324413862 2384.62754811
90.3276812207 2384.62754811
90.9229210551 2384.62754811
91.5181608896 2384.62754811
92.1134007241 2384.62754811
92.7086405585 2384.62754811
93.303880393 2384.62754811
93.8991202275 2384.62754811
94.494360062 2384.62754811
95.0895998964 2384.62754811
95.6848397309 2384.62754811
96.2800795654 2384.62754811
96.8753193999 2384.62754811
97.4705592343 2384.62754811
98.0657990688 2384.62754811
98.6610389033 2384.62754811
99.2562787377 2384.62754811
99.8515185722 2384.62754811
100.446758407 2384.62754811
101.041998241 2384.62754811
101.637238076 2384.62754811
102.23247791 2384.62754811
102.827717745 2384.62754811
103.422957579 2384.62754811
104.018197414 2384.62754811
104.613437248 2384.62754811
105.208677082 2384.62754811
105.803916917 2384.62754811
106.399156751 2384.62754811
106.994396586 2384.62754811
107.58963642 2384.62754811
108.184876255 2384.62754811
108.780116089 2384.62754811
109.375355924 2384.62754811
109.970595758 2384.62754811
110.565835593 2384.62754811
111.161075427 2384.62754811
111.756315262 2384.62754811
112.351555096 2384.62754811
112.946794931 2384.62754811
113.542034765 2384.62754811
114.1372746 2384.62754811
114.732514434 2384.62754811
115.327754269 2384.62754811
115.922994103 2384.62754811
116.518233937 2384.62754811
117.113473772 2384.62754811
117.708713606 2384.62754811
118.303953441 2384.62754811
118.899193275 2384.62754811
119.49443311 2384.62754811
120.089672944 2384.62754811
120.684912779 2384.62754811
121.280152613 2384.62754811
121.875392448 2384.62754811
122.470632282 2384.62754811
123.065872117 2384.62754811
123.661111951 2384.62754811
124.256351786 2384.62754811
124.85159162 2384.62754811
125.446831455 2384.62754811
126.042071289 2384.62754811
126.637311123 2384.62754811
127.232550958 2384.62754811
127.827790792 2384.62754811
128.423030627 2384.62754811
129.018270461 2384.62754811
129.613510296 2384.62754811
130.20875013 2384.62754811
130.803989965 2384.62754811
131.399229799 2384.62754811
131.994469634 2384.62754811
132.589709468 2384.62754811
133.184949303 2384.62754811
133.780189137 2384.62754811
134.375428972 2384.62754811
134.970668806 2384.62754811
135.565908641 2384.62754811
136.161148475 2384.62754811
136.75638831 2384.62754811
137.351628144 2384.62754811
137.946867978 2384.62754811
138.542107813 2384.62754811
139.137347647 2384.62754811
139.732587482 2384.62754811
140.327827316 2384.62754811
140.923067151 2384.62754811
141.518306985 2384.62754811
142.11354682 2384.62754811
142.708786654 2384.62754811
143.304026489 2384.62754811
143.899266323 2384.62754811
144.494506158 2384.62754811
145.089745992 2384.62754811
145.684985827 2384.62754811
146.280225661 2384.62754811
146.875465496 2384.62754811
147.47070533 2384.62754811
148.065945165 2384.62754811
148.661184999 2384.62754811
149.256424833 2384.62754811
149.851664668 2384.62754811
150.446904502 2384.62754811
151.042144337 2384.62754811
151.637384171 2384.62754811
152.232624006 2384.62754811
152.82786384 2384.62754811
153.423103675 2384.62754811
154.018343509 2384.62754811
154.613583344 2384.62754811
155.208823178 2384.62754811
155.804063013 2384.62754811
156.399302847 2384.62754811
156.994542682 2384.62754811
157.589782516 2384.62754811
158.185022351 2384.62754811
158.780262185 2384.62754811
159.375502019 2384.62754811
159.970741854 2384.62754811
160.565981688 2384.62754811
161.161221523 2384.62754811
161.756461357 2384.62754811
162.351701192 2384.62754811
162.946941026 2384.62754811
163.542180861 2384.62754811
164.137420695 2384.62754811
164.73266053 2384.62754811
165.327900364 2384.62754811
165.923140199 2384.62754811
166.518380033 2384.62754811
167.113619868 2384.62754811
167.708859702 2384.62754811
168.304099537 2384.62754811
168.899339371 2384.62754811
169.494579206 2384.62754811
170.08981904 2384.62754811
170.685058874 2384.62754811
171.280298709 2384.62754811
171.875538543 2384.62754811
172.470778378 2384.62754811
173.066018212 2384.62754811
173.661258047 2384.62754811
174.256497881 2384.62754811
174.851737716 2384.62754811
175.44697755 2384.62754811
176.042217385 2384.62754811
176.637457219 2384.62754811
177.232697054 2384.62754811
177.827936888 2384.62754811
178.423176723 2384.62754811
179.018416557 2384.62754811
179.613656392 2384.62754811
180.208896226 2384.62754811
180.80413606 2384.62754811
181.399375895 2384.62754811
181.994615729 2384.62754811
182.589855564 2384.62754811
183.185095398 2384.62754811
183.780335233 2384.62754811
184.375575067 2384.62754811
184.970814902 2384.62754811
185.566054736 2384.62754811
186.161294571 2384.62754811
186.756534405 2384.62754811
187.35177424 2384.62754811
187.947014074 2384.62754811
188.542253909 2384.62754811
189.137493743 2384.62754811
189.732733578 2384.62754811
190.327973412 2384.62754811
190.923213247 2384.62754811
191.518453081 2384.62754811
192.113692915 2384.62754811
192.70893275 2384.62754811
193.304172584 2384.62754811
193.899412419 2384.62754811
194.494652253 2384.62754811
195.089892088 2384.62754811
195.685131922 2384.62754811
196.280371757 2384.62754811
196.875611591 2384.62754811
197.470851426 2384.62754811
198.06609126 2384.62754811
198.661331095 2384.62754811
199.256570929 2384.62754811
199.851810764 2384.62754811
200.447050598 2384.62754811
201.042290433 2384.62754811
201.637530267 2384.62754811
202.232770102 2384.62754811
202.828009936 2384.62754811
203.42324977 2384.62754811
204.018489605 2384.62754811
204.613729439 2384.62754811
205.208969274 2384.62754811
205.804209108 2384.62754811
206.399448943 2384.62754811
206.994688777 2384.62754811
207.589928612 2384.62754811
208.185168446 2384.62754811
208.780408281 2384.62754811
209.375648115 2384.62754811
209.97088795 2384.62754811
210.566127784 2384.62754811
211.161367619 2384.62754811
211.756607453 2384.62754811
212.351847288 2384.62754811
212.947087122 2384.62754811
213.542326956 2384.62754811
214.137566791 2384.62754811
214.732806625 2384.62754811
215.32804646 2384.62754811
215.923286294 2384.62754811
216.518526129 2384.62754811
217.113765963 2384.62754811
217.709005798 2384.62754811
218.304245632 2384.62754811
218.899485467 2384.62754811
219.494725301 2384.62754811
220.089965136 2384.62754811
220.68520497 2384.62754811
221.280444805 2384.62754811
221.875684639 2384.62754811
222.470924474 2384.62754811
223.066164308 2384.62754811
223.661404143 2384.62754811
224.256643977 2384.62754811
224.851883811 2384.62754811
225.447123646 2384.62754811
226.04236348 2384.62754811
226.637603315 2384.62754811
227.232843149 2384.62754811
227.828082984 2384.62754811
228.423322818 2384.62754811
229.018562653 2384.62754811
229.613802487 2384.62754811
230.209042322 2384.62754811
230.804282156 2384.62754811
231.399521991 2384.62754811
231.994761825 2384.62754811
232.59000166 2384.62754811
233.185241494 2384.62754811
233.780481329 2384.62754811
234.375721163 2384.62754811
234.970960998 2384.62754811
235.566200832 2384.62754811
236.161440666 2384.62754811
236.756680501 2384.62754811
237.351920335 2384.62754811
237.94716017 2384.62754811
238.542400004 2384.62754811
239.137639839 2384.62754811
239.732879673 2384.62754811
240.328119508 2384.62754811
240.923359342 2384.62754811
241.518599177 2384.62754811
242.113839011 2384.62754811
242.709078846 2384.62754811
243.30431868 2384.62754811
243.899558515 2384.62754811
244.494798349 2384.62754811
245.090038184 2384.62754811
245.685278018 2384.62754811
246.280517852 2384.62754811
246.875757687 2384.62754811
247.470997521 2384.62754811
248.066237356 2384.62754811
248.66147719 2384.62754811
249.256717025 2384.62754811
249.851956859 2384.62754811
250.447196694 2384.62754811
251.042436528 2384.62754811
251.637676363 2384.62754811
252.232916197 2384.62754811
252.828156032 2384.62754811
253.423395866 2384.62754811
254.018635701 2384.62754811
254.613875535 2384.62754811
255.20911537 2384.62754811
255.804355204 2384.62754811
256.399595039 2384.62754811
256.994834873 2384.62754811
257.590074707 2384.62754811
258.185314542 2384.62754811
258.780554376 2384.62754811
259.375794211 2384.62754811
259.971034045 2384.62754811
260.56627388 2384.62754811
261.161513714 2384.62754811
261.756753549 2384.62754811
262.351993383 2384.62754811
262.947233218 2384.62754811
263.542473052 2384.62754811
264.137712887 2384.62754811
264.732952721 2384.62754811
265.328192556 2384.62754811
265.92343239 2384.62754811
266.518672225 2384.62754811
267.113912059 2384.62754811
267.709151894 2384.62754811
268.304391728 2384.62754811
268.899631562 2384.62754811
269.494871397 2384.62754811
270.090111231 2384.62754811
270.685351066 2384.62754811
271.2805909 2384.62754811
271.875830735 2384.62754811
272.471070569 2384.62754811
273.066310404 2384.62754811
273.661550238 2384.62754811
274.256790073 2384.62754811
274.852029907 2384.62754811
275.447269742 2384.62754811
276.042509576 2384.62754811
276.637749411 2384.62754811
277.232989245 2384.62754811
277.82822908 2384.62754811
278.423468914 2384.62754811
279.018708748 2384.62754811
279.613948583 2384.62754811
280.209188417 2384.62754811
280.804428252 2384.62754811
281.399668086 2384.62754811
281.994907921 2384.62754811
282.590147755 2384.62754811
283.18538759 2384.62754811
283.780627424 2384.62754811
284.375867259 2384.62754811
284.971107093 2384.62754811
285.566346928 2384.62754811
286.161586762 2384.62754811
286.756826597 2384.62754811
287.352066431 2384.62754811
287.947306266 2384.62754811
288.5425461 2384.62754811
289.137785935 2384.62754811
289.733025769 2384.62754811
290.328265603 2384.62754811
290.923505438 2384.62754811
291.518745272 2384.62754811
292.113985107 2384.62754811
292.709224941 2384.62754811
293.304464776 2384.62754811
293.89970461 2384.62754811
294.494944445 2384.62754811
295.090184279 2384.62754811
295.685424114 2384.62754811
296.280663948 2384.62754811
296.875903783 2384.62754811
297.471143617 2384.62754811
298.066383452 2384.62754811
298.661623286 2384.62754811
299.256863121 2384.62754811
299.852102955 2384.62754811
300.44734279 2384.62754811
301.042582624 2384.62754811
301.637822458 2384.62754811
302.233062293 2384.62754811
302.828302127 2384.62754811
303.423541962 2384.62754811
304.018781796 2384.62754811
304.614021631 2384.62754811
305.209261465 1789.80317181
305.8045013 1789.80317181
306.399741134 1789.80317181
306.994980969 1789.80317181
307.590220803 1789.80317181
308.185460638 1789.80317181
308.780700472 1789.80317181
309.375940307 1789.80317181
309.971180141 1789.80317181
310.566419976 1789.80317181
311.16165981 1789.80317181
311.756899644 1789.80317181
312.352139479 1789.80317181
312.947379313 1789.80317181
313.542619148 1789.80317181
314.137858982 1789.80317181
314.733098817 1789.80317181
315.328338651 1789.80317181
315.923578486 1789.80317181
316.51881832 1789.80317181
317.114058155 1789.80317181
317.709297989 1789.80317181
318.304537824 1789.80317181
318.899777658 1789.80317181
319.495017493 1789.80317181
320.090257327 1789.80317181
320.685497162 1789.80317181
321.280736996 1789.80317181
321.875976831 1789.80317181
322.471216665 1789.80317181
323.066456499 1789.80317181
323.661696334 1789.80317181
324.256936168 1789.80317181
324.852176003 1789.80317181
325.447415837 1789.80317181
326.042655672 1789.80317181
326.637895506 1789.80317181
327.233135341 1789.80317181
327.828375175 1789.80317181
328.42361501 1789.80317181
329.018854844 1789.80317181
329.614094679 1789.80317181
330.209334513 1789.80317181
330.804574348 1789.80317181
331.399814182 1789.80317181
331.995054017 1789.80317181
332.590293851 1789.80317181
333.185533685 1789.80317181
333.78077352 1789.80317181
334.376013354 1789.80317181
334.971253189 1789.80317181
335.566493023 1789.80317181
336.161732858 1789.80317181
336.756972692 1789.80317181
337.352212527 1789.80317181
337.947452361 1789.80317181
338.542692196 1789.80317181
339.13793203 1789.80317181
339.733171865 1789.80317181
340.328411699 1789.80317181
340.923651534 1789.80317181
341.518891368 1789.80317181
342.114131203 1789.80317181
342.709371037 1789.80317181
343.304610872 1789.80317181
343.899850706 1789.80317181
344.49509054 1789.80317181
345.090330375 1789.80317181
345.685570209 1789.80317181
346.280810044 1789.80317181
346.876049878 1789.80317181
347.471289713 1789.80317181
348.066529547 1789.80317181
348.661769382 1789.80317181
349.257009216 1789.80317181
349.852249051 1789.80317181
350.447488885 1789.80317181
351.04272872 1789.80317181
351.637968554 1789.80317181
352.233208389 1789.80317181
352.828448223 1789.80317181
353.423688058 1789.80317181
354.018927892 1789.80317181
354.614167727 1789.80317181
355.209407561 1789.80317181
355.804647395 1789.80317181
356.39988723 1789.80317181
356.995127064 1789.80317181
357.590366899 1789.80317181
358.185606733 1789.80317181
358.780846568 1789.80317181
359.376086402 1789.80317181
359.971326237 1789.80317181
360.566566071 1789.80317181
361.161805906 1789.80317181
361.75704574 1789.80317181
362.352285575 1789.80317181
362.947525409 1789.80317181
363.542765244 1789.80317181
364.138005078 1789.80317181
364.733244913 1789.80317181
365.328484747 1789.80317181
365.923724581 1789.80317181
366.518964416 1789.80317181
367.11420425 1789.80317181
367.709444085 1789.80317181
368.304683919 1789.80317181
368.899923754 1789.80317181
369.495163588 1789.80317181
370.090403423 1789.80317181
370.685643257 1789.80317181
371.280883092 1789.80317181
371.876122926 1789.80317181
372.471362761 1789.80317181
373.066602595 1789.80317181
373.66184243 1789.80317181
374.257082264 1789.80317181
374.852322099 1789.80317181
375.447561933 1789.80317181
376.042801768 1789.80317181
376.638041602 1789.80317181
377.233281436 1789.80317181
377.828521271 1789.80317181
378.423761105 1789.80317181
379.01900094 1789.80317181
379.614240774 1789.80317181
380.209480609 1789.80317181
380.804720443 1789.80317181
381.399960278 1789.80317181
381.995200112 1789.80317181
382.590439947 1789.80317181
383.185679781 1789.80317181
383.780919616 1789.80317181
384.37615945 1789.80317181
384.971399285 1789.80317181
385.566639119 1789.80317181
386.161878954 1789.80317181
386.757118788 1789.80317181
387.352358623 1789.80317181
387.947598457 1789.80317181
388.542838291 1789.80317181
389.138078126 1789.80317181
389.73331796 1789.80317181
390.328557795 1789.80317181
390.923797629 1789.80317181
391.519037464 1789.80317181
392.114277298 1789.80317181
392.709517133 1789.80317181
393.304756967 1789.80317181
393.899996802 1789.80317181
394.495236636 1789.80317181
395.090476471 1789.80317181
395.685716305 1789.80317181
396.28095614 1789.80317181
396.876195974 1789.80317181
397.471435809 1789.80317181
398.066675643 1789.80317181
398.661915477 1789.80317181
399.257155312 1789.80317181
399.852395146 1789.80317181
400.447634981 1789.80317181
401.042874815 1789.80317181
401.63811465 1789.80317181
402.233354484 1789.80317181
402.828594319 1789.80317181
403.423834153 1789.80317181
404.019073988 1789.80317181
404.614313822 1789.80317181
405.209553657 1789.80317181
405.804793491 1789.80317181
406.400033326 1789.80317181
406.99527316 1789.80317181
407.590512995 1789.80317181
408.185752829 1789.80317181
408.780992664 1789.80317181
409.376232498 1789.80317181
409.971472332 1789.80317181
410.566712167 1789.80317181
411.161952001 1789.80317181
411.757191836 1789.80317181
412.35243167 1789.80317181
412.947671505 1789.80317181
413.542911339 1789.80317181
414.138151174 1789.80317181
414.733391008 1789.80317181
415.328630843 1789.80317181
415.923870677 1789.80317181
416.519110512 1789.80317181
417.114350346 1789.80317181
417.709590181 1789.80317181
418.304830015 1789.80317181
418.90006985 1789.80317181
419.495309684 1789.80317181
420.090549519 1789.80317181
420.685789353 1789.80317181
421.281029187 1789.80317181
421.876269022 1789.80317181
422.471508856 1789.80317181
423.066748691 1789.80317181
423.661988525 1789.80317181
424.25722836 1789.80317181
424.852468194 1789.80317181
425.447708029 1789.80317181
426.042947863 1789.80317181
426.638187698 1789.80317181
427.233427532 1789.80317181
427.828667367 1789.80317181
428.423907201 1789.80317181
429.019147036 1789.80317181
429.61438687 1789.80317181
430.209626705 1789.80317181
430.804866539 1789.80317181
431.400106373 1789.80317181
431.995346208 1789.80317181
432.590586042 1789.80317181
433.185825877 1789.80317181
433.781065711 1789.80317181
434.376305546 1789.80317181
434.97154538 1789.80317181
435.566785215 1789.80317181
436.162025049 1789.80317181
436.757264884 1789.80317181
437.352504718 1789.80317181
437.947744553 1789.80317181
438.542984387 1789.80317181
439.138224222 1789.80317181
439.733464056 1789.80317181
440.328703891 1789.80317181
440.923943725 1789.80317181
441.51918356 1789.80317181
442.114423394 1789.80317181
442.709663228 1789.80317181
443.304903063 1789.80317181
443.900142897 1789.80317181
444.495382732 1789.80317181
445.090622566 1789.80317181
445.685862401 1789.80317181
446.281102235 1789.80317181
446.87634207 1789.80317181
447.471581904 1789.80317181
448.066821739 1789.80317181
448.662061573 1789.80317181
449.257301408 1789.80317181
449.852541242 1789.80317181
450.447781077 1789.80317181
451.043020911 1789.80317181
451.638260746 1789.80317181
452.23350058 1789.80317181
452.828740415 1789.80317181
453.423980249 1789.80317181
454.019220083 1789.80317181
454.614459918 1789.80317181
455.209699752 1789.80317181
455.804939587 1789.80317181
456.400179421 1789.80317181
456.995419256 1789.80317181
457.59065909 1598.98100152
458.185898925 1598.98100152
458.781138759 1598.98100152
459.376378594 1598.98100152
459.971618428 1598.98100152
460.566858263 1598.98100152
461.162098097 1598.98100152
461.757337932 1598.98100152
462.352577766 1598.98100152
462.947817601 1598.98100152
463.543057435 1598.98100152
464.138297269 1598.98100152
464.733537104 1598.98100152
465.328776938 1598.98100152
465.924016773 1598.98100152
466.519256607 1598.98100152
467.114496442 1598.98100152
467.709736276 1598.98100152
468.304976111 1598.98100152
468.900215945 1598.98100152
469.49545578 1598.98100152
470.090695614 1598.98100152
470.685935449 1598.98100152
471.281175283 1598.98100152
471.876415118 1598.98100152
472.471654952 1598.98100152
473.066894787 1598.98100152
473.662134621 1598.98100152
474.257374456 1598.98100152
474.85261429 1598.98100152
475.447854124 1598.98100152
476.043093959 1598.98100152
476.638333793 1598.98100152
477.233573628 1598.98100152
477.828813462 1598.98100152
478.424053297 1598.98100152
479.019293131 1598.98100152
479.614532966 1598.98100152
480.2097728 1598.98100152
480.805012635 1598.98100152
481.400252469 1598.98100152
481.995492304 1598.98100152
482.590732138 1598.98100152
483.185971973 1598.98100152
483.781211807 1598.98100152
484.376451642 1598.98100152
484.971691476 1598.98100152
485.56693131 1598.98100152
486.162171145 1598.98100152
486.757410979 1598.98100152
487.352650814 1598.98100152
487.947890648 1598.98100152
488.543130483 1598.98100152
489.138370317 1598.98100152
489.733610152 1598.98100152
490.328849986 1598.98100152
490.924089821 1598.98100152
491.519329655 1598.98100152
492.11456949 1598.98100152
492.709809324 1598.98100152
493.305049159 1598.98100152
493.900288993 1598.98100152
494.495528828 1598.98100152
495.090768662 1598.98100152
495.686008497 1598.98100152
496.281248331 1598.98100152
496.876488165 1598.98100152
497.471728 1598.98100152
498.066967834 1598.98100152
498.662207669 1598.98100152
499.257447503 1598.98100152
499.852687338 1598.98100152
500.447927172 1598.98100152
501.043167007 1598.98100152
501.638406841 1598.98100152
502.233646676 1598.98100152
502.82888651 1598.98100152
503.424126345 1598.98100152
504.019366179 1598.98100152
504.614606014 1598.98100152
505.209845848 1598.98100152
505.805085683 1598.98100152
506.400325517 1598.98100152
506.995565352 1598.98100152
507.590805186 1598.98100152
508.18604502 1598.98100152
508.781284855 1598.98100152
509.376524689 1598.98100152
509.971764524 1598.98100152
510.567004358 1598.98100152
511.162244193 1598.98100152
511.757484027 1598.98100152
512.352723862 1598.98100152
512.947963696 1598.98100152
513.543203531 1598.98100152
514.138443365 1598.98100152
514.7336832 1598.98100152
515.328923034 1598.98100152
515.924162869 1598.98100152
516.519402703 1598.98100152
517.114642538 1598.98100152
517.709882372 1598.98100152
518.305122206 1598.98100152
518.900362041 1598.98100152
519.495601875 1598.98100152
520.09084171 1598.98100152
520.686081544 1598.98100152
521.281321379 1598.98100152
521.876561213 1598.98100152
522.471801048 1598.98100152
523.067040882 1598.98100152
523.662280717 1598.98100152
524.257520551 1598.98100152
524.852760386 1598.98100152
525.44800022 1598.98100152
526.043240055 1598.98100152
526.638479889 1598.98100152
527.233719724 1598.98100152
527.828959558 1598.98100152
528.424199393 1598.98100152
529.019439227 1598.98100152
529.614679061 1598.98100152
530.209918896 1598.98100152
530.80515873 1598.98100152
531.400398565 1598.98100152
531.995638399 1598.98100152
532.590878234 1598.98100152
533.186118068 1598.98100152
533.781357903 1980.6253421
534.376597737 1980.6253421
534.971837572 1980.6253421
535.567077406 1980.6253421
536.162317241 1980.6253421
536.757557075 1980.6253421
537.35279691 1980.6253421
537.948036744 1980.6253421
538.543276579 1980.6253421
539.138516413 1980.6253421
539.733756248 1980.6253421
540.328996082 1980.6253421
540.924235916 1980.6253421
541.519475751 1980.6253421
542.114715585 1980.6253421
542.70995542 1980.6253421
543.305195254 1980.6253421
543.900435089 1980.6253421
544.495674923 1980.6253421
545.090914758 1980.6253421
545.686154592 1980.6253421
546.281394427 1980.6253421
546.876634261 1980.6253421
547.471874096 1980.6253421
548.06711393 1980.6253421
548.662353765 1980.6253421
549.257593599 1980.6253421
549.852833434 1980.6253421
550.448073268 1980.6253421
551.043313102 1980.6253421
551.638552937 1980.6253421
552.233792771 1980.6253421
552.829032606 1980.6253421
553.42427244 1980.6253421
554.019512275 1980.6253421
554.614752109 1980.6253421
555.209991944 1980.6253421
555.805231778 1980.6253421
556.400471613 1980.6253421
556.995711447 1980.6253421
557.590951282 1980.6253421
558.186191116 1980.6253421
558.781430951 1980.6253421
559.376670785 1980.6253421
559.97191062 1980.6253421
560.567150454 1980.6253421
561.162390289 1980.6253421
561.757630123 1980.6253421
562.352869957 1980.6253421
562.948109792 1980.6253421
563.543349626 1980.6253421
564.138589461 1980.6253421
564.733829295 1980.6253421
565.32906913 1980.6253421
565.924308964 1980.6253421
566.519548799 1980.6253421
567.114788633 1980.6253421
567.710028468 1980.6253421
568.305268302 1980.6253421
568.900508137 1980.6253421
569.495747971 1980.6253421
570.090987806 1980.6253421
570.68622764 1980.6253421
571.281467475 1980.6253421
571.876707309 1980.6253421
572.471947144 1980.6253421
573.067186978 1980.6253421
573.662426812 1980.6253421
574.257666647 1980.6253421
574.852906481 1980.6253421
575.448146316 1980.6253421
576.04338615 1980.6253421
576.638625985 1980.6253421
577.233865819 1980.6253421
577.829105654 1980.6253421
578.424345488 1980.6253421
579.019585323 1980.6253421
579.614825157 1980.6253421
580.210064992 1980.6253421
580.805304826 1980.6253421
581.400544661 1980.6253421
581.995784495 1980.6253421
582.59102433 1980.6253421
583.186264164 1980.6253421
583.781503998 1980.6253421
584.376743833 1980.6253421
584.971983667 1980.6253421
585.567223502 1980.6253421
586.162463336 1980.6253421
586.757703171 1980.6253421
587.352943005 1980.6253421
587.94818284 1980.6253421
588.543422674 1980.6253421
589.138662509 1980.6253421
589.733902343 1980.6253421
590.329142178 1980.6253421
590.924382012 1980.6253421
591.519621847 1980.6253421
592.114861681 1980.6253421
592.710101516 1980.6253421
593.30534135 1980.6253421
593.900581185 1980.6253421
594.495821019 1980.6253421
595.091060853 1980.6253421
595.686300688 1980.6253421
596.281540522 1980.6253421
596.876780357 1980.6253421
597.472020191 1980.6253421
598.067260026 1980.6253421
598.66249986 1980.6253421
599.257739695 1980.6253421
599.852979529 1980.6253421
600.448219364 1980.6253421
601.043459198 1980.6253421
601.638699033 1980.6253421
602.233938867 1980.6253421
602.829178702 1980.6253421
603.424418536 1980.6253421
604.019658371 1980.6253421
604.614898205 1980.6253421
605.21013804 1980.6253421
605.805377874 1980.6253421
606.400617708 1980.6253421
606.995857543 1980.6253421
607.591097377 1980.6253421
608.186337212 1980.6253421
608.781577046 1980.6253421
609.376816881 1980.6253421
609.972056715 3274.52043931
610.56729655 3274.52043931
611.162536384 3274.52043931
611.757776219 3274.52043931
612.353016053 3274.52043931
612.948255888 3274.52043931
613.543495722 3274.52043931
614.138735557 3274.52043931
614.733975391 3274.52043931
615.329215226 3274.52043931
615.92445506 3274.52043931
616.519694894 3274.52043931
617.114934729 3274.52043931
617.710174563 3274.52043931
618.305414398 3274.52043931
618.900654232 3274.52043931
619.495894067 3274.52043931
620.091133901 3274.52043931
620.686373736 3274.52043931
621.28161357 3274.52043931
621.876853405 3274.52043931
622.472093239 3274.52043931
623.067333074 3274.52043931
623.662572908 3274.52043931
624.257812743 3274.52043931
624.853052577 3274.52043931
625.448292412 3274.52043931
626.043532246 3274.52043931
626.638772081 3274.52043931
627.234011915 3274.52043931
627.829251749 3274.52043931
628.424491584 3274.52043931
629.019731418 3274.52043931
629.614971253 3274.52043931
630.210211087 3274.52043931
630.805450922 3274.52043931
631.400690756 3274.52043931
631.995930591 3274.52043931
632.591170425 3274.52043931
633.18641026 3274.52043931
633.781650094 3274.52043931
634.376889929 3274.52043931
634.972129763 3274.52043931
635.567369598 3274.52043931
636.162609432 3274.52043931
636.757849267 3274.52043931
637.353089101 3274.52043931
637.948328935 3274.52043931
638.54356877 2314.69107466
639.138808604 2314.69107466
639.734048439 2314.69107466
640.329288273 2314.69107466
640.924528108 2314.69107466
641.519767942 2314.69107466
642.115007777 2314.69107466
642.710247611 2314.69107466
643.305487446 4234.34980395
643.90072728 4234.34980395
644.495967115 4234.34980395
645.091206949 4234.34980395
645.686446784 4234.34980395
646.281686618 4234.34980395
646.876926453 4234.34980395
647.472166287 4234.34980395
648.067406122 3274.52043931
648.662645956 3274.52043931
649.25788579 3274.52043931
649.853125625 3274.52043931
650.448365459 3274.52043931
651.043605294 3274.52043931
651.638845128 3274.52043931
652.234084963 3274.52043931
652.829324797 3274.52043931
653.424564632 3274.52043931
654.019804466 3274.52043931
654.615044301 3274.52043931
655.210284135 3274.52043931
655.80552397 3274.52043931
656.400763804 3274.52043931
656.996003639 3274.52043931
657.591243473 3274.52043931
658.186483308 3274.52043931
658.781723142 3274.52043931
659.376962977 3274.52043931
659.972202811 3274.52043931
660.567442645 3274.52043931
661.16268248 3274.52043931
661.757922314 3274.52043931
662.353162149 3274.52043931
662.948401983 3274.52043931
663.543641818 3274.52043931
664.138881652 3274.52043931
664.734121487 3274.52043931
665.329361321 3274.52043931
665.924601156 3274.52043931
666.51984099 3274.52043931
667.115080825 3274.52043931
667.710320659 3274.52043931
668.305560494 3274.52043931
668.900800328 3274.52043931
669.496040163 3274.52043931
670.091279997 3274.52043931
670.686519831 3274.52043931
671.281759666 3274.52043931
671.8769995 3274.52043931
672.472239335 3274.52043931
673.067479169 3274.52043931
673.662719004 3274.52043931
674.257958838 3274.52043931
674.853198673 3274.52043931
675.448438507 3274.52043931
676.043678342 3274.52043931
676.638918176 3274.52043931
677.234158011 3274.52043931
677.829397845 3274.52043931
678.42463768 3274.52043931
679.019877514 3274.52043931
679.615117349 3274.52043931
680.210357183 3274.52043931
680.805597018 3274.52043931
681.400836852 3274.52043931
681.996076686 3274.52043931
682.591316521 3274.52043931
683.186556355 3274.52043931
683.78179619 3274.52043931
684.377036024 3274.52043931
684.972275859 3274.52043931
685.567515693 3274.52043931
686.162755528 3798.78236868
686.757995362 3798.78236868
687.353235197 3798.78236868
687.948475031 3798.78236868
688.543714866 3798.78236868
689.1389547 3798.78236868
689.734194535 3798.78236868
690.329434369 3798.78236868
690.924674204 3798.78236868
691.519914038 3798.78236868
692.115153873 3798.78236868
692.710393707 3798.78236868
693.305633541 3798.78236868
693.900873376 3798.78236868
694.49611321 3798.78236868
695.091353045 3798.78236868
695.686592879 3798.78236868
696.281832714 3798.78236868
696.877072548 3798.78236868
697.472312383 3798.78236868
698.067552217 3798.78236868
698.662792052 3798.78236868
699.258031886 3798.78236868
699.853271721 3798.78236868
700.448511555 3798.78236868
701.04375139 3798.78236868
701.638991224 3798.78236868
702.234231059 3798.78236868
702.829470893 3798.78236868
703.424710727 3798.78236868
704.019950562 3798.78236868
704.615190396 3798.78236868
705.210430231 3122.926234
705.805670065 3122.926234
706.4009099 3122.926234
706.996149734 3122.926234
707.591389569 3122.926234
708.186629403 3122.926234
708.781869238 3122.926234
709.377109072 3122.926234
709.972348907 3122.926234
710.567588741 3122.926234
711.162828576 3122.926234
711.75806841 3122.926234
712.353308245 3122.926234
712.948548079 3122.926234
713.543787914 3122.926234
714.139027748 3122.926234
714.734267582 3122.926234
715.329507417 3122.926234
715.924747251 3122.926234
716.519987086 3122.926234
717.11522692 3122.926234
717.710466755 3122.926234
718.305706589 3122.926234
718.900946424 3122.926234
719.496186258 3122.926234
720.091426093 3122.926234
720.686665927 3122.926234
721.281905762 3122.926234
721.877145596 3122.926234
722.472385431 3122.926234
723.067625265 3122.926234
723.6628651 3122.926234
724.258104934 3088.18657727
724.853344769 3088.18657727
725.448584603 3088.18657727
726.043824437 3088.18657727
726.639064272 3088.18657727
727.234304106 3088.18657727
727.829543941 3088.18657727
728.424783775 3088.18657727
729.02002361 3088.18657727
729.615263444 3088.18657727
730.210503279 3088.18657727
730.805743113 3088.18657727
731.400982948 3088.18657727
731.996222782 3088.18657727
732.591462617 3088.18657727
733.186702451 3088.18657727
733.781942286 3088.18657727
734.37718212 3088.18657727
734.972421955 3088.18657727
735.567661789 3088.18657727
736.162901623 3088.18657727
736.758141458 3088.18657727
737.353381292 3088.18657727
737.948621127 3088.18657727
738.543860961 3088.18657727
739.139100796 3088.18657727
739.73434063 3088.18657727
740.329580465 3088.18657727
740.924820299 3088.18657727
741.520060134 3088.18657727
742.115299968 3088.18657727
742.710539803 3088.18657727
743.305779637 3088.18657727
743.901019472 3088.18657727
744.496259306 3088.18657727
745.091499141 3088.18657727
745.686738975 3088.18657727
746.28197881 3088.18657727
746.877218644 3088.18657727
747.472458478 3088.18657727
748.067698313 3088.18657727
748.662938147 3088.18657727
749.258177982 3088.18657727
749.853417816 3088.18657727
750.448657651 3088.18657727
751.043897485 3088.18657727
751.63913732 3088.18657727
752.234377154 3088.18657727
752.829616989 3088.18657727
753.424856823 3088.18657727
754.020096658 3088.18657727
754.615336492 3088.18657727
755.210576327 3088.18657727
755.805816161 3088.18657727
756.401055996 3088.18657727
756.99629583 3088.18657727
757.591535665 3088.18657727
758.186775499 3088.18657727
758.782015333 3088.18657727
759.377255168 3088.18657727
759.972495002 3088.18657727
760.567734837 3088.18657727
761.162974671 3088.18657727
761.758214506 3088.18657727
762.35345434 3203.25430618
762.948694175 3203.25430618
763.543934009 3203.25430618
764.139173844 3203.25430618
764.734413678 3203.25430618
765.329653513 3203.25430618
765.924893347 3203.25430618
766.520133182 3203.25430618
767.115373016 3203.25430618
767.710612851 3203.25430618
768.305852685 3203.25430618
768.901092519 3203.25430618
769.496332354 3203.25430618
770.091572188 3203.25430618
770.686812023 3203.25430618
771.282051857 3203.25430618
771.877291692 3203.25430618
772.472531526 3203.25430618
773.067771361 3203.25430618
773.663011195 3203.25430618
774.25825103 3203.25430618
774.853490864 3203.25430618
775.448730699 3203.25430618
776.043970533 3203.25430618
776.639210368 3203.25430618
777.234450202 3203.25430618
777.829690037 3203.25430618
778.424929871 3203.25430618
779.020169706 3203.25430618
779.61540954 3203.25430618
780.210649374 3203.25430618
780.805889209 3203.25430618
781.401129043 3203.25430618
781.996368878 3203.25430618
782.591608712 3203.25430618
783.186848547 3203.25430618
783.782088381 3203.25430618
784.377328216 3203.25430618
784.97256805 3203.25430618
785.567807885 3203.25430618
786.163047719 3203.25430618
786.758287554 3203.25430618
787.353527388 3203.25430618
787.948767223 3203.25430618
788.544007057 3203.25430618
789.139246892 3203.25430618
789.734486726 3203.25430618
790.32972656 3203.25430618
790.924966395 3203.25430618
791.520206229 3203.25430618
792.115446064 3203.25430618
792.710685898 3203.25430618
793.305925733 3203.25430618
793.901165567 3203.25430618
794.496405402 3203.25430618
795.091645236 3203.25430618
795.686885071 3203.25430618
796.282124905 3203.25430618
796.87736474 3203.25430618
797.472604574 3203.25430618
798.067844409 3203.25430618
798.663084243 3203.25430618
799.258324078 3203.25430618
799.853563912 3203.25430618
800.448803747 3647.75687102
801.044043581 3647.75687102
801.639283415 3647.75687102
802.23452325 3647.75687102
802.829763084 3647.75687102
803.425002919 3647.75687102
804.020242753 3647.75687102
804.615482588 3647.75687102
805.210722422 3647.75687102
805.805962257 3647.75687102
806.401202091 3647.75687102
806.996441926 3647.75687102
807.59168176 3647.75687102
808.186921595 3647.75687102
808.782161429 3647.75687102
809.377401264 3647.75687102
809.972641098 3647.75687102
810.567880933 3647.75687102
811.163120767 3647.75687102
811.758360602 3647.75687102
812.353600436 3647.75687102
812.94884027 3647.75687102
813.544080105 3647.75687102
814.139319939 3647.75687102
814.734559774 3647.75687102
815.329799608 3647.75687102
815.925039443 3647.75687102
816.520279277 3647.75687102
817.115519112 3647.75687102
817.710758946 3647.75687102
818.305998781 3647.75687102
818.901238615 3647.75687102
819.49647845 3647.75687102
820.091718284 3647.75687102
820.686958119 3647.75687102
821.282197953 3647.75687102
821.877437788 3647.75687102
822.472677622 3647.75687102
823.067917456 3647.75687102
823.663157291 3647.75687102
824.258397125 3647.75687102
824.85363696 3647.75687102
825.448876794 3647.75687102
826.044116629 3647.75687102
826.639356463 3647.75687102
827.234596298 3647.75687102
827.829836132 3647.75687102
828.425075967 3647.75687102
829.020315801 3647.75687102
829.615555636 3647.75687102
830.21079547 3647.75687102
830.806035305 3647.75687102
831.401275139 3647.75687102
831.996514974 3647.75687102
832.591754808 3647.75687102
833.186994643 3647.75687102
833.782234477 3647.75687102
834.377474311 3647.75687102
834.972714146 3647.75687102
835.56795398 3647.75687102
836.163193815 3647.75687102
836.758433649 3647.75687102
837.353673484 3647.75687102
837.948913318 3647.75687102
838.544153153 3123.53529001
839.139392987 3123.53529001
839.734632822 3123.53529001
840.329872656 3123.53529001
840.925112491 3123.53529001
841.520352325 3123.53529001
842.11559216 3123.53529001
842.710831994 3123.53529001
843.306071829 3123.53529001
843.901311663 3123.53529001
844.496551498 3123.53529001
845.091791332 3123.53529001
845.687031166 3123.53529001
846.282271001 3123.53529001
846.877510835 3123.53529001
847.47275067 3123.53529001
848.067990504 3123.53529001
848.663230339 3123.53529001
849.258470173 3123.53529001
849.853710008 3123.53529001
850.448949842 3123.53529001
851.044189677 3123.53529001
851.639429511 3123.53529001
852.234669346 3123.53529001
852.82990918 3123.53529001
853.425149015 3123.53529001
854.020388849 3123.53529001
854.615628684 3123.53529001
855.210868518 3123.53529001
855.806108352 3123.53529001
856.401348187 3123.53529001
856.996588021 3123.53529001
857.591827856 3123.53529001
858.18706769 3123.53529001
858.782307525 3123.53529001
859.377547359 3123.53529001
859.972787194 3123.53529001
860.568027028 3123.53529001
861.163266863 3123.53529001
861.758506697 3123.53529001
862.353746532 3123.53529001
862.948986366 3123.53529001
863.544226201 3123.53529001
864.139466035 3123.53529001
864.73470587 3123.53529001
865.329945704 3123.53529001
865.925185539 3123.53529001
866.520425373 3123.53529001
867.115665207 3123.53529001
867.710905042 3123.53529001
868.306144876 3123.53529001
868.901384711 3123.53529001
869.496624545 3123.53529001
870.09186438 3123.53529001
870.687104214 3123.53529001
871.282344049 3123.53529001
871.877583883 3123.53529001
872.472823718 3123.53529001
873.068063552 3123.53529001
873.663303387 3123.53529001
874.258543221 3123.53529001
874.853783056 3123.53529001
875.44902289 3123.53529001
876.044262725 3123.53529001
876.639502559 3123.53529001
877.234742394 3123.53529001
877.829982228 3123.53529001
878.425222062 3123.53529001
879.020461897 3123.53529001
879.615701731 3123.53529001
880.210941566 3123.53529001
880.8061814 3123.53529001
881.401421235 3123.53529001
881.996661069 3123.53529001
882.591900904 3123.53529001
883.187140738 3123.53529001
883.782380573 3123.53529001
884.377620407 3123.53529001
884.972860242 3123.53529001
885.568100076 3123.53529001
886.163339911 3123.53529001
886.758579745 3123.53529001
887.35381958 3123.53529001
887.949059414 3123.53529001
888.544299248 3123.53529001
889.139539083 3123.53529001
889.734778917 3123.53529001
890.330018752 3123.53529001
890.925258586 3123.53529001
891.520498421 3123.53529001
892.115738255 3123.53529001
892.71097809 3123.53529001
893.306217924 3123.53529001
893.901457759 3123.53529001
894.496697593 3123.53529001
895.091937428 3123.53529001
895.687177262 3123.53529001
896.282417097 3123.53529001
896.877656931 3123.53529001
897.472896766 3123.53529001
898.0681366 3123.53529001
898.663376435 3123.53529001
899.258616269 3123.53529001
899.853856103 3123.53529001
900.449095938 3123.53529001
901.044335772 3123.53529001
901.639575607 3123.53529001
902.234815441 3123.53529001
902.830055276 3123.53529001
903.42529511 3123.53529001
904.020534945 3123.53529001
904.615774779 3123.53529001
905.211014614 3123.53529001
905.806254448 3123.53529001
906.401494283 3123.53529001
906.996734117 3123.53529001
907.591973952 3123.53529001
908.187213786 3123.53529001
908.782453621 3123.53529001
909.377693455 3123.53529001
909.97293329 3123.53529001
910.568173124 3123.53529001
911.163412958 3123.53529001
911.758652793 3123.53529001
912.353892627 3123.53529001
912.949132462 3123.53529001
913.544372296 3123.53529001
914.139612131 3123.53529001
914.734851965 3201.98940668
915.3300918 3201.98940668
915.925331634 3201.98940668
916.520571469 3201.98940668
917.115811303 3201.98940668
917.711051138 3201.98940668
918.306290972 3201.98940668
918.901530807 3201.98940668
919.496770641 3201.98940668
920.092010476 3201.98940668
920.68725031 3201.98940668
921.282490144 3201.98940668
921.877729979 3201.98940668
922.472969813 3201.98940668
923.068209648 3201.98940668
923.663449482 3201.98940668
924.258689317 3201.98940668
924.853929151 3201.98940668
925.449168986 3201.98940668
926.04440882 3201.98940668
926.639648655 3201.98940668
927.234888489 3201.98940668
927.830128324 3201.98940668
928.425368158 3201.98940668
929.020607993 3201.98940668
929.615847827 3201.98940668
930.211087662 3201.98940668
930.806327496 3201.98940668
931.401567331 3201.98940668
931.996807165 3201.98940668
932.592046999 3201.98940668
933.187286834 3201.98940668
933.782526668 3201.98940668
934.377766503 3201.98940668
934.973006337 3201.98940668
935.568246172 3201.98940668
936.163486006 3201.98940668
936.758725841 3201.98940668
937.353965675 3201.98940668
937.94920551 3201.98940668
938.544445344 3201.98940668
939.139685179 3201.98940668
939.734925013 3201.98940668
940.330164848 3201.98940668
940.925404682 3201.98940668
941.520644517 3201.98940668
942.115884351 3201.98940668
942.711124185 3201.98940668
943.30636402 3201.98940668
943.901603854 3201.98940668
944.496843689 3201.98940668
945.092083523 3201.98940668
945.687323358 3201.98940668
946.282563192 3201.98940668
946.877803027 3201.98940668
947.473042861 3201.98940668
948.068282696 3201.98940668
948.66352253 3201.98940668
949.258762365 3201.98940668
949.854002199 3201.98940668
950.449242034 3201.98940668
951.044481868 3201.98940668
951.639721703 3201.98940668
952.234961537 3201.98940668
952.830201372 3201.98940668
953.425441206 3201.98940668
954.02068104 3201.98940668
954.615920875 3201.98940668
955.211160709 3201.98940668
955.806400544 3201.98940668
956.401640378 3201.98940668
956.996880213 3201.98940668
957.592120047 3201.98940668
958.187359882 3201.98940668
958.782599716 3201.98940668
959.377839551 3201.98940668
959.973079385 3201.98940668
960.56831922 3201.98940668
961.163559054 3201.98940668
961.758798889 3201.98940668
962.354038723 3201.98940668
962.949278558 3201.98940668
963.544518392 3201.98940668
964.139758227 3201.98940668
964.734998061 3201.98940668
965.330237895 3201.98940668
965.92547773 3201.98940668
966.520717564 3201.98940668
967.115957399 3201.98940668
967.711197233 3201.98940668
968.306437068 3201.98940668
968.901676902 3201.98940668
969.496916737 3201.98940668
970.092156571 3201.98940668
970.687396406 3201.98940668
971.28263624 3201.98940668
971.877876075 3201.98940668
972.473115909 3201.98940668
973.068355744 3201.98940668
973.663595578 3201.98940668
974.258835413 3201.98940668
974.854075247 3201.98940668
975.449315081 3201.98940668
976.044554916 3201.98940668
976.63979475 3201.98940668
977.235034585 3201.98940668
977.830274419 3201.98940668
978.425514254 3201.98940668
979.020754088 3201.98940668
979.615993923 3201.98940668
980.211233757 3201.98940668
980.806473592 3201.98940668
981.401713426 3201.98940668
981.996953261 3201.98940668
982.592193095 3201.98940668
983.18743293 3201.98940668
983.782672764 3201.98940668
984.377912599 3201.98940668
984.973152433 3201.98940668
985.568392268 3201.98940668
986.163632102 3201.98940668
986.758871936 3201.98940668
987.354111771 3201.98940668
987.949351605 3201.98940668
988.54459144 3201.98940668
989.139831274 3201.98940668
989.735071109 3201.98940668
990.330310943 3201.98940668
990.925550778 3201.98940668
991.520790612 3201.98940668
992.116030447 3201.98940668
992.711270281 3201.98940668
993.306510116 3201.98940668
993.90174995 3201.98940668
994.496989785 3201.98940668
995.092229619 3201.98940668
995.687469454 3201.98940668
996.282709288 3201.98940668
996.877949123 3201.98940668
997.473188957 3201.98940668
998.068428791 3201.98940668
998.663668626 3201.98940668
999.25890846 3201.98940668
999.854148295 3201.98940668
1000.44938813 3201.98940668
1001.04462796 3201.98940668
1001.6398678 3201.98940668
1002.23510763 3201.98940668
1002.83034747 3201.98940668
1003.4255873 3201.98940668
1004.02082714 3201.98940668
1004.61606697 3201.98940668
1005.21130681 3201.98940668
1005.80654664 3201.98940668
1006.40178647 3201.98940668
1006.99702631 3201.98940668
1007.59226614 3201.98940668
1008.18750598 3201.98940668
1008.78274581 3201.98940668
1009.37798565 3201.98940668
1009.97322548 3201.98940668
1010.56846532 3201.98940668
1011.16370515 3201.98940668
1011.75894498 3201.98940668
1012.35418482 3201.98940668
1012.94942465 3201.98940668
1013.54466449 3201.98940668
1014.13990432 3201.98940668
1014.73514416 3201.98940668
1015.33038399 3201.98940668
1015.92562383 3201.98940668
1016.52086366 3201.98940668
1017.11610349 3201.98940668
1017.71134333 3201.98940668
1018.30658316 3201.98940668
1018.901823 3201.98940668
1019.49706283 3201.98940668
1020.09230267 3201.98940668
1020.6875425 3201.98940668
1021.28278234 3201.98940668
1021.87802217 3201.98940668
1022.473262 3201.98940668
1023.06850184 3201.98940668
1023.66374167 3201.98940668
1024.25898151 3201.98940668
1024.85422134 3201.98940668
1025.44946118 3201.98940668
1026.04470101 3201.98940668
1026.63994085 3201.98940668
1027.23518068 3201.98940668
1027.83042052 3201.98940668
1028.42566035 3201.98940668
1029.02090018 3201.98940668
1029.61614002 3201.98940668
1030.21137985 3201.98940668
1030.80661969 3201.98940668
1031.40185952 3201.98940668
1031.99709936 3201.98940668
1032.59233919 3201.98940668
1033.18757903 3201.98940668
1033.78281886 3201.98940668
1034.37805869 3201.98940668
1034.97329853 3201.98940668
1035.56853836 3201.98940668
1036.1637782 3201.98940668
1036.75901803 3201.98940668
1037.35425787 3201.98940668
1037.9494977 3201.98940668
1038.54473754 3201.98940668
1039.13997737 3201.98940668
1039.7352172 3201.98940668
1040.33045704 3201.98940668
1040.92569687 3201.98940668
1041.52093671 3201.98940668
1042.11617654 3201.98940668
1042.71141638 3201.98940668
1043.30665621 3201.98940668
1043.90189605 3201.98940668
1044.49713588 3201.98940668
1045.09237571 3201.98940668
1045.68761555 3201.98940668
1046.28285538 3201.98940668
1046.87809522 3201.98940668
1047.47333505 3201.98940668
1048.06857489 3201.98940668
1048.66381472 3201.98940668
1049.25905456 3201.98940668
1049.85429439 3201.98940668
1050.44953423 3201.98940668
1051.04477406 3201.98940668
1051.64001389 3201.98940668
1052.23525373 3201.98940668
1052.83049356 3201.98940668
1053.4257334 3201.98940668
1054.02097323 3201.98940668
1054.61621307 3201.98940668
1055.2114529 3201.98940668
1055.80669274 3201.98940668
1056.40193257 3201.98940668
1056.9971724 3201.98940668
1057.59241224 3201.98940668
1058.18765207 3201.98940668
1058.78289191 3201.98940668
1059.37813174 3201.98940668
1059.97337158 3201.98940668
1060.56861141 3201.98940668
1061.16385125 3201.98940668
1061.75909108 3201.98940668
1062.35433091 3201.98940668
1062.94957075 3201.98940668
1063.54481058 3201.98940668
1064.14005042 3201.98940668
1064.73529025 3201.98940668
1065.33053009 3201.98940668
1065.92576992 3201.98940668
1066.52100976 3201.98940668
1067.11624959 3201.98940668
1067.71148942 3201.98940668
1068.30672926 3201.98940668
1068.90196909 3201.98940668
1069.49720893 3201.98940668
1070.09244876 3201.98940668
1070.6876886 3201.98940668
1071.28292843 3201.98940668
1071.87816827 3201.98940668
1072.4734081 3201.98940668
1073.06864794 3201.98940668
1073.66388777 3201.98940668
1074.2591276 3201.98940668
1074.85436744 3201.98940668
1075.44960727 3201.98940668
1076.04484711 3201.98940668
1076.64008694 3201.98940668
1077.23532678 3201.98940668
1077.83056661 3201.98940668
1078.42580645 3201.98940668
1079.02104628 3201.98940668
1079.61628611 3201.98940668
1080.21152595 3201.98940668
1080.80676578 3201.98940668
1081.40200562 3201.98940668
1081.99724545 3201.98940668
1082.59248529 3201.98940668
1083.18772512 3201.98940668
1083.78296496 3201.98940668
1084.37820479 3201.98940668
1084.97344462 3201.98940668
1085.56868446 3201.98940668
1086.16392429 3201.98940668
1086.75916413 3201.98940668
1087.35440396 3201.98940668
1087.9496438 3201.98940668
1088.54488363 3201.98940668
1089.14012347 3201.98940668
1089.7353633 3201.98940668
1090.33060313 3201.98940668
1090.92584297 3201.98940668
1091.5210828 3201.98940668
1092.11632264 3201.98940668
1092.71156247 3201.98940668
1093.30680231 3201.98940668
1093.90204214 3201.98940668
1094.49728198 3201.98940668
1095.09252181 3201.98940668
1095.68776164 3201.98940668
1096.28300148 3201.98940668
1096.87824131 3201.98940668
1097.47348115 3201.98940668
1098.06872098 3201.98940668
1098.66396082 3201.98940668
1099.25920065 3201.98940668
1099.85444049 3201.98940668
1100.44968032 3201.98940668
1101.04492016 3201.98940668
1101.64015999 3201.98940668
1102.23539982 3201.98940668
1102.83063966 3201.98940668
1103.42587949 3201.98940668
1104.02111933 3201.98940668
1104.61635916 3201.98940668
1105.211599 3201.98940668
1105.80683883 3201.98940668
1106.40207867 3201.98940668
1106.9973185 3201.98940668
1107.59255833 3201.98940668
1108.18779817 3201.98940668
1108.783038 3201.98940668
1109.37827784 3201.98940668
1109.97351767 3201.98940668
1110.56875751 3201.98940668
1111.16399734 3201.98940668
1111.75923718 3201.98940668
1112.35447701 3201.98940668
1112.94971684 3201.98940668
1113.54495668 3201.98940668
1114.14019651 3201.98940668
1114.73543635 3201.98940668
1115.33067618 3201.98940668
1115.92591602 3201.98940668
1116.52115585 3201.98940668
1117.11639569 3201.98940668
1117.71163552 3201.98940668
1118.30687535 3201.98940668
1118.90211519 3201.98940668
1119.49735502 3201.98940668
1120.09259486 3201.98940668
1120.68783469 3201.98940668
1121.28307453 3201.98940668
1121.87831436 3201.98940668
1122.4735542 3201.98940668
1123.06879403 3201.98940668
1123.66403387 3201.98940668
1124.2592737 3201.98940668
1124.85451353 3201.98940668
1125.44975337 3201.98940668
1126.0449932 3201.98940668
1126.64023304 3201.98940668
1127.23547287 3201.98940668
1127.83071271 3201.98940668
1128.42595254 3201.98940668
1129.02119238 3201.98940668
1129.61643221 3201.98940668
1130.21167204 3201.98940668
1130.80691188 3201.98940668
1131.40215171 3201.98940668
1131.99739155 3201.98940668
1132.59263138 3201.98940668
1133.18787122 3201.98940668
1133.78311105 3201.98940668
1134.37835089 3201.98940668
1134.97359072 3201.98940668
1135.56883055 3201.98940668
1136.16407039 3201.98940668
1136.75931022 3201.98940668
1137.35455006 3201.98940668
1137.94978989 3201.98940668
1138.54502973 3201.98940668
1139.14026956 3201.98940668
1139.7355094 3201.98940668
1140.33074923 3201.98940668
1140.92598906 3201.98940668
1141.5212289 3201.98940668
1142.11646873 3201.98940668
1142.71170857 3201.98940668
1143.3069484 3201.98940668
1143.90218824 3201.98940668
1144.49742807 3201.98940668
1145.09266791 3201.98940668
1145.68790774 3201.98940668
1146.28314758 3201.98940668
1146.87838741 3201.98940668
1147.47362724 3201.98940668
1148.06886708 3201.98940668
1148.66410691 3201.98940668
1149.25934675 3201.98940668
1149.85458658 3201.98940668
1150.44982642 3201.98940668
1151.04506625 3201.98940668
1151.64030609 3201.98940668
1152.23554592 3201.98940668
1152.83078575 3201.98940668
1153.42602559 3201.98940668
1154.02126542 3201.98940668
1154.61650526 3201.98940668
1155.21174509 3201.98940668
1155.80698493 3201.98940668
1156.40222476 3201.98940668
1156.9974646 3201.98940668
1157.59270443 3201.98940668
1158.18794426 3201.98940668
1158.7831841 3201.98940668
1159.37842393 3201.98940668
1159.97366377 3201.98940668
1160.5689036 3201.98940668
1161.16414344 3201.98940668
1161.75938327 3201.98940668
1162.35462311 3201.98940668
1162.94986294 3201.98940668
1163.54510277 3201.98940668
1164.14034261 3201.98940668
1164.73558244 3201.98940668
1165.33082228 3201.98940668
1165.92606211 3201.98940668
1166.52130195 3201.98940668
1167.11654178 3201.98940668
1167.71178162 3201.98940668
1168.30702145 3201.98940668
1168.90226129 3201.98940668
1169.49750112 3201.98940668
1170.09274095 3201.98940668
1170.68798079 3201.98940668
1171.28322062 3201.98940668
1171.87846046 3201.98940668
1172.47370029 3201.98940668
1173.06894013 3201.98940668
1173.66417996 3201.98940668
1174.2594198 3201.98940668
1174.85465963 3201.98940668
1175.44989946 3201.98940668
1176.0451393 3201.98940668
1176.64037913 3201.98940668
1177.23561897 3201.98940668
1177.8308588 3201.98940668
1178.42609864 3201.98940668
1179.02133847 3201.98940668
1179.61657831 3201.98940668
1180.21181814 3201.98940668
1180.80705797 3201.98940668
1181.40229781 3201.98940668
1181.99753764 3201.98940668
1182.59277748 3201.98940668
1183.18801731 3201.98940668
1183.78325715 3201.98940668
1184.37849698 3201.98940668
1184.97373682 3201.98940668
1185.56897665 3201.98940668
1186.16421648 3201.98940668
1186.75945632 3201.98940668
1187.35469615 3201.98940668
1187.94993599 3201.98940668
1188.54517582 3201.98940668
1189.14041566 3201.98940668
1189.73565549 3201.98940668
1190.33089533 3201.98940668
1190.92613516 3201.98940668
1191.521375 3201.98940668
1192.11661483 3201.98940668
1192.71185466 3201.98940668
1193.3070945 3201.98940668
1193.90233433 3201.98940668
1194.49757417 3201.98940668
1195.092814 3201.98940668
1195.68805384 3201.98940668
1196.28329367 3201.98940668
1196.87853351 3201.98940668
1197.47377334 3201.98940668
1198.06901317 3201.98940668
1198.66425301 3201.98940668
1199.25949284 3201.98940668
1199.85473268 3201.98940668
1200.44997251 3201.98940668
1201.04521235 3201.98940668
1201.64045218 3201.98940668
1202.23569202 3201.98940668
1202.83093185 3201.98940668
1203.42617168 3201.98940668
1204.02141152 3201.98940668
1204.61665135 3201.98940668
1205.21189119 3201.98940668
1205.80713102 3201.98940668
1206.40237086 3201.98940668
1206.99761069 3201.98940668
1207.59285053 3201.98940668
1208.18809036 3201.98940668
1208.78333019 3201.98940668
1209.37857003 3201.98940668
1209.97380986 3201.98940668
1210.5690497 3201.98940668
1211.16428953 3201.98940668
1211.75952937 3201.98940668
1212.3547692 3201.98940668
1212.95000904 3201.98940668
1213.54524887 3201.98940668
1214.14048871 3201.98940668
1214.73572854 3201.98940668
1215.33096837 3201.98940668
1215.92620821 3201.98940668
1216.52144804 3201.98940668
1217.11668788 3201.98940668
1217.71192771 3201.98940668
1218.30716755 3201.98940668
1218.90240738 3201.98940668
