0.446466215283 1541.84430152
1.04170604976 1541.84430152
1.63694588423 1541.84430152
2.2321857187 1541.84430152
2.82742555317 1541.84430152
3.42266538765 1541.84430152
4.01790522212 1541.84430152
4.61314505659 1541.84430152
5.20838489106 1541.84430152
5.80362472554 1541.84430152
6.39886456001 1541.84430152
6.99410439448 1541.84430152
7.58934422895 1541.84430152
8.18458406343 1541.84430152
8.7798238979 1541.84430152
9.37506373237 1541.84430152
9.97030356685 1541.84430152
10.5655434013 1541.84430152
11.1607832358 1541.84430152
11.7560230703 1541.84430152
12.3512629047 1541.84430152
12.9465027392 1541.84430152
13.5417425737 1541.84430152
14.1369824082 1541.84430152
14.7322222426 1541.84430152
15.3274620771 1541.84430152
15.9227019116 1541.84430152
16.517941746 1541.84430152
17.1131815805 1541.84430152
17.708421415 1541.84430152
18.3036612495 1541.84430152
18.8989010839 1541.84430152
19.4941409184 1541.84430152
20.0893807529 1541.84430152
20.6846205874 1541.84430152
21.2798604218 1541.84430152
21.8751002563 1541.84430152
22.4703400908 1541.84430152
23.0655799252 1541.84430152
23.6608197597 1541.84430152
24.2560595942 1541.84430152
24.8512994287 1541.84430152
25.4465392631 1541.84430152
26.0417790976 1541.84430152
26.6370189321 1541.84430152
27.2322587666 1541.84430152
27.827498601 1541.84430152
28.4227384355 1541.84430152
29.01797827 1541.84430152
29.6132181044 1541.84430152
30.2084579389 1541.84430152
30.8036977734 1541.84430152
31.3989376079 1541.84430152
31.9941774423 1541.84430152
32.5894172768 1541.84430152
33.1846571113 1541.84430152
33.7798969458 1541.84430152
34.3751367802 1541.84430152
34.9703766147 1541.84430152
35.5656164492 1541.84430152
36.1608562836 1541.84430152
36.7560961181 1541.84430152
37.3513359526 1541.84430152
37.9465757871 1541.84430152
38.5418156215 1541.84430152
39.137055456 1541.84430152
39.7322952905 1541.84430152
40.327535125 1541.84430152
40.9227749594 1541.84430152
41.5180147939 1541.84430152
42.1132546284 1541.84430152
42.7084944628 1541.84430152
43.3037342973 1541.84430152
43.8989741318 1541.84430152
44.4942139663 1541.84430152
45.0894538007 1541.84430152
45.6846936352 1541.84430152
46.2799334697 1541.84430152
46.8751733041 1541.84430152
47.4704131386 1541.84430152
48.0656529731 1541.84430152
48.6608928076 1541.84430152
49.256132642 1541.84430152
49.8513724765 1541.84430152
50.446612311 1541.84430152
51.0418521455 1541.84430152
51.6370919799 1541.84430152
52.2323318144 1541.84430152
52.8275716489 1541.84430152
53.4228114833 1541.84430152
54.0180513178 1541.84430152
54.6132911523 1541.84430152
55.2085309868 1541.84430152
55.8037708212 1541.84430152
56.3990106557 1541.84430152
56.9942504902 1541.84430152
57.5894903247 1541.84430152
58.1847301591 1541.84430152
58.7799699936 1541.84430152
59.3752098281 1541.84430152
59.9704496625 1541.84430152
60.565689497 1541.84430152
61.1609293315 1541.84430152
61.756169166 1541.84430152
62.3514090004 1541.84430152
62.9466488349 1541.84430152
63.5418886694 1541.84430152
64.1371285039 1541.84430152
64.7323683383 1541.84430152
65.3276081728 1541.84430152
65.9228480073 1541.84430152
66.5180878417 1541.84430152
67.1133276762 1541.84430152
67.7085675107 1541.84430152
68.3038073452 1541.84430152
68.8990471796 1541.84430152
69.4942870141 1541.84430152
70.0895268486 1541.84430152
70.6847666831 1541.84430152
71.2800065175 1541.84430152
71.875246352 1541.84430152
72.4704861865 1541.84430152
73.0657260209 1541.84430152
73.6609658554 1541.84430152
74.2562056899 1541.84430152
74.8514455244 1541.84430152
75.4466853588 1541.84430152
76.0419251933 1541.84430152
76.6371650278 1541.84430152
77.2324048623 1541.84430152
77.8276446967 1541.84430152
78.4228845312 1541.84430152
79.0181243657 1541.84430152
79.6133642001 1541.84430152
80.2086040346 1541.84430152
80.8038438691 1541.84430152
81.3990837036 1541.84430152
81.994323538 1541.84430152
82.5895633725 1541.84430152
83.184803207 1541.84430152
83.7800430415 1541.84430152
84.3752828759 1541.84430152
84.9705227104 1541.84430152
85.5657625449 1541.84430152
86.1610023793 1541.84430152
86.7562422138 1541.84430152
87.3514820483 1541.84430152
87.9467218828 1541.84430152
88.5419617172 1541.84430152
89.1372015517 1541.84430152
89.7324413862 1541.84430152
90.3276812207 1541.84430152
90.9229210551 1541.84430152
91.5181608896 1541.84430152
92.1134007241 1541.84430152
92.7086405585 1541.84430152
93.303880393 1541.84430152
93.8991202275 1541.84430152
94.494360062 1541.84430152
95.0895998964 1541.84430152
95.6848397309 1541.84430152
96.2800795654 1541.84430152
96.8753193999 1541.84430152
97.4705592343 1541.84430152
98.0657990688 1541.84430152
98.6610389033 1541.84430152
99.2562787377 1541.84430152
99.8515185722 1541.84430152
100.446758407 1541.84430152
101.041998241 1541.84430152
101.637238076 1541.84430152
102.23247791 1541.84430152
102.827717745 1541.84430152
103.422957579 1541.84430152
104.018197414 1541.84430152
104.613437248 1541.84430152
105.208677082 1541.84430152
105.803916917 1541.84430152
106.399156751 1541.84430152
106.994396586 1541.84430152
107.58963642 1541.84430152
108.184876255 1541.84430152
108.780116089 1541.84430152
109.375355924 1541.84430152
109.970595758 1541.84430152
110.565835593 1541.84430152
111.161075427 1541.84430152
111.756315262 1541.84430152
112.351555096 1541.84430152
112.946794931 1541.84430152
113.542034765 1541.84430152
114.1372746 1541.84430152
114.732514434 1541.84430152
115.327754269 1541.84430152
115.922994103 1541.84430152
116.518233937 1541.84430152
117.113473772 1541.84430152
117.708713606 1541.84430152
118.303953441 1541.84430152
118.899193275 1541.84430152
119.49443311 1541.84430152
120.089672944 1541.84430152
120.684912779 1541.84430152
121.280152613 1541.84430152
121.875392448 1541.84430152
122.470632282 1541.84430152
123.065872117 1541.84430152
123.661111951 1541.84430152
124.256351786 1541.84430152
124.85159162 1541.84430152
125.446831455 1541.84430152
126.042071289 1541.84430152
126.637311123 1541.84430152
127.232550958 1541.84430152
127.827790792 1541.84430152
128.423030627 1541.84430152
129.018270461 1541.84430152
129.613510296 1541.84430152
130.20875013 1541.84430152
130.803989965 1541.84430152
131.399229799 1541.84430152
131.994469634 1541.84430152
132.589709468 1541.84430152
133.184949303 1541.84430152
133.780189137 1541.84430152
134.375428972 1541.84430152
134.970668806 1541.84430152
135.565908641 1541.84430152
136.161148475 1541.84430152
136.75638831 1541.84430152
137.351628144 1541.84430152
137.946867978 1541.84430152
138.542107813 1541.84430152
139.137347647 1541.84430152
139.732587482 1541.84430152
140.327827316 1541.84430152
140.923067151 1541.84430152
141.518306985 1541.84430152
142.11354682 1541.84430152
142.708786654 1541.84430152
143.304026489 1541.84430152
143.899266323 1541.84430152
144.494506158 1541.84430152
145.089745992 1541.84430152
145.684985827 1541.84430152
146.280225661 1541.84430152
146.875465496 1541.84430152
147.47070533 1541.84430152
148.065945165 1541.84430152
148.661184999 1541.84430152
149.256424833 1541.84430152
149.851664668 1541.84430152
150.446904502 1541.84430152
151.042144337 1541.84430152
151.637384171 1541.84430152
152.232624006 1541.84430152
152.82786384 1541.84430152
153.423103675 1541.84430152
154.018343509 1541.84430152
154.613583344 1541.84430152
155.208823178 1541.84430152
155.804063013 1541.84430152
156.399302847 1541.84430152
156.994542682 1541.84430152
157.589782516 1541.84430152
158.185022351 1541.84430152
158.780262185 1541.84430152
159.375502019 1541.84430152
159.970741854 1541.84430152
160.565981688 1541.84430152
161.161221523 1541.84430152
161.756461357 1541.84430152
162.351701192 1541.84430152
162.946941026 1541.84430152
163.542180861 1541.84430152
164.137420695 1541.84430152
164.73266053 1541.84430152
165.327900364 1541.84430152
165.923140199 1541.84430152
166.518380033 1541.84430152
167.113619868 1541.84430152
167.708859702 1541.84430152
168.304099537 1541.84430152
168.899339371 1541.84430152
169.494579206 1541.84430152
170.08981904 1541.84430152
170.685058874 1541.84430152
171.280298709 1541.84430152
171.875538543 1541.84430152
172.470778378 1541.84430152
173.066018212 1541.84430152
173.661258047 1541.84430152
174.256497881 1541.84430152
174.851737716 1541.84430152
175.44697755 1541.84430152
176.042217385 1541.84430152
176.637457219 1541.84430152
177.232697054 1541.84430152
177.827936888 1541.84430152
178.423176723 1541.84430152
179.018416557 1541.84430152
179.613656392 1541.84430152
180.208896226 1541.84430152
180.80413606 1541.84430152
181.399375895 1541.84430152
181.994615729 1541.84430152
182.589855564 1541.84430152
183.185095398 1541.84430152
183.780335233 1541.84430152
184.375575067 1541.84430152
184.970814902 1541.84430152
185.566054736 1541.84430152
186.161294571 1541.84430152
186.756534405 1541.84430152
187.35177424 1541.84430152
187.947014074 1541.84430152
188.542253909 1541.84430152
189.137493743 1541.84430152
189.732733578 1541.84430152
190.327973412 1541.84430152
190.923213247 1541.84430152
191.518453081 1541.84430152
192.113692915 1541.84430152
192.70893275 1541.84430152
193.304172584 1541.84430152
193.899412419 1541.84430152
194.494652253 1541.84430152
195.089892088 1541.84430152
195.685131922 1541.84430152
196.280371757 1541.84430152
196.875611591 1541.84430152
197.470851426 1541.84430152
198.06609126 1541.84430152
198.661331095 1541.84430152
199.256570929 1541.84430152
199.851810764 1541.84430152
200.447050598 1541.84430152
201.042290433 1541.84430152
201.637530267 1541.84430152
202.232770102 1541.84430152
202.828009936 1541.84430152
203.42324977 1541.84430152
204.018489605 1541.84430152
204.613729439 1541.84430152
205.208969274 1541.84430152
205.804209108 1541.84430152
206.399448943 1541.84430152
206.994688777 1541.84430152
207.589928612 1541.84430152
208.185168446 1541.84430152
208.780408281 1541.84430152
209.375648115 1541.84430152
209.97088795 1541.84430152
210.566127784 1541.84430152
211.161367619 1541.84430152
211.756607453 1541.84430152
212.351847288 1541.84430152
212.947087122 1541.84430152
213.542326956 1541.84430152
214.137566791 1541.84430152
214.732806625 1541.84430152
215.32804646 1541.84430152
215.923286294 1541.84430152
216.518526129 1541.84430152
217.113765963 1541.84430152
217.709005798 1541.84430152
218.304245632 1541.84430152
218.899485467 1541.84430152
219.494725301 1541.84430152
220.089965136 1541.84430152
220.68520497 1541.84430152
221.280444805 1541.84430152
221.875684639 1541.84430152
222.470924474 1541.84430152
223.066164308 1541.84430152
223.661404143 1541.84430152
224.256643977 1541.84430152
224.851883811 1541.84430152
225.447123646 1541.84430152
226.04236348 1541.84430152
226.637603315 1541.84430152
227.232843149 1541.84430152
227.828082984 1541.84430152
228.423322818 1541.84430152
229.018562653 1541.84430152
229.613802487 1541.84430152
230.209042322 1541.84430152
230.804282156 1541.84430152
231.399521991 1541.84430152
231.994761825 1541.84430152
232.59000166 1541.84430152
233.185241494 1541.84430152
233.780481329 1541.84430152
234.375721163 1541.84430152
234.970960998 1541.84430152
235.566200832 1541.84430152
236.161440666 1541.84430152
236.756680501 1541.84430152
237.351920335 1541.84430152
237.94716017 1541.84430152
238.542400004 1541.84430152
239.137639839 1541.84430152
239.732879673 1541.84430152
240.328119508 1541.84430152
240.923359342 1541.84430152
241.518599177 1541.84430152
242.113839011 1541.84430152
242.709078846 1541.84430152
243.30431868 1541.84430152
243.899558515 1541.84430152
244.494798349 1541.84430152
245.090038184 1541.84430152
245.685278018 1541.84430152
246.280517852 1541.84430152
246.875757687 1541.84430152
247.470997521 1541.84430152
248.066237356 1541.84430152
248.66147719 1541.84430152
249.256717025 1541.84430152
249.851956859 1541.84430152
250.447196694 1541.84430152
251.042436528 1541.84430152
251.637676363 1541.84430152
252.232916197 1541.84430152
252.828156032 1541.84430152
253.423395866 1541.84430152
254.018635701 1541.84430152
254.613875535 1541.84430152
255.20911537 1541.84430152
255.804355204 1541.84430152
256.399595039 1541.84430152
256.994834873 1541.84430152
257.590074707 1541.84430152
258.185314542 1541.84430152
258.780554376 1541.84430152
259.375794211 1541.84430152
259.971034045 1541.84430152
260.56627388 1541.84430152
261.161513714 1541.84430152
261.756753549 1541.84430152
262.351993383 1541.84430152
262.947233218 1541.84430152
263.542473052 1541.84430152
264.137712887 1541.84430152
264.732952721 1541.84430152
265.328192556 1541.84430152
265.92343239 1541.84430152
266.518672225 1541.84430152
267.113912059 1541.84430152
267.709151894 1541.84430152
268.304391728 1541.84430152
268.899631562 1541.84430152
269.494871397 1541.84430152
270.090111231 1541.84430152
270.685351066 1541.84430152
271.2805909 1541.84430152
271.875830735 1541.84430152
272.471070569 1541.84430152
273.066310404 1541.84430152
273.661550238 1541.84430152
274.256790073 1541.84430152
274.852029907 1541.84430152
275.447269742 1541.84430152
276.042509576 1541.84430152
276.637749411 1541.84430152
277.232989245 1541.84430152
277.82822908 1541.84430152
278.423468914 1541.84430152
279.018708748 1541.84430152
279.613948583 1541.84430152
280.209188417 1541.84430152
280.804428252 1541.84430152
281.399668086 1541.84430152
281.994907921 1541.84430152
282.590147755 1541.84430152
283.18538759 1541.84430152
283.780627424 1541.84430152
284.375867259 1541.84430152
284.971107093 1541.84430152
285.566346928 1541.84430152
286.161586762 1541.84430152
286.756826597 1541.84430152
287.352066431 1541.84430152
287.947306266 1541.84430152
288.5425461 1541.84430152
289.137785935 1541.84430152
289.733025769 1541.84430152
290.328265603 1541.84430152
290.923505438 1541.84430152
291.518745272 1541.84430152
292.113985107 1541.84430152
292.709224941 1541.84430152
293.304464776 1541.84430152
293.89970461 1541.84430152
294.494944445 1541.84430152
295.090184279 1541.84430152
295.685424114 1541.84430152
296.280663948 1541.84430152
296.875903783 1541.84430152
297.471143617 1541.84430152
298.066383452 1541.84430152
298.661623286 1541.84430152
299.256863121 1541.84430152
299.852102955 1541.84430152
300.44734279 1541.84430152
301.042582624 1541.84430152
301.637822458 1541.84430152
302.233062293 1541.84430152
302.828302127 1541.84430152
303.423541962 1541.84430152
304.018781796 1541.84430152
304.614021631 1541.84430152
305.209261465 2383.91541139
305.8045013 2383.91541139
306.399741134 2383.91541139
306.994980969 2383.91541139
307.590220803 2383.91541139
308.185460638 2383.91541139
308.780700472 2383.91541139
309.375940307 2383.91541139
309.971180141 2383.91541139
310.566419976 2383.91541139
311.16165981 2383.91541139
311.756899644 2383.91541139
312.352139479 2383.91541139
312.947379313 2383.91541139
313.542619148 2383.91541139
314.137858982 2383.91541139
314.733098817 2383.91541139
315.328338651 2383.91541139
315.923578486 2383.91541139
316.51881832 2383.91541139
317.114058155 2383.91541139
317.709297989 2383.91541139
318.304537824 2383.91541139
318.899777658 2383.91541139
319.495017493 2383.91541139
320.090257327 2383.91541139
320.685497162 2383.91541139
321.280736996 2383.91541139
321.875976831 2383.91541139
322.471216665 2383.91541139
323.066456499 2383.91541139
323.661696334 2383.91541139
324.256936168 2383.91541139
324.852176003 2383.91541139
325.447415837 2383.91541139
326.042655672 2383.91541139
326.637895506 2383.91541139
327.233135341 2383.91541139
327.828375175 2383.91541139
328.42361501 2383.91541139
329.018854844 2383.91541139
329.614094679 2383.91541139
330.209334513 2383.91541139
330.804574348 2383.91541139
331.399814182 2383.91541139
331.995054017 2383.91541139
332.590293851 2383.91541139
333.185533685 2383.91541139
333.78077352 2383.91541139
334.376013354 2383.91541139
334.971253189 2383.91541139
335.566493023 2383.91541139
336.161732858 2383.91541139
336.756972692 2383.91541139
337.352212527 2383.91541139
337.947452361 2383.91541139
338.542692196 2383.91541139
339.13793203 2383.91541139
339.733171865 2383.91541139
340.328411699 2383.91541139
340.923651534 2383.91541139
341.518891368 2383.91541139
342.114131203 2383.91541139
342.709371037 2383.91541139
343.304610872 2383.91541139
343.899850706 2383.91541139
344.49509054 2383.91541139
345.090330375 2383.91541139
345.685570209 2383.91541139
346.280810044 2383.91541139
346.876049878 2383.91541139
347.471289713 2383.91541139
348.066529547 2383.91541139
348.661769382 2383.91541139
349.257009216 2383.91541139
349.852249051 2383.91541139
350.447488885 2383.91541139
351.04272872 2383.91541139
351.637968554 2383.91541139
352.233208389 2383.91541139
352.828448223 2383.91541139
353.423688058 2383.91541139
354.018927892 2383.91541139
354.614167727 2383.91541139
355.209407561 2383.91541139
355.804647395 2383.91541139
356.39988723 2383.91541139
356.995127064 2383.91541139
357.590366899 2383.91541139
358.185606733 2383.91541139
358.780846568 2383.91541139
359.376086402 2383.91541139
359.971326237 2383.91541139
360.566566071 2383.91541139
361.161805906 2383.91541139
361.75704574 2383.91541139
362.352285575 2383.91541139
362.947525409 2383.91541139
363.542765244 2383.91541139
364.138005078 2383.91541139
364.733244913 2383.91541139
365.328484747 2383.91541139
365.923724581 2383.91541139
366.518964416 2383.91541139
367.11420425 2383.91541139
367.709444085 2383.91541139
368.304683919 2383.91541139
368.899923754 2383.91541139
369.495163588 2383.91541139
370.090403423 2383.91541139
370.685643257 2383.91541139
371.280883092 2383.91541139
371.876122926 2383.91541139
372.471362761 2383.91541139
373.066602595 2383.91541139
373.66184243 2383.91541139
374.257082264 2383.91541139
374.852322099 2383.91541139
375.447561933 2383.91541139
376.042801768 2383.91541139
376.638041602 2383.91541139
377.233281436 2383.91541139
377.828521271 2383.91541139
378.423761105 2383.91541139
379.01900094 2383.91541139
379.614240774 2383.91541139
380.209480609 2383.91541139
380.804720443 2383.91541139
381.399960278 2383.91541139
381.995200112 2383.91541139
382.590439947 2383.91541139
383.185679781 2383.91541139
383.780919616 2383.91541139
384.37615945 2383.91541139
384.971399285 2383.91541139
385.566639119 2383.91541139
386.161878954 2383.91541139
386.757118788 2383.91541139
387.352358623 2383.91541139
387.947598457 2383.91541139
388.542838291 2383.91541139
389.138078126 2383.91541139
389.73331796 2383.91541139
390.328557795 2383.91541139
390.923797629 2383.91541139
391.519037464 2383.91541139
392.114277298 2383.91541139
392.709517133 2383.91541139
393.304756967 2383.91541139
393.899996802 2383.91541139
394.495236636 2383.91541139
395.090476471 2383.91541139
395.685716305 2383.91541139
396.28095614 2383.91541139
396.876195974 2383.91541139
397.471435809 2383.91541139
398.066675643 2383.91541139
398.661915477 2383.91541139
399.257155312 2383.91541139
399.852395146 2383.91541139
400.447634981 2383.91541139
401.042874815 2383.91541139
401.63811465 2383.91541139
402.233354484 2383.91541139
402.828594319 2383.91541139
403.423834153 2383.91541139
404.019073988 2383.91541139
404.614313822 2383.91541139
405.209553657 2383.91541139
405.804793491 2383.91541139
406.400033326 2383.91541139
406.99527316 2383.91541139
407.590512995 2383.91541139
408.185752829 2383.91541139
408.780992664 2383.91541139
409.376232498 2383.91541139
409.971472332 2383.91541139
410.566712167 2383.91541139
411.161952001 2383.91541139
411.757191836 2383.91541139
412.35243167 2383.91541139
412.947671505 2383.91541139
413.542911339 2383.91541139
414.138151174 2383.91541139
414.733391008 2383.91541139
415.328630843 2383.91541139
415.923870677 2383.91541139
416.519110512 2383.91541139
417.114350346 2383.91541139
417.709590181 2383.91541139
418.304830015 2383.91541139
418.90006985 2383.91541139
419.495309684 2383.91541139
420.090549519 2383.91541139
420.685789353 2383.91541139
421.281029187 2383.91541139
421.876269022 2383.91541139
422.471508856 2383.91541139
423.066748691 2383.91541139
423.661988525 2383.91541139
424.25722836 2383.91541139
424.852468194 2383.91541139
425.447708029 2383.91541139
426.042947863 2383.91541139
426.638187698 2383.91541139
427.233427532 2383.91541139
427.828667367 2383.91541139
428.423907201 2383.91541139
429.019147036 2383.91541139
429.61438687 2383.91541139
430.209626705 2383.91541139
430.804866539 2383.91541139
431.400106373 2383.91541139
431.995346208 2383.91541139
432.590586042 2383.91541139
433.185825877 2383.91541139
433.781065711 2383.91541139
434.376305546 2383.91541139
434.97154538 2383.91541139
435.566785215 2383.91541139
436.162025049 2383.91541139
436.757264884 2383.91541139
437.352504718 2383.91541139
437.947744553 2383.91541139
438.542984387 2383.91541139
439.138224222 2383.91541139
439.733464056 2383.91541139
440.328703891 2383.91541139
440.923943725 2383.91541139
441.51918356 2383.91541139
442.114423394 2383.91541139
442.709663228 2383.91541139
443.304903063 2383.91541139
443.900142897 2383.91541139
444.495382732 2383.91541139
445.090622566 2383.91541139
445.685862401 2383.91541139
446.281102235 2383.91541139
446.87634207 2383.91541139
447.471581904 2383.91541139
448.066821739 2383.91541139
448.662061573 2383.91541139
449.257301408 2383.91541139
449.852541242 2383.91541139
450.447781077 2383.91541139
451.043020911 2383.91541139
451.638260746 2383.91541139
452.23350058 2383.91541139
452.828740415 2383.91541139
453.423980249 2383.91541139
454.019220083 2383.91541139
454.614459918 2383.91541139
455.209699752 2383.91541139
455.804939587 2383.91541139
456.400179421 2383.91541139
456.995419256 2383.91541139
457.59065909 2207.24703327
458.185898925 2207.24703327
458.781138759 2207.24703327
459.376378594 2207.24703327
459.971618428 2207.24703327
460.566858263 2207.24703327
461.162098097 2207.24703327
461.757337932 2207.24703327
462.352577766 2207.24703327
462.947817601 2207.24703327
463.543057435 2207.24703327
464.138297269 2207.24703327
464.733537104 2207.24703327
465.328776938 2207.24703327
465.924016773 2207.24703327
466.519256607 2207.24703327
467.114496442 2207.24703327
467.709736276 2207.24703327
468.304976111 2207.24703327
468.900215945 2207.24703327
469.49545578 2207.24703327
470.090695614 2207.24703327
470.685935449 2207.24703327
471.281175283 2207.24703327
471.876415118 2207.24703327
472.471654952 2207.24703327
473.066894787 2207.24703327
473.662134621 2207.24703327
474.257374456 2207.24703327
474.85261429 2207.24703327
475.447854124 2207.24703327
476.043093959 2207.24703327
476.638333793 2207.24703327
477.233573628 2207.24703327
477.828813462 2207.24703327
478.424053297 2207.24703327
479.019293131 2207.24703327
479.614532966 2207.24703327
480.2097728 2207.24703327
480.805012635 2207.24703327
481.400252469 2207.24703327
481.995492304 2207.24703327
482.590732138 2207.24703327
483.185971973 2207.24703327
483.781211807 2207.24703327
484.376451642 2207.24703327
484.971691476 2207.24703327
485.56693131 2207.24703327
486.162171145 2207.24703327
486.757410979 2207.24703327
487.352650814 2207.24703327
487.947890648 2207.24703327
488.543130483 2207.24703327
489.138370317 2207.24703327
489.733610152 2207.24703327
490.328849986 2207.24703327
490.924089821 2207.24703327
491.519329655 2207.24703327
492.11456949 2207.24703327
492.709809324 2207.24703327
493.305049159 2207.24703327
493.900288993 2207.24703327
494.495528828 2207.24703327
495.090768662 2207.24703327
495.686008497 2207.24703327
496.281248331 2207.24703327
496.876488165 2207.24703327
497.471728 2207.24703327
498.066967834 2207.24703327
498.662207669 2207.24703327
499.257447503 2207.24703327
499.852687338 2207.24703327
500.447927172 2207.24703327
501.043167007 2207.24703327
501.638406841 2207.24703327
502.233646676 2207.24703327
502.82888651 2207.24703327
503.424126345 2207.24703327
504.019366179 2207.24703327
504.614606014 2207.24703327
505.209845848 2207.24703327
505.805085683 2207.24703327
506.400325517 2207.24703327
506.995565352 2207.24703327
507.590805186 2207.24703327
508.18604502 2207.24703327
508.781284855 2207.24703327
509.376524689 2207.24703327
509.971764524 2207.24703327
510.567004358 2207.24703327
511.162244193 2207.24703327
511.757484027 2207.24703327
512.352723862 2207.24703327
512.947963696 2207.24703327
513.543203531 2207.24703327
514.138443365 2207.24703327
514.7336832 2207.24703327
515.328923034 2207.24703327
515.924162869 2207.24703327
516.519402703 2207.24703327
517.114642538 2207.24703327
517.709882372 2207.24703327
518.305122206 2207.24703327
518.900362041 2207.24703327
519.495601875 2207.24703327
520.09084171 2207.24703327
520.686081544 2207.24703327
521.281321379 2207.24703327
521.876561213 2207.24703327
522.471801048 2207.24703327
523.067040882 2207.24703327
523.662280717 2207.24703327
524.257520551 2207.24703327
524.852760386 2207.24703327
525.44800022 2207.24703327
526.043240055 2207.24703327
526.638479889 2207.24703327
527.233719724 2207.24703327
527.828959558 2207.24703327
528.424199393 2207.24703327
529.019439227 2207.24703327
529.614679061 2207.24703327
530.209918896 2207.24703327
530.80515873 2207.24703327
531.400398565 2207.24703327
531.995638399 2207.24703327
532.590878234 2207.24703327
533.186118068 2207.24703327
533.781357903 2560.58378951
534.376597737 2560.58378951
534.971837572 2560.58378951
535.567077406 2560.58378951
536.162317241 2560.58378951
536.757557075 2560.58378951
537.35279691 2560.58378951
537.948036744 2560.58378951
538.543276579 2560.58378951
539.138516413 2560.58378951
539.733756248 2560.58378951
540.328996082 2560.58378951
540.924235916 2560.58378951
541.519475751 2560.58378951
542.114715585 2560.58378951
542.70995542 2560.58378951
543.305195254 2560.58378951
543.900435089 2560.58378951
544.495674923 2560.58378951
545.090914758 2560.58378951
545.686154592 2560.58378951
546.281394427 2560.58378951
546.876634261 2560.58378951
547.471874096 2560.58378951
548.06711393 2560.58378951
548.662353765 2560.58378951
549.257593599 2560.58378951
549.852833434 2560.58378951
550.448073268 2560.58378951
551.043313102 2560.58378951
551.638552937 2560.58378951
552.233792771 2560.58378951
552.829032606 2560.58378951
553.42427244 2560.58378951
554.019512275 2560.58378951
554.614752109 2560.58378951
555.209991944 2560.58378951
555.805231778 2560.58378951
556.400471613 2560.58378951
556.995711447 2560.58378951
557.590951282 2560.58378951
558.186191116 2560.58378951
558.781430951 2560.58378951
559.376670785 2560.58378951
559.97191062 2560.58378951
560.567150454 2560.58378951
561.162390289 2560.58378951
561.757630123 2560.58378951
562.352869957 2560.58378951
562.948109792 2560.58378951
563.543349626 2560.58378951
564.138589461 2560.58378951
564.733829295 2560.58378951
565.32906913 2560.58378951
565.924308964 2560.58378951
566.519548799 2560.58378951
567.114788633 2560.58378951
567.710028468 2560.58378951
568.305268302 2560.58378951
568.900508137 2560.58378951
569.495747971 2560.58378951
570.090987806 2560.58378951
570.68622764 2560.58378951
571.281467475 2560.58378951
571.876707309 2560.58378951
572.471947144 2560.58378951
573.067186978 2560.58378951
573.662426812 2560.58378951
574.257666647 2560.58378951
574.852906481 2560.58378951
575.448146316 2560.58378951
576.04338615 2560.58378951
576.638625985 2560.58378951
577.233865819 2560.58378951
577.829105654 2560.58378951
578.424345488 2560.58378951
579.019585323 2560.58378951
579.614825157 2560.58378951
580.210064992 2560.58378951
580.805304826 2560.58378951
581.400544661 2560.58378951
581.995784495 2560.58378951
582.59102433 2560.58378951
583.186264164 2560.58378951
583.781503998 2560.58378951
584.376743833 2560.58378951
584.971983667 2560.58378951
585.567223502 2560.58378951
586.162463336 2560.58378951
586.757703171 2560.58378951
587.352943005 2560.58378951
587.94818284 2560.58378951
588.543422674 2560.58378951
589.138662509 2560.58378951
589.733902343 2560.58378951
590.329142178 2560.58378951
590.924382012 2560.58378951
591.519621847 2560.58378951
592.114861681 2560.58378951
592.710101516 2560.58378951
593.30534135 2560.58378951
593.900581185 2560.58378951
594.495821019 2560.58378951
595.091060853 2560.58378951
595.686300688 2560.58378951
596.281540522 2560.58378951
596.876780357 2560.58378951
597.472020191 2560.58378951
598.067260026 2560.58378951
598.66249986 2560.58378951
599.257739695 2560.58378951
599.852979529 2560.58378951
600.448219364 2560.58378951
601.043459198 2560.58378951
601.638699033 2560.58378951
602.233938867 2560.58378951
602.829178702 2560.58378951
603.424418536 2560.58378951
604.019658371 2560.58378951
604.614898205 2560.58378951
605.21013804 2560.58378951
605.805377874 2560.58378951
606.400617708 2560.58378951
606.995857543 2560.58378951
607.591097377 2560.58378951
608.186337212 2560.58378951
608.781577046 2560.58378951
609.376816881 2560.58378951
609.972056715 2326.00262932
610.56729655 2326.00262932
611.162536384 2326.00262932
611.757776219 2326.00262932
612.353016053 2326.00262932
612.948255888 2326.00262932
613.543495722 2326.00262932
614.138735557 2326.00262932
614.733975391 2326.00262932
615.329215226 2326.00262932
615.92445506 2326.00262932
616.519694894 2326.00262932
617.114934729 2326.00262932
617.710174563 2326.00262932
618.305414398 2326.00262932
618.900654232 2326.00262932
619.495894067 2326.00262932
620.091133901 2326.00262932
620.686373736 2326.00262932
621.28161357 2326.00262932
621.876853405 2326.00262932
622.472093239 2326.00262932
623.067333074 2326.00262932
623.662572908 2326.00262932
624.257812743 2326.00262932
624.853052577 2326.00262932
625.448292412 2326.00262932
626.043532246 2326.00262932
626.638772081 2326.00262932
627.234011915 2326.00262932
627.829251749 2326.00262932
628.424491584 2326.00262932
629.019731418 2326.00262932
629.614971253 2326.00262932
630.210211087 2326.00262932
630.805450922 2326.00262932
631.400690756 2326.00262932
631.995930591 2326.00262932
632.591170425 2326.00262932
633.18641026 2326.00262932
633.781650094 2326.00262932
634.376889929 2326.00262932
634.972129763 2326.00262932
635.567369598 2326.00262932
636.162609432 2326.00262932
636.757849267 2326.00262932
637.353089101 2326.00262932
637.948328935 2326.00262932
638.54356877 1445.62234281
639.138808604 1445.62234281
639.734048439 1445.62234281
640.329288273 1445.62234281
640.924528108 1445.62234281
641.519767942 1445.62234281
642.115007777 1445.62234281
642.710247611 1445.62234281
643.305487446 3206.38291584
643.90072728 3206.38291584
644.495967115 3206.38291584
645.091206949 3206.38291584
645.686446784 3206.38291584
646.281686618 3206.38291584
646.876926453 3206.38291584
647.472166287 3206.38291584
648.067406122 2326.00262932
648.662645956 2326.00262932
649.25788579 2326.00262932
649.853125625 2326.00262932
650.448365459 2326.00262932
651.043605294 2326.00262932
651.638845128 2326.00262932
652.234084963 2326.00262932
652.829324797 2326.00262932
653.424564632 2326.00262932
654.019804466 2326.00262932
654.615044301 2326.00262932
655.210284135 2326.00262932
655.80552397 2326.00262932
656.400763804 2326.00262932
656.996003639 2326.00262932
657.591243473 2326.00262932
658.186483308 2326.00262932
658.781723142 2326.00262932
659.376962977 2326.00262932
659.972202811 2326.00262932
660.567442645 2326.00262932
661.16268248 2326.00262932
661.757922314 2326.00262932
662.353162149 2326.00262932
662.948401983 2326.00262932
663.543641818 2326.00262932
664.138881652 2326.00262932
664.734121487 2326.00262932
665.329361321 2326.00262932
665.924601156 2326.00262932
666.51984099 2326.00262932
667.115080825 2326.00262932
667.710320659 2326.00262932
668.305560494 2326.00262932
668.900800328 2326.00262932
669.496040163 2326.00262932
670.091279997 2326.00262932
670.686519831 2326.00262932
671.281759666 2326.00262932
671.8769995 2326.00262932
672.472239335 2326.00262932
673.067479169 2326.00262932
673.662719004 2326.00262932
674.257958838 2326.00262932
674.853198673 2326.00262932
675.448438507 2326.00262932
676.043678342 2326.00262932
676.638918176 2326.00262932
677.234158011 2326.00262932
677.829397845 2326.00262932
678.42463768 2326.00262932
679.019877514 2326.00262932
679.615117349 2326.00262932
680.210357183 2326.00262932
680.805597018 2326.00262932
681.400836852 2326.00262932
681.996076686 2326.00262932
682.591316521 2326.00262932
683.186556355 2326.00262932
683.78179619 2326.00262932
684.377036024 2326.00262932
684.972275859 2326.00262932
685.567515693 2326.00262932
686.162755528 2928.20774141
686.757995362 2928.20774141
687.353235197 2928.20774141
687.948475031 2928.20774141
688.543714866 2928.20774141
689.1389547 2928.20774141
689.734194535 2928.20774141
690.329434369 2928.20774141
690.924674204 2928.20774141
691.519914038 2928.20774141
692.115153873 2928.20774141
692.710393707 2928.20774141
693.305633541 2928.20774141
693.900873376 2928.20774141
694.49611321 2928.20774141
695.091353045 2928.20774141
695.686592879 2928.20774141
696.281832714 2928.20774141
696.877072548 2928.20774141
697.472312383 2928.20774141
698.067552217 2928.20774141
698.662792052 2928.20774141
699.258031886 2928.20774141
699.853271721 2928.20774141
700.448511555 2928.20774141
701.04375139 2928.20774141
701.638991224 2928.20774141
702.234231059 2928.20774141
702.829470893 2928.20774141
703.424710727 2928.20774141
704.019950562 2928.20774141
704.615190396 2928.20774141
705.210430231 2207.21432987
705.805670065 2207.21432987
706.4009099 2207.21432987
706.996149734 2207.21432987
707.591389569 2207.21432987
708.186629403 2207.21432987
708.781869238 2207.21432987
709.377109072 2207.21432987
709.972348907 2207.21432987
710.567588741 2207.21432987
711.162828576 2207.21432987
711.75806841 2207.21432987
712.353308245 2207.21432987
712.948548079 2207.21432987
713.543787914 2207.21432987
714.139027748 2207.21432987
714.734267582 2207.21432987
715.329507417 2207.21432987
715.924747251 2207.21432987
716.519987086 2207.21432987
717.11522692 2207.21432987
717.710466755 2207.21432987
718.305706589 2207.21432987
718.900946424 2207.21432987
719.496186258 2207.21432987
720.091426093 2207.21432987
720.686665927 2207.21432987
721.281905762 2207.21432987
721.877145596 2207.21432987
722.472385431 2207.21432987
723.067625265 2207.21432987
723.6628651 2207.21432987
724.258104934 2084.294223
724.853344769 2084.294223
725.448584603 2084.294223
726.043824437 2084.294223
726.639064272 2084.294223
727.234304106 2084.294223
727.829543941 2084.294223
728.424783775 2084.294223
729.02002361 2084.294223
729.615263444 2084.294223
730.210503279 2084.294223
730.805743113 2084.294223
731.400982948 2084.294223
731.996222782 2084.294223
732.591462617 2084.294223
733.186702451 2084.294223
733.781942286 2084.294223
734.37718212 2084.294223
734.972421955 2084.294223
735.567661789 2084.294223
736.162901623 2084.294223
736.758141458 2084.294223
737.353381292 2084.294223
737.948621127 2084.294223
738.543860961 2084.294223
739.139100796 2084.294223
739.73434063 2084.294223
740.329580465 2084.294223
740.924820299 2084.294223
741.520060134 2084.294223
742.115299968 2084.294223
742.710539803 2084.294223
743.305779637 2084.294223
743.901019472 2084.294223
744.496259306 2084.294223
745.091499141 2084.294223
745.686738975 2084.294223
746.28197881 2084.294223
746.877218644 2084.294223
747.472458478 2084.294223
748.067698313 2084.294223
748.662938147 2084.294223
749.258177982 2084.294223
749.853417816 2084.294223
750.448657651 2084.294223
751.043897485 2084.294223
751.63913732 2084.294223
752.234377154 2084.294223
752.829616989 2084.294223
753.424856823 2084.294223
754.020096658 2084.294223
754.615336492 2084.294223
755.210576327 2084.294223
755.805816161 2084.294223
756.401055996 2084.294223
756.99629583 2084.294223
757.591535665 2084.294223
758.186775499 2084.294223
758.782015333 2084.294223
759.377255168 2084.294223
759.972495002 2084.294223
760.567734837 2084.294223
761.162974671 2084.294223
761.758214506 2084.294223
762.35345434 2127.2079214
762.948694175 2127.2079214
763.543934009 2127.2079214
764.139173844 2127.2079214
764.734413678 2127.2079214
765.329653513 2127.2079214
765.924893347 2127.2079214
766.520133182 2127.2079214
767.115373016 2127.2079214
767.710612851 2127.2079214
768.305852685 2127.2079214
768.901092519 2127.2079214
769.496332354 2127.2079214
770.091572188 2127.2079214
770.686812023 2127.2079214
771.282051857 2127.2079214
771.877291692 2127.2079214
772.472531526 2127.2079214
773.067771361 2127.2079214
773.663011195 2127.2079214
774.25825103 2127.2079214
774.853490864 2127.2079214
775.448730699 2127.2079214
776.043970533 2127.2079214
776.639210368 2127.2079214
777.234450202 2127.2079214
777.829690037 2127.2079214
778.424929871 2127.2079214
779.020169706 2127.2079214
779.61540954 2127.2079214
780.210649374 2127.2079214
780.805889209 2127.2079214
781.401129043 2127.2079214
781.996368878 2127.2079214
782.591608712 2127.2079214
783.186848547 2127.2079214
783.782088381 2127.2079214
784.377328216 2127.2079214
784.97256805 2127.2079214
785.567807885 2127.2079214
786.163047719 2127.2079214
786.758287554 2127.2079214
787.353527388 2127.2079214
787.948767223 2127.2079214
788.544007057 2127.2079214
789.139246892 2127.2079214
789.734486726 2127.2079214
790.32972656 2127.2079214
790.924966395 2127.2079214
791.520206229 2127.2079214
792.115446064 2127.2079214
792.710685898 2127.2079214
793.305925733 2127.2079214
793.901165567 2127.2079214
794.496405402 2127.2079214
795.091645236 2127.2079214
795.686885071 2127.2079214
796.282124905 2127.2079214
796.87736474 2127.2079214
797.472604574 2127.2079214
798.067844409 2127.2079214
798.663084243 2127.2079214
799.258324078 2127.2079214
799.853563912 2127.2079214
800.448803747 2815.97559575
801.044043581 2815.97559575
801.639283415 2815.97559575
802.23452325 2815.97559575
802.829763084 2815.97559575
803.425002919 2815.97559575
804.020242753 2815.97559575
804.615482588 2815.97559575
805.210722422 2815.97559575
805.805962257 2815.97559575
806.401202091 2815.97559575
806.996441926 2815.97559575
807.59168176 2815.97559575
808.186921595 2815.97559575
808.782161429 2815.97559575
809.377401264 2815.97559575
809.972641098 2815.97559575
810.567880933 2815.97559575
811.163120767 2815.97559575
811.758360602 2815.97559575
812.353600436 2815.97559575
812.94884027 2815.97559575
813.544080105 2815.97559575
814.139319939 2815.97559575
814.734559774 2815.97559575
815.329799608 2815.97559575
815.925039443 2815.97559575
816.520279277 2815.97559575
817.115519112 2815.97559575
817.710758946 2815.97559575
818.305998781 2815.97559575
818.901238615 2815.97559575
819.49647845 2815.97559575
820.091718284 2815.97559575
820.686958119 2815.97559575
821.282197953 2815.97559575
821.877437788 2815.97559575
822.472677622 2815.97559575
823.067917456 2815.97559575
823.663157291 2815.97559575
824.258397125 2815.97559575
824.85363696 2815.97559575
825.448876794 2815.97559575
826.044116629 2815.97559575
826.639356463 2815.97559575
827.234596298 2815.97559575
827.829836132 2815.97559575
828.425075967 2815.97559575
829.020315801 2815.97559575
829.615555636 2815.97559575
830.21079547 2815.97559575
830.806035305 2815.97559575
831.401275139 2815.97559575
831.996514974 2815.97559575
832.591754808 2815.97559575
833.186994643 2815.97559575
833.782234477 2815.97559575
834.377474311 2815.97559575
834.972714146 2815.97559575
835.56795398 2815.97559575
836.163193815 2815.97559575
836.758433649 2815.97559575
837.353673484 2815.97559575
837.948913318 2815.97559575
838.544153153 2180.41350007
839.139392987 2180.41350007
839.734632822 2180.41350007
840.329872656 2180.41350007
840.925112491 2180.41350007
841.520352325 2180.41350007
842.11559216 2180.41350007
842.710831994 2180.41350007
843.306071829 2180.41350007
843.901311663 2180.41350007
844.496551498 2180.41350007
845.091791332 2180.41350007
845.687031166 2180.41350007
846.282271001 2180.41350007
846.877510835 2180.41350007
847.47275067 2180.41350007
848.067990504 2180.41350007
848.663230339 2180.41350007
849.258470173 2180.41350007
849.853710008 2180.41350007
850.448949842 2180.41350007
851.044189677 2180.41350007
851.639429511 2180.41350007
852.234669346 2180.41350007
852.82990918 2180.41350007
853.425149015 2180.41350007
854.020388849 2180.41350007
854.615628684 2180.41350007
855.210868518 2180.41350007
855.806108352 2180.41350007
856.401348187 2180.41350007
856.996588021 2180.41350007
857.591827856 2180.41350007
858.18706769 2180.41350007
858.782307525 2180.41350007
859.377547359 2180.41350007
859.972787194 2180.41350007
860.568027028 2180.41350007
861.163266863 2180.41350007
861.758506697 2180.41350007
862.353746532 2180.41350007
862.948986366 2180.41350007
863.544226201 2180.41350007
864.139466035 2180.41350007
864.73470587 2180.41350007
865.329945704 2180.41350007
865.925185539 2180.41350007
866.520425373 2180.41350007
867.115665207 2180.41350007
867.710905042 2180.41350007
868.306144876 2180.41350007
868.901384711 2180.41350007
869.496624545 2180.41350007
870.09186438 2180.41350007
870.687104214 2180.41350007
871.282344049 2180.41350007
871.877583883 2180.41350007
872.472823718 2180.41350007
873.068063552 2180.41350007
873.663303387 2180.41350007
874.258543221 2180.41350007
874.853783056 2180.41350007
875.44902289 2180.41350007
876.044262725 2180.41350007
876.639502559 2180.41350007
877.234742394 2180.41350007
877.829982228 2180.41350007
878.425222062 2180.41350007
879.020461897 2180.41350007
879.615701731 2180.41350007
880.210941566 2180.41350007
880.8061814 2180.41350007
881.401421235 2180.41350007
881.996661069 2180.41350007
882.591900904 2180.41350007
883.187140738 2180.41350007
883.782380573 2180.41350007
884.377620407 2180.41350007
884.972860242 2180.41350007
885.568100076 2180.41350007
886.163339911 2180.41350007
886.758579745 2180.41350007
887.35381958 2180.41350007
887.949059414 2180.41350007
888.544299248 2180.41350007
889.139539083 2180.41350007
889.734778917 2180.41350007
890.330018752 2180.41350007
890.925258586 2180.41350007
891.520498421 2180.41350007
892.115738255 2180.41350007
892.71097809 2180.41350007
893.306217924 2180.41350007
893.901457759 2180.41350007
894.496697593 2180.41350007
895.091937428 2180.41350007
895.687177262 2180.41350007
896.282417097 2180.41350007
896.877656931 2180.41350007
897.472896766 2180.41350007
898.0681366 2180.41350007
898.663376435 2180.41350007
899.258616269 2180.41350007
899.853856103 2180.41350007
900.449095938 2180.41350007
901.044335772 2180.41350007
901.639575607 2180.41350007
902.234815441 2180.41350007
902.830055276 2180.41350007
903.42529511 2180.41350007
904.020534945 2180.41350007
904.615774779 2180.41350007
905.211014614 2180.41350007
905.806254448 2180.41350007
906.401494283 2180.41350007
906.996734117 2180.41350007
907.591973952 2180.41350007
908.187213786 2180.41350007
908.782453621 2180.41350007
909.377693455 2180.41350007
909.97293329 2180.41350007
910.568173124 2180.41350007
911.163412958 2180.41350007
911.758652793 2180.41350007
912.353892627 2180.41350007
912.949132462 2180.41350007
913.544372296 2180.41350007
914.139612131 2180.41350007
914.734851965 3198.88671506
915.3300918 3198.88671506
915.925331634 3198.88671506
916.520571469 3198.88671506
917.115811303 3198.88671506
917.711051138 3198.88671506
918.306290972 3198.88671506
918.901530807 3198.88671506
919.496770641 3198.88671506
920.092010476 3198.88671506
920.68725031 3198.88671506
921.282490144 3198.88671506
921.877729979 3198.88671506
922.472969813 3198.88671506
923.068209648 3198.88671506
923.663449482 3198.88671506
924.258689317 3198.88671506
924.853929151 3198.88671506
925.449168986 3198.88671506
926.04440882 3198.88671506
926.639648655 3198.88671506
927.234888489 3198.88671506
927.830128324 3198.88671506
928.425368158 3198.88671506
929.020607993 3198.88671506
929.615847827 3198.88671506
930.211087662 3198.88671506
930.806327496 3198.88671506
931.401567331 3198.88671506
931.996807165 3198.88671506
932.592046999 3198.88671506
933.187286834 3198.88671506
933.782526668 3198.88671506
934.377766503 3198.88671506
934.973006337 3198.88671506
935.568246172 3198.88671506
936.163486006 3198.88671506
936.758725841 3198.88671506
937.353965675 3198.88671506
937.94920551 3198.88671506
938.544445344 3198.88671506
939.139685179 3198.88671506
939.734925013 3198.88671506
940.330164848 3198.88671506
940.925404682 3198.88671506
941.520644517 3198.88671506
942.115884351 3198.88671506
942.711124185 3198.88671506
943.30636402 3198.88671506
943.901603854 3198.88671506
944.496843689 3198.88671506
945.092083523 3198.88671506
945.687323358 3198.88671506
946.282563192 3198.88671506
946.877803027 3198.88671506
947.473042861 3198.88671506
948.068282696 3198.88671506
948.66352253 3198.88671506
949.258762365 3198.88671506
949.854002199 3198.88671506
950.449242034 3198.88671506
951.044481868 3198.88671506
951.639721703 3198.88671506
952.234961537 3198.88671506
952.830201372 3198.88671506
953.425441206 3198.88671506
954.02068104 3198.88671506
954.615920875 3198.88671506
955.211160709 3198.88671506
955.806400544 3198.88671506
956.401640378 3198.88671506
956.996880213 3198.88671506
957.592120047 3198.88671506
958.187359882 3198.88671506
958.782599716 3198.88671506
959.377839551 3198.88671506
959.973079385 3198.88671506
960.56831922 3198.88671506
961.163559054 3198.88671506
961.758798889 3198.88671506
962.354038723 3198.88671506
962.949278558 3198.88671506
963.544518392 3198.88671506
964.139758227 3198.88671506
964.734998061 3198.88671506
965.330237895 3198.88671506
965.92547773 3198.88671506
966.520717564 3198.88671506
967.115957399 3198.88671506
967.711197233 3198.88671506
968.306437068 3198.88671506
968.901676902 3198.88671506
969.496916737 3198.88671506
970.092156571 3198.88671506
970.687396406 3198.88671506
971.28263624 3198.88671506
971.877876075 3198.88671506
972.473115909 3198.88671506
973.068355744 3198.88671506
973.663595578 3198.88671506
974.258835413 3198.88671506
974.854075247 3198.88671506
975.449315081 3198.88671506
976.044554916 3198.88671506
976.63979475 3198.88671506
977.235034585 3198.88671506
977.830274419 3198.88671506
978.425514254 3198.88671506
979.020754088 3198.88671506
979.615993923 3198.88671506
980.211233757 3198.88671506
980.806473592 3198.88671506
981.401713426 3198.88671506
981.996953261 3198.88671506
982.592193095 3198.88671506
983.18743293 3198.88671506
983.782672764 3198.88671506
984.377912599 3198.88671506
984.973152433 3198.88671506
985.568392268 3198.88671506
986.163632102 3198.88671506
986.758871936 3198.88671506
987.354111771 3198.88671506
987.949351605 3198.88671506
988.54459144 3198.88671506
989.139831274 3198.88671506
989.735071109 3198.88671506
990.330310943 3198.88671506
990.925550778 3198.88671506
991.520790612 3198.88671506
992.116030447 3198.88671506
992.711270281 3198.88671506
993.306510116 3198.88671506
993.90174995 3198.88671506
994.496989785 3198.88671506
995.092229619 3198.88671506
995.687469454 3198.88671506
996.282709288 3198.88671506
996.877949123 3198.88671506
997.473188957 3198.88671506
998.068428791 3198.88671506
998.663668626 3198.88671506
999.25890846 3198.88671506
999.854148295 3198.88671506
1000.44938813 3198.88671506
1001.04462796 3198.88671506
1001.6398678 3198.88671506
1002.23510763 3198.88671506
1002.83034747 3198.88671506
1003.4255873 3198.88671506
1004.02082714 3198.88671506
1004.61606697 3198.88671506
1005.21130681 3198.88671506
1005.80654664 3198.88671506
1006.40178647 3198.88671506
1006.99702631 3198.88671506
1007.59226614 3198.88671506
1008.18750598 3198.88671506
1008.78274581 3198.88671506
1009.37798565 3198.88671506
1009.97322548 3198.88671506
1010.56846532 3198.88671506
1011.16370515 3198.88671506
1011.75894498 3198.88671506
1012.35418482 3198.88671506
1012.94942465 3198.88671506
1013.54466449 3198.88671506
1014.13990432 3198.88671506
1014.73514416 3198.88671506
1015.33038399 3198.88671506
1015.92562383 3198.88671506
1016.52086366 3198.88671506
1017.11610349 3198.88671506
1017.71134333 3198.88671506
1018.30658316 3198.88671506
1018.901823 3198.88671506
1019.49706283 3198.88671506
1020.09230267 3198.88671506
1020.6875425 3198.88671506
1021.28278234 3198.88671506
1021.87802217 3198.88671506
1022.473262 3198.88671506
1023.06850184 3198.88671506
1023.66374167 3198.88671506
1024.25898151 3198.88671506
1024.85422134 3198.88671506
1025.44946118 3198.88671506
1026.04470101 3198.88671506
1026.63994085 3198.88671506
1027.23518068 3198.88671506
1027.83042052 3198.88671506
1028.42566035 3198.88671506
1029.02090018 3198.88671506
1029.61614002 3198.88671506
1030.21137985 3198.88671506
1030.80661969 3198.88671506
1031.40185952 3198.88671506
1031.99709936 3198.88671506
1032.59233919 3198.88671506
1033.18757903 3198.88671506
1033.78281886 3198.88671506
1034.37805869 3198.88671506
1034.97329853 3198.88671506
1035.56853836 3198.88671506
1036.1637782 3198.88671506
1036.75901803 3198.88671506
1037.35425787 3198.88671506
1037.9494977 3198.88671506
1038.54473754 3198.88671506
1039.13997737 3198.88671506
1039.7352172 3198.88671506
1040.33045704 3198.88671506
1040.92569687 3198.88671506
1041.52093671 3198.88671506
1042.11617654 3198.88671506
1042.71141638 3198.88671506
1043.30665621 3198.88671506
1043.90189605 3198.88671506
1044.49713588 3198.88671506
1045.09237571 3198.88671506
1045.68761555 3198.88671506
1046.28285538 3198.88671506
1046.87809522 3198.88671506
1047.47333505 3198.88671506
1048.06857489 3198.88671506
1048.66381472 3198.88671506
1049.25905456 3198.88671506
1049.85429439 3198.88671506
1050.44953423 3198.88671506
1051.04477406 3198.88671506
1051.64001389 3198.88671506
1052.23525373 3198.88671506
1052.83049356 3198.88671506
1053.4257334 3198.88671506
1054.02097323 3198.88671506
1054.61621307 3198.88671506
1055.2114529 3198.88671506
1055.80669274 3198.88671506
1056.40193257 3198.88671506
1056.9971724 3198.88671506
1057.59241224 3198.88671506
1058.18765207 3198.88671506
1058.78289191 3198.88671506
1059.37813174 3198.88671506
1059.97337158 3198.88671506
1060.56861141 3198.88671506
1061.16385125 3198.88671506
1061.75909108 3198.88671506
1062.35433091 3198.88671506
1062.94957075 3198.88671506
1063.54481058 3198.88671506
1064.14005042 3198.88671506
1064.73529025 3198.88671506
1065.33053009 3198.88671506
1065.92576992 3198.88671506
1066.52100976 3198.88671506
1067.11624959 3198.88671506
1067.71148942 3198.88671506
1068.30672926 3198.88671506
1068.90196909 3198.88671506
1069.49720893 3198.88671506
1070.09244876 3198.88671506
1070.6876886 3198.88671506
1071.28292843 3198.88671506
1071.87816827 3198.88671506
1072.4734081 3198.88671506
1073.06864794 3198.88671506
1073.66388777 3198.88671506
1074.2591276 3198.88671506
1074.85436744 3198.88671506
1075.44960727 3198.88671506
1076.04484711 3198.88671506
1076.64008694 3198.88671506
1077.23532678 3198.88671506
1077.83056661 3198.88671506
1078.42580645 3198.88671506
1079.02104628 3198.88671506
1079.61628611 3198.88671506
1080.21152595 3198.88671506
1080.80676578 3198.88671506
1081.40200562 3198.88671506
1081.99724545 3198.88671506
1082.59248529 3198.88671506
1083.18772512 3198.88671506
1083.78296496 3198.88671506
1084.37820479 3198.88671506
1084.97344462 3198.88671506
1085.56868446 3198.88671506
1086.16392429 3198.88671506
1086.75916413 3198.88671506
1087.35440396 3198.88671506
1087.9496438 3198.88671506
1088.54488363 3198.88671506
1089.14012347 3198.88671506
1089.7353633 3198.88671506
1090.33060313 3198.88671506
1090.92584297 3198.88671506
1091.5210828 3198.88671506
1092.11632264 3198.88671506
1092.71156247 3198.88671506
1093.30680231 3198.88671506
1093.90204214 3198.88671506
1094.49728198 3198.88671506
1095.09252181 3198.88671506
1095.68776164 3198.88671506
1096.28300148 3198.88671506
1096.87824131 3198.88671506
1097.47348115 3198.88671506
1098.06872098 3198.88671506
1098.66396082 3198.88671506
1099.25920065 3198.88671506
1099.85444049 3198.88671506
1100.44968032 3198.88671506
1101.04492016 3198.88671506
1101.64015999 3198.88671506
1102.23539982 3198.88671506
1102.83063966 3198.88671506
1103.42587949 3198.88671506
1104.02111933 3198.88671506
1104.61635916 3198.88671506
1105.211599 3198.88671506
1105.80683883 3198.88671506
1106.40207867 3198.88671506
1106.9973185 3198.88671506
1107.59255833 3198.88671506
1108.18779817 3198.88671506
1108.783038 3198.88671506
1109.37827784 3198.88671506
1109.97351767 3198.88671506
1110.56875751 3198.88671506
1111.16399734 3198.88671506
1111.75923718 3198.88671506
1112.35447701 3198.88671506
1112.94971684 3198.88671506
1113.54495668 3198.88671506
1114.14019651 3198.88671506
1114.73543635 3198.88671506
1115.33067618 3198.88671506
1115.92591602 3198.88671506
1116.52115585 3198.88671506
1117.11639569 3198.88671506
1117.71163552 3198.88671506
1118.30687535 3198.88671506
1118.90211519 3198.88671506
1119.49735502 3198.88671506
1120.09259486 3198.88671506
1120.68783469 3198.88671506
1121.28307453 3198.88671506
1121.87831436 3198.88671506
1122.4735542 3198.88671506
1123.06879403 3198.88671506
1123.66403387 3198.88671506
1124.2592737 3198.88671506
1124.85451353 3198.88671506
1125.44975337 3198.88671506
1126.0449932 3198.88671506
1126.64023304 3198.88671506
1127.23547287 3198.88671506
1127.83071271 3198.88671506
1128.42595254 3198.88671506
1129.02119238 3198.88671506
1129.61643221 3198.88671506
1130.21167204 3198.88671506
1130.80691188 3198.88671506
1131.40215171 3198.88671506
1131.99739155 3198.88671506
1132.59263138 3198.88671506
1133.18787122 3198.88671506
1133.78311105 3198.88671506
1134.37835089 3198.88671506
1134.97359072 3198.88671506
1135.56883055 3198.88671506
1136.16407039 3198.88671506
1136.75931022 3198.88671506
1137.35455006 3198.88671506
1137.94978989 3198.88671506
1138.54502973 3198.88671506
1139.14026956 3198.88671506
1139.7355094 3198.88671506
1140.33074923 3198.88671506
1140.92598906 3198.88671506
1141.5212289 3198.88671506
1142.11646873 3198.88671506
1142.71170857 3198.88671506
1143.3069484 3198.88671506
1143.90218824 3198.88671506
1144.49742807 3198.88671506
1145.09266791 3198.88671506
1145.68790774 3198.88671506
1146.28314758 3198.88671506
1146.87838741 3198.88671506
1147.47362724 3198.88671506
1148.06886708 3198.88671506
1148.66410691 3198.88671506
1149.25934675 3198.88671506
1149.85458658 3198.88671506
1150.44982642 3198.88671506
1151.04506625 3198.88671506
1151.64030609 3198.88671506
1152.23554592 3198.88671506
1152.83078575 3198.88671506
1153.42602559 3198.88671506
1154.02126542 3198.88671506
1154.61650526 3198.88671506
1155.21174509 3198.88671506
1155.80698493 3198.88671506
1156.40222476 3198.88671506
1156.9974646 3198.88671506
1157.59270443 3198.88671506
1158.18794426 3198.88671506
1158.7831841 3198.88671506
1159.37842393 3198.88671506
1159.97366377 3198.88671506
1160.5689036 3198.88671506
1161.16414344 3198.88671506
1161.75938327 3198.88671506
1162.35462311 3198.88671506
1162.94986294 3198.88671506
1163.54510277 3198.88671506
1164.14034261 3198.88671506
1164.73558244 3198.88671506
1165.33082228 3198.88671506
1165.92606211 3198.88671506
1166.52130195 3198.88671506
1167.11654178 3198.88671506
1167.71178162 3198.88671506
1168.30702145 3198.88671506
1168.90226129 3198.88671506
1169.49750112 3198.88671506
1170.09274095 3198.88671506
1170.68798079 3198.88671506
1171.28322062 3198.88671506
1171.87846046 3198.88671506
1172.47370029 3198.88671506
1173.06894013 3198.88671506
1173.66417996 3198.88671506
1174.2594198 3198.88671506
1174.85465963 3198.88671506
1175.44989946 3198.88671506
1176.0451393 3198.88671506
1176.64037913 3198.88671506
1177.23561897 3198.88671506
1177.8308588 3198.88671506
1178.42609864 3198.88671506
1179.02133847 3198.88671506
1179.61657831 3198.88671506
1180.21181814 3198.88671506
1180.80705797 3198.88671506
1181.40229781 3198.88671506
1181.99753764 3198.88671506
1182.59277748 3198.88671506
1183.18801731 3198.88671506
1183.78325715 3198.88671506
1184.37849698 3198.88671506
1184.97373682 3198.88671506
1185.56897665 3198.88671506
1186.16421648 3198.88671506
1186.75945632 3198.88671506
1187.35469615 3198.88671506
1187.94993599 3198.88671506
1188.54517582 3198.88671506
1189.14041566 3198.88671506
1189.73565549 3198.88671506
1190.33089533 3198.88671506
1190.92613516 3198.88671506
1191.521375 3198.88671506
1192.11661483 3198.88671506
1192.71185466 3198.88671506
1193.3070945 3198.88671506
1193.90233433 3198.88671506
1194.49757417 3198.88671506
1195.092814 3198.88671506
1195.68805384 3198.88671506
1196.28329367 3198.88671506
1196.87853351 3198.88671506
1197.47377334 3198.88671506
1198.06901317 3198.88671506
1198.66425301 3198.88671506
1199.25949284 3198.88671506
1199.85473268 3198.88671506
1200.44997251 3198.88671506
1201.04521235 3198.88671506
1201.64045218 3198.88671506
1202.23569202 3198.88671506
1202.83093185 3198.88671506
1203.42617168 3198.88671506
1204.02141152 3198.88671506
1204.61665135 3198.88671506
1205.21189119 3198.88671506
1205.80713102 3198.88671506
1206.40237086 3198.88671506
1206.99761069 3198.88671506
1207.59285053 3198.88671506
1208.18809036 3198.88671506
1208.78333019 3198.88671506
1209.37857003 3198.88671506
1209.97380986 3198.88671506
1210.5690497 3198.88671506
1211.16428953 3198.88671506
1211.75952937 3198.88671506
1212.3547692 3198.88671506
1212.95000904 3198.88671506
1213.54524887 3198.88671506
1214.14048871 3198.88671506
1214.73572854 3198.88671506
1215.33096837 3198.88671506
1215.92620821 3198.88671506
1216.52144804 3198.88671506
1217.11668788 3198.88671506
1217.71192771 3198.88671506
1218.30716755 3198.88671506
1218.90240738 3198.88671506
