0.446466215283 4077.47065877
1.04170604976 4077.47065877
1.63694588423 4077.47065877
2.2321857187 4077.47065877
2.82742555317 4077.47065877
3.42266538765 4077.47065877
4.01790522212 4077.47065877
4.61314505659 4077.47065877
5.20838489106 4077.47065877
5.80362472554 4077.47065877
6.39886456001 4077.47065877
6.99410439448 4077.47065877
7.58934422895 4077.47065877
8.18458406343 4077.47065877
8.7798238979 4077.47065877
9.37506373237 4077.47065877
9.97030356685 4077.47065877
10.5655434013 4077.47065877
11.1607832358 4077.47065877
11.7560230703 4077.47065877
12.3512629047 4077.47065877
12.9465027392 4077.47065877
13.5417425737 4077.47065877
14.1369824082 4077.47065877
14.7322222426 4077.47065877
15.3274620771 4077.47065877
15.9227019116 4077.47065877
16.517941746 4077.47065877
17.1131815805 4077.47065877
17.708421415 4077.47065877
18.3036612495 4077.47065877
18.8989010839 4077.47065877
19.4941409184 4077.47065877
20.0893807529 4077.47065877
20.6846205874 4077.47065877
21.2798604218 4077.47065877
21.8751002563 4077.47065877
22.4703400908 4077.47065877
23.0655799252 4077.47065877
23.6608197597 4077.47065877
24.2560595942 4077.47065877
24.8512994287 4077.47065877
25.4465392631 4077.47065877
26.0417790976 4077.47065877
26.6370189321 4077.47065877
27.2322587666 4077.47065877
27.827498601 4077.47065877
28.4227384355 4077.47065877
29.01797827 4077.47065877
29.6132181044 4077.47065877
30.2084579389 4077.47065877
30.8036977734 4077.47065877
31.3989376079 4077.47065877
31.9941774423 4077.47065877
32.5894172768 4077.47065877
33.1846571113 4077.47065877
33.7798969458 4077.47065877
34.3751367802 4077.47065877
34.9703766147 4077.47065877
35.5656164492 4077.47065877
36.1608562836 4077.47065877
36.7560961181 4077.47065877
37.3513359526 4077.47065877
37.9465757871 4077.47065877
38.5418156215 4077.47065877
39.137055456 4077.47065877
39.7322952905 4077.47065877
40.327535125 4077.47065877
40.9227749594 4077.47065877
41.5180147939 4077.47065877
42.1132546284 4077.47065877
42.7084944628 4077.47065877
43.3037342973 4077.47065877
43.8989741318 4077.47065877
44.4942139663 4077.47065877
45.0894538007 4077.47065877
45.6846936352 4077.47065877
46.2799334697 4077.47065877
46.8751733041 4077.47065877
47.4704131386 4077.47065877
48.0656529731 4077.47065877
48.6608928076 4077.47065877
49.256132642 4077.47065877
49.8513724765 4077.47065877
50.446612311 4077.47065877
51.0418521455 4077.47065877
51.6370919799 4077.47065877
52.2323318144 4077.47065877
52.8275716489 4077.47065877
53.4228114833 4077.47065877
54.0180513178 4077.47065877
54.6132911523 4077.47065877
55.2085309868 4077.47065877
55.8037708212 4077.47065877
56.3990106557 4077.47065877
56.9942504902 4077.47065877
57.5894903247 4077.47065877
58.1847301591 4077.47065877
58.7799699936 4077.47065877
59.3752098281 4077.47065877
59.9704496625 4077.47065877
60.565689497 4077.47065877
61.1609293315 4077.47065877
61.756169166 4077.47065877
62.3514090004 4077.47065877
62.9466488349 4077.47065877
63.5418886694 4077.47065877
64.1371285039 4077.47065877
64.7323683383 4077.47065877
65.3276081728 4077.47065877
65.9228480073 4077.47065877
66.5180878417 4077.47065877
67.1133276762 4077.47065877
67.7085675107 4077.47065877
68.3038073452 4077.47065877
68.8990471796 4077.47065877
69.4942870141 4077.47065877
70.0895268486 4077.47065877
70.6847666831 4077.47065877
71.2800065175 4077.47065877
71.875246352 4077.47065877
72.4704861865 4077.47065877
73.0657260209 4077.47065877
73.6609658554 4077.47065877
74.2562056899 4077.47065877
74.8514455244 4077.47065877
75.4466853588 4077.47065877
76.0419251933 4077.47065877
76.6371650278 4077.47065877
77.2324048623 4077.47065877
77.8276446967 4077.47065877
78.4228845312 4077.47065877
79.0181243657 4077.47065877
79.6133642001 4077.47065877
80.2086040346 4077.47065877
80.8038438691 4077.47065877
81.3990837036 4077.47065877
81.994323538 4077.47065877
82.5895633725 4077.47065877
83.184803207 4077.47065877
83.7800430415 4077.47065877
84.3752828759 4077.47065877
84.9705227104 4077.47065877
85.5657625449 4077.47065877
86.1610023793 4077.47065877
86.7562422138 4077.47065877
87.3514820483 4077.47065877
87.9467218828 4077.47065877
88.5419617172 4077.47065877
89.1372015517 4077.47065877
89.7324413862 4077.47065877
90.3276812207 4077.47065877
90.9229210551 4077.47065877
91.5181608896 4077.47065877
92.1134007241 4077.47065877
92.7086405585 4077.47065877
93.303880393 4077.47065877
93.8991202275 4077.47065877
94.494360062 4077.47065877
95.0895998964 4077.47065877
95.6848397309 4077.47065877
96.2800795654 4077.47065877
96.8753193999 4077.47065877
97.4705592343 4077.47065877
98.0657990688 4077.47065877
98.6610389033 4077.47065877
99.2562787377 4077.47065877
99.8515185722 4077.47065877
100.446758407 4077.47065877
101.041998241 4077.47065877
101.637238076 4077.47065877
102.23247791 4077.47065877
102.827717745 4077.47065877
103.422957579 4077.47065877
104.018197414 4077.47065877
104.613437248 4077.47065877
105.208677082 4077.47065877
105.803916917 4077.47065877
106.399156751 4077.47065877
106.994396586 4077.47065877
107.58963642 4077.47065877
108.184876255 4077.47065877
108.780116089 4077.47065877
109.375355924 4077.47065877
109.970595758 4077.47065877
110.565835593 4077.47065877
111.161075427 4077.47065877
111.756315262 4077.47065877
112.351555096 4077.47065877
112.946794931 4077.47065877
113.542034765 4077.47065877
114.1372746 4077.47065877
114.732514434 4077.47065877
115.327754269 4077.47065877
115.922994103 4077.47065877
116.518233937 4077.47065877
117.113473772 4077.47065877
117.708713606 4077.47065877
118.303953441 4077.47065877
118.899193275 4077.47065877
119.49443311 4077.47065877
120.089672944 4077.47065877
120.684912779 4077.47065877
121.280152613 4077.47065877
121.875392448 4077.47065877
122.470632282 4077.47065877
123.065872117 4077.47065877
123.661111951 4077.47065877
124.256351786 4077.47065877
124.85159162 4077.47065877
125.446831455 4077.47065877
126.042071289 4077.47065877
126.637311123 4077.47065877
127.232550958 4077.47065877
127.827790792 4077.47065877
128.423030627 4077.47065877
129.018270461 4077.47065877
129.613510296 4077.47065877
130.20875013 4077.47065877
130.803989965 4077.47065877
131.399229799 4077.47065877
131.994469634 4077.47065877
132.589709468 4077.47065877
133.184949303 4077.47065877
133.780189137 4077.47065877
134.375428972 4077.47065877
134.970668806 4077.47065877
135.565908641 4077.47065877
136.161148475 4077.47065877
136.75638831 4077.47065877
137.351628144 4077.47065877
137.946867978 4077.47065877
138.542107813 4077.47065877
139.137347647 4077.47065877
139.732587482 4077.47065877
140.327827316 4077.47065877
140.923067151 4077.47065877
141.518306985 4077.47065877
142.11354682 4077.47065877
142.708786654 4077.47065877
143.304026489 4077.47065877
143.899266323 4077.47065877
144.494506158 4077.47065877
145.089745992 4077.47065877
145.684985827 4077.47065877
146.280225661 4077.47065877
146.875465496 4077.47065877
147.47070533 4077.47065877
148.065945165 4077.47065877
148.661184999 4077.47065877
149.256424833 4077.47065877
149.851664668 4077.47065877
150.446904502 4077.47065877
151.042144337 4077.47065877
151.637384171 4077.47065877
152.232624006 4077.47065877
152.82786384 4077.47065877
153.423103675 4077.47065877
154.018343509 4077.47065877
154.613583344 4077.47065877
155.208823178 4077.47065877
155.804063013 4077.47065877
156.399302847 4077.47065877
156.994542682 4077.47065877
157.589782516 4077.47065877
158.185022351 4077.47065877
158.780262185 4077.47065877
159.375502019 4077.47065877
159.970741854 4077.47065877
160.565981688 4077.47065877
161.161221523 4077.47065877
161.756461357 4077.47065877
162.351701192 4077.47065877
162.946941026 4077.47065877
163.542180861 4077.47065877
164.137420695 4077.47065877
164.73266053 4077.47065877
165.327900364 4077.47065877
165.923140199 4077.47065877
166.518380033 4077.47065877
167.113619868 4077.47065877
167.708859702 4077.47065877
168.304099537 4077.47065877
168.899339371 4077.47065877
169.494579206 4077.47065877
170.08981904 4077.47065877
170.685058874 4077.47065877
171.280298709 4077.47065877
171.875538543 4077.47065877
172.470778378 4077.47065877
173.066018212 4077.47065877
173.661258047 4077.47065877
174.256497881 4077.47065877
174.851737716 4077.47065877
175.44697755 4077.47065877
176.042217385 4077.47065877
176.637457219 4077.47065877
177.232697054 4077.47065877
177.827936888 4077.47065877
178.423176723 4077.47065877
179.018416557 4077.47065877
179.613656392 4077.47065877
180.208896226 4077.47065877
180.80413606 4077.47065877
181.399375895 4077.47065877
181.994615729 4077.47065877
182.589855564 4077.47065877
183.185095398 4077.47065877
183.780335233 4077.47065877
184.375575067 4077.47065877
184.970814902 4077.47065877
185.566054736 4077.47065877
186.161294571 4077.47065877
186.756534405 4077.47065877
187.35177424 4077.47065877
187.947014074 4077.47065877
188.542253909 4077.47065877
189.137493743 4077.47065877
189.732733578 4077.47065877
190.327973412 4077.47065877
190.923213247 4077.47065877
191.518453081 4077.47065877
192.113692915 4077.47065877
192.70893275 4077.47065877
193.304172584 4077.47065877
193.899412419 4077.47065877
194.494652253 4077.47065877
195.089892088 4077.47065877
195.685131922 4077.47065877
196.280371757 4077.47065877
196.875611591 4077.47065877
197.470851426 4077.47065877
198.06609126 4077.47065877
198.661331095 4077.47065877
199.256570929 4077.47065877
199.851810764 4077.47065877
200.447050598 4077.47065877
201.042290433 4077.47065877
201.637530267 4077.47065877
202.232770102 4077.47065877
202.828009936 4077.47065877
203.42324977 4077.47065877
204.018489605 4077.47065877
204.613729439 4077.47065877
205.208969274 4077.47065877
205.804209108 4077.47065877
206.399448943 4077.47065877
206.994688777 4077.47065877
207.589928612 4077.47065877
208.185168446 4077.47065877
208.780408281 4077.47065877
209.375648115 4077.47065877
209.97088795 4077.47065877
210.566127784 4077.47065877
211.161367619 4077.47065877
211.756607453 4077.47065877
212.351847288 4077.47065877
212.947087122 4077.47065877
213.542326956 4077.47065877
214.137566791 4077.47065877
214.732806625 4077.47065877
215.32804646 4077.47065877
215.923286294 4077.47065877
216.518526129 4077.47065877
217.113765963 4077.47065877
217.709005798 4077.47065877
218.304245632 4077.47065877
218.899485467 4077.47065877
219.494725301 4077.47065877
220.089965136 4077.47065877
220.68520497 4077.47065877
221.280444805 4077.47065877
221.875684639 4077.47065877
222.470924474 4077.47065877
223.066164308 4077.47065877
223.661404143 4077.47065877
224.256643977 4077.47065877
224.851883811 4077.47065877
225.447123646 4077.47065877
226.04236348 4077.47065877
226.637603315 4077.47065877
227.232843149 4077.47065877
227.828082984 4077.47065877
228.423322818 4077.47065877
229.018562653 4077.47065877
229.613802487 4077.47065877
230.209042322 4077.47065877
230.804282156 4077.47065877
231.399521991 4077.47065877
231.994761825 4077.47065877
232.59000166 4077.47065877
233.185241494 4077.47065877
233.780481329 4077.47065877
234.375721163 4077.47065877
234.970960998 4077.47065877
235.566200832 4077.47065877
236.161440666 4077.47065877
236.756680501 4077.47065877
237.351920335 4077.47065877
237.94716017 4077.47065877
238.542400004 4077.47065877
239.137639839 4077.47065877
239.732879673 4077.47065877
240.328119508 4077.47065877
240.923359342 4077.47065877
241.518599177 4077.47065877
242.113839011 4077.47065877
242.709078846 4077.47065877
243.30431868 4077.47065877
243.899558515 4077.47065877
244.494798349 4077.47065877
245.090038184 4077.47065877
245.685278018 4077.47065877
246.280517852 4077.47065877
246.875757687 4077.47065877
247.470997521 4077.47065877
248.066237356 4077.47065877
248.66147719 4077.47065877
249.256717025 4077.47065877
249.851956859 4077.47065877
250.447196694 4077.47065877
251.042436528 4077.47065877
251.637676363 4077.47065877
252.232916197 4077.47065877
252.828156032 4077.47065877
253.423395866 4077.47065877
254.018635701 4077.47065877
254.613875535 4077.47065877
255.20911537 4077.47065877
255.804355204 4077.47065877
256.399595039 4077.47065877
256.994834873 4077.47065877
257.590074707 4077.47065877
258.185314542 4077.47065877
258.780554376 4077.47065877
259.375794211 4077.47065877
259.971034045 4077.47065877
260.56627388 4077.47065877
261.161513714 4077.47065877
261.756753549 4077.47065877
262.351993383 4077.47065877
262.947233218 4077.47065877
263.542473052 4077.47065877
264.137712887 4077.47065877
264.732952721 4077.47065877
265.328192556 4077.47065877
265.92343239 4077.47065877
266.518672225 4077.47065877
267.113912059 4077.47065877
267.709151894 4077.47065877
268.304391728 4077.47065877
268.899631562 4077.47065877
269.494871397 4077.47065877
270.090111231 4077.47065877
270.685351066 4077.47065877
271.2805909 4077.47065877
271.875830735 4077.47065877
272.471070569 4077.47065877
273.066310404 4077.47065877
273.661550238 4077.47065877
274.256790073 4077.47065877
274.852029907 4077.47065877
275.447269742 4077.47065877
276.042509576 4077.47065877
276.637749411 4077.47065877
277.232989245 4077.47065877
277.82822908 4077.47065877
278.423468914 4077.47065877
279.018708748 4077.47065877
279.613948583 4077.47065877
280.209188417 4077.47065877
280.804428252 4077.47065877
281.399668086 4077.47065877
281.994907921 4077.47065877
282.590147755 4077.47065877
283.18538759 4077.47065877
283.780627424 4077.47065877
284.375867259 4077.47065877
284.971107093 4077.47065877
285.566346928 4077.47065877
286.161586762 4077.47065877
286.756826597 4077.47065877
287.352066431 4077.47065877
287.947306266 4077.47065877
288.5425461 4077.47065877
289.137785935 4077.47065877
289.733025769 4077.47065877
290.328265603 4077.47065877
290.923505438 4077.47065877
291.518745272 4077.47065877
292.113985107 4077.47065877
292.709224941 4077.47065877
293.304464776 4077.47065877
293.89970461 4077.47065877
294.494944445 4077.47065877
295.090184279 4077.47065877
295.685424114 4077.47065877
296.280663948 4077.47065877
296.875903783 4077.47065877
297.471143617 4077.47065877
298.066383452 4077.47065877
298.661623286 4077.47065877
299.256863121 4077.47065877
299.852102955 4077.47065877
300.44734279 4077.47065877
301.042582624 4077.47065877
301.637822458 4077.47065877
302.233062293 4077.47065877
302.828302127 4077.47065877
303.423541962 4077.47065877
304.018781796 4077.47065877
304.614021631 4077.47065877
305.209261465 4678.87773921
305.8045013 4678.87773921
306.399741134 4678.87773921
306.994980969 4678.87773921
307.590220803 4678.87773921
308.185460638 4678.87773921
308.780700472 4678.87773921
309.375940307 4678.87773921
309.971180141 4678.87773921
310.566419976 4678.87773921
311.16165981 4678.87773921
311.756899644 4678.87773921
312.352139479 4678.87773921
312.947379313 4678.87773921
313.542619148 4678.87773921
314.137858982 4678.87773921
314.733098817 4678.87773921
315.328338651 4678.87773921
315.923578486 4678.87773921
316.51881832 4678.87773921
317.114058155 4678.87773921
317.709297989 4678.87773921
318.304537824 4678.87773921
318.899777658 4678.87773921
319.495017493 4678.87773921
320.090257327 4678.87773921
320.685497162 4678.87773921
321.280736996 4678.87773921
321.875976831 4678.87773921
322.471216665 4678.87773921
323.066456499 4678.87773921
323.661696334 4678.87773921
324.256936168 4678.87773921
324.852176003 4678.87773921
325.447415837 4678.87773921
326.042655672 4678.87773921
326.637895506 4678.87773921
327.233135341 4678.87773921
327.828375175 4678.87773921
328.42361501 4678.87773921
329.018854844 4678.87773921
329.614094679 4678.87773921
330.209334513 4678.87773921
330.804574348 4678.87773921
331.399814182 4678.87773921
331.995054017 4678.87773921
332.590293851 4678.87773921
333.185533685 4678.87773921
333.78077352 4678.87773921
334.376013354 4678.87773921
334.971253189 4678.87773921
335.566493023 4678.87773921
336.161732858 4678.87773921
336.756972692 4678.87773921
337.352212527 4678.87773921
337.947452361 4678.87773921
338.542692196 4678.87773921
339.13793203 4678.87773921
339.733171865 4678.87773921
340.328411699 4678.87773921
340.923651534 4678.87773921
341.518891368 4678.87773921
342.114131203 4678.87773921
342.709371037 4678.87773921
343.304610872 4678.87773921
343.899850706 4678.87773921
344.49509054 4678.87773921
345.090330375 4678.87773921
345.685570209 4678.87773921
346.280810044 4678.87773921
346.876049878 4678.87773921
347.471289713 4678.87773921
348.066529547 4678.87773921
348.661769382 4678.87773921
349.257009216 4678.87773921
349.852249051 4678.87773921
350.447488885 4678.87773921
351.04272872 4678.87773921
351.637968554 4678.87773921
352.233208389 4678.87773921
352.828448223 4678.87773921
353.423688058 4678.87773921
354.018927892 4678.87773921
354.614167727 4678.87773921
355.209407561 4678.87773921
355.804647395 4678.87773921
356.39988723 4678.87773921
356.995127064 4678.87773921
357.590366899 4678.87773921
358.185606733 4678.87773921
358.780846568 4678.87773921
359.376086402 4678.87773921
359.971326237 4678.87773921
360.566566071 4678.87773921
361.161805906 4678.87773921
361.75704574 4678.87773921
362.352285575 4678.87773921
362.947525409 4678.87773921
363.542765244 4678.87773921
364.138005078 4678.87773921
364.733244913 4678.87773921
365.328484747 4678.87773921
365.923724581 4678.87773921
366.518964416 4678.87773921
367.11420425 4678.87773921
367.709444085 4678.87773921
368.304683919 4678.87773921
368.899923754 4678.87773921
369.495163588 4678.87773921
370.090403423 4678.87773921
370.685643257 4678.87773921
371.280883092 4678.87773921
371.876122926 4678.87773921
372.471362761 4678.87773921
373.066602595 4678.87773921
373.66184243 4678.87773921
374.257082264 4678.87773921
374.852322099 4678.87773921
375.447561933 4678.87773921
376.042801768 4678.87773921
376.638041602 4678.87773921
377.233281436 4678.87773921
377.828521271 4678.87773921
378.423761105 4678.87773921
379.01900094 4678.87773921
379.614240774 4678.87773921
380.209480609 4678.87773921
380.804720443 4678.87773921
381.399960278 4678.87773921
381.995200112 4678.87773921
382.590439947 4678.87773921
383.185679781 4678.87773921
383.780919616 4678.87773921
384.37615945 4678.87773921
384.971399285 4678.87773921
385.566639119 4678.87773921
386.161878954 4678.87773921
386.757118788 4678.87773921
387.352358623 4678.87773921
387.947598457 4678.87773921
388.542838291 4678.87773921
389.138078126 4678.87773921
389.73331796 4678.87773921
390.328557795 4678.87773921
390.923797629 4678.87773921
391.519037464 4678.87773921
392.114277298 4678.87773921
392.709517133 4678.87773921
393.304756967 4678.87773921
393.899996802 4678.87773921
394.495236636 4678.87773921
395.090476471 4678.87773921
395.685716305 4678.87773921
396.28095614 4678.87773921
396.876195974 4678.87773921
397.471435809 4678.87773921
398.066675643 4678.87773921
398.661915477 4678.87773921
399.257155312 4678.87773921
399.852395146 4678.87773921
400.447634981 4678.87773921
401.042874815 4678.87773921
401.63811465 4678.87773921
402.233354484 4678.87773921
402.828594319 4678.87773921
403.423834153 4678.87773921
404.019073988 4678.87773921
404.614313822 4678.87773921
405.209553657 4678.87773921
405.804793491 4678.87773921
406.400033326 4678.87773921
406.99527316 4678.87773921
407.590512995 4678.87773921
408.185752829 4678.87773921
408.780992664 4678.87773921
409.376232498 4678.87773921
409.971472332 4678.87773921
410.566712167 4678.87773921
411.161952001 4678.87773921
411.757191836 4678.87773921
412.35243167 4678.87773921
412.947671505 4678.87773921
413.542911339 4678.87773921
414.138151174 4678.87773921
414.733391008 4678.87773921
415.328630843 4678.87773921
415.923870677 4678.87773921
416.519110512 4678.87773921
417.114350346 4678.87773921
417.709590181 4678.87773921
418.304830015 4678.87773921
418.90006985 4678.87773921
419.495309684 4678.87773921
420.090549519 4678.87773921
420.685789353 4678.87773921
421.281029187 4678.87773921
421.876269022 4678.87773921
422.471508856 4678.87773921
423.066748691 4678.87773921
423.661988525 4678.87773921
424.25722836 4678.87773921
424.852468194 4678.87773921
425.447708029 4678.87773921
426.042947863 4678.87773921
426.638187698 4678.87773921
427.233427532 4678.87773921
427.828667367 4678.87773921
428.423907201 4678.87773921
429.019147036 4678.87773921
429.61438687 4678.87773921
430.209626705 4678.87773921
430.804866539 4678.87773921
431.400106373 4678.87773921
431.995346208 4678.87773921
432.590586042 4678.87773921
433.185825877 4678.87773921
433.781065711 4678.87773921
434.376305546 4678.87773921
434.97154538 4678.87773921
435.566785215 4678.87773921
436.162025049 4678.87773921
436.757264884 4678.87773921
437.352504718 4678.87773921
437.947744553 4678.87773921
438.542984387 4678.87773921
439.138224222 4678.87773921
439.733464056 4678.87773921
440.328703891 4678.87773921
440.923943725 4678.87773921
441.51918356 4678.87773921
442.114423394 4678.87773921
442.709663228 4678.87773921
443.304903063 4678.87773921
443.900142897 4678.87773921
444.495382732 4678.87773921
445.090622566 4678.87773921
445.685862401 4678.87773921
446.281102235 4678.87773921
446.87634207 4678.87773921
447.471581904 4678.87773921
448.066821739 4678.87773921
448.662061573 4678.87773921
449.257301408 4678.87773921
449.852541242 4678.87773921
450.447781077 4678.87773921
451.043020911 4678.87773921
451.638260746 4678.87773921
452.23350058 4678.87773921
452.828740415 4678.87773921
453.423980249 4678.87773921
454.019220083 4678.87773921
454.614459918 4678.87773921
455.209699752 4678.87773921
455.804939587 4678.87773921
456.400179421 4678.87773921
456.995419256 4678.87773921
457.59065909 4395.57296405
458.185898925 4395.57296405
458.781138759 4395.57296405
459.376378594 4395.57296405
459.971618428 4395.57296405
460.566858263 4395.57296405
461.162098097 4395.57296405
461.757337932 4395.57296405
462.352577766 4395.57296405
462.947817601 4395.57296405
463.543057435 4395.57296405
464.138297269 4395.57296405
464.733537104 4395.57296405
465.328776938 4395.57296405
465.924016773 4395.57296405
466.519256607 4395.57296405
467.114496442 4395.57296405
467.709736276 4395.57296405
468.304976111 4395.57296405
468.900215945 4395.57296405
469.49545578 4395.57296405
470.090695614 4395.57296405
470.685935449 4395.57296405
471.281175283 4395.57296405
471.876415118 4395.57296405
472.471654952 4395.57296405
473.066894787 4395.57296405
473.662134621 4395.57296405
474.257374456 4395.57296405
474.85261429 4395.57296405
475.447854124 4395.57296405
476.043093959 4395.57296405
476.638333793 4395.57296405
477.233573628 4395.57296405
477.828813462 4395.57296405
478.424053297 4395.57296405
479.019293131 4395.57296405
479.614532966 4395.57296405
480.2097728 4395.57296405
480.805012635 4395.57296405
481.400252469 4395.57296405
481.995492304 4395.57296405
482.590732138 4395.57296405
483.185971973 4395.57296405
483.781211807 4395.57296405
484.376451642 4395.57296405
484.971691476 4395.57296405
485.56693131 4395.57296405
486.162171145 4395.57296405
486.757410979 4395.57296405
487.352650814 4395.57296405
487.947890648 4395.57296405
488.543130483 4395.57296405
489.138370317 4395.57296405
489.733610152 4395.57296405
490.328849986 4395.57296405
490.924089821 4395.57296405
491.519329655 4395.57296405
492.11456949 4395.57296405
492.709809324 4395.57296405
493.305049159 4395.57296405
493.900288993 4395.57296405
494.495528828 4395.57296405
495.090768662 4395.57296405
495.686008497 4395.57296405
496.281248331 4395.57296405
496.876488165 4395.57296405
497.471728 4395.57296405
498.066967834 4395.57296405
498.662207669 4395.57296405
499.257447503 4395.57296405
499.852687338 4395.57296405
500.447927172 4395.57296405
501.043167007 4395.57296405
501.638406841 4395.57296405
502.233646676 4395.57296405
502.82888651 4395.57296405
503.424126345 4395.57296405
504.019366179 4395.57296405
504.614606014 4395.57296405
505.209845848 4395.57296405
505.805085683 4395.57296405
506.400325517 4395.57296405
506.995565352 4395.57296405
507.590805186 4395.57296405
508.18604502 4395.57296405
508.781284855 4395.57296405
509.376524689 4395.57296405
509.971764524 4395.57296405
510.567004358 4395.57296405
511.162244193 4395.57296405
511.757484027 4395.57296405
512.352723862 4395.57296405
512.947963696 4395.57296405
513.543203531 4395.57296405
514.138443365 4395.57296405
514.7336832 4395.57296405
515.328923034 4395.57296405
515.924162869 4395.57296405
516.519402703 4395.57296405
517.114642538 4395.57296405
517.709882372 4395.57296405
518.305122206 4395.57296405
518.900362041 4395.57296405
519.495601875 4395.57296405
520.09084171 4395.57296405
520.686081544 4395.57296405
521.281321379 4395.57296405
521.876561213 4395.57296405
522.471801048 4395.57296405
523.067040882 4395.57296405
523.662280717 4395.57296405
524.257520551 4395.57296405
524.852760386 4395.57296405
525.44800022 4395.57296405
526.043240055 4395.57296405
526.638479889 4395.57296405
527.233719724 4395.57296405
527.828959558 4395.57296405
528.424199393 4395.57296405
529.019439227 4395.57296405
529.614679061 4395.57296405
530.209918896 4395.57296405
530.80515873 4395.57296405
531.400398565 4395.57296405
531.995638399 4395.57296405
532.590878234 4395.57296405
533.186118068 4395.57296405
533.781357903 4962.18251438
534.376597737 4962.18251438
534.971837572 4962.18251438
535.567077406 4962.18251438
536.162317241 4962.18251438
536.757557075 4962.18251438
537.35279691 4962.18251438
537.948036744 4962.18251438
538.543276579 4962.18251438
539.138516413 4962.18251438
539.733756248 4962.18251438
540.328996082 4962.18251438
540.924235916 4962.18251438
541.519475751 4962.18251438
542.114715585 4962.18251438
542.70995542 4962.18251438
543.305195254 4962.18251438
543.900435089 4962.18251438
544.495674923 4962.18251438
545.090914758 4962.18251438
545.686154592 4962.18251438
546.281394427 4962.18251438
546.876634261 4962.18251438
547.471874096 4962.18251438
548.06711393 4962.18251438
548.662353765 4962.18251438
549.257593599 4962.18251438
549.852833434 4962.18251438
550.448073268 4962.18251438
551.043313102 4962.18251438
551.638552937 4962.18251438
552.233792771 4962.18251438
552.829032606 4962.18251438
553.42427244 4962.18251438
554.019512275 4962.18251438
554.614752109 4962.18251438
555.209991944 4962.18251438
555.805231778 4962.18251438
556.400471613 4962.18251438
556.995711447 4962.18251438
557.590951282 4962.18251438
558.186191116 4962.18251438
558.781430951 4962.18251438
559.376670785 4962.18251438
559.97191062 4962.18251438
560.567150454 4962.18251438
561.162390289 4962.18251438
561.757630123 4962.18251438
562.352869957 4962.18251438
562.948109792 4962.18251438
563.543349626 4962.18251438
564.138589461 4962.18251438
564.733829295 4962.18251438
565.32906913 4962.18251438
565.924308964 4962.18251438
566.519548799 4962.18251438
567.114788633 4962.18251438
567.710028468 4962.18251438
568.305268302 4962.18251438
568.900508137 4962.18251438
569.495747971 4962.18251438
570.090987806 4962.18251438
570.68622764 4962.18251438
571.281467475 4962.18251438
571.876707309 4962.18251438
572.471947144 4962.18251438
573.067186978 4962.18251438
573.662426812 4962.18251438
574.257666647 4962.18251438
574.852906481 4962.18251438
575.448146316 4962.18251438
576.04338615 4962.18251438
576.638625985 4962.18251438
577.233865819 4962.18251438
577.829105654 4962.18251438
578.424345488 4962.18251438
579.019585323 4962.18251438
579.614825157 4962.18251438
580.210064992 4962.18251438
580.805304826 4962.18251438
581.400544661 4962.18251438
581.995784495 4962.18251438
582.59102433 4962.18251438
583.186264164 4962.18251438
583.781503998 4962.18251438
584.376743833 4962.18251438
584.971983667 4962.18251438
585.567223502 4962.18251438
586.162463336 4962.18251438
586.757703171 4962.18251438
587.352943005 4962.18251438
587.94818284 4962.18251438
588.543422674 4962.18251438
589.138662509 4962.18251438
589.733902343 4962.18251438
590.329142178 4962.18251438
590.924382012 4962.18251438
591.519621847 4962.18251438
592.114861681 4962.18251438
592.710101516 4962.18251438
593.30534135 4962.18251438
593.900581185 4962.18251438
594.495821019 4962.18251438
595.091060853 4962.18251438
595.686300688 4962.18251438
596.281540522 4962.18251438
596.876780357 4962.18251438
597.472020191 4962.18251438
598.067260026 4962.18251438
598.66249986 4962.18251438
599.257739695 4962.18251438
599.852979529 4962.18251438
600.448219364 4962.18251438
601.043459198 4962.18251438
601.638699033 4962.18251438
602.233938867 4962.18251438
602.829178702 4962.18251438
603.424418536 4962.18251438
604.019658371 4962.18251438
604.614898205 4962.18251438
605.21013804 4962.18251438
605.805377874 4962.18251438
606.400617708 4962.18251438
606.995857543 4962.18251438
607.591097377 4962.18251438
608.186337212 4962.18251438
608.781577046 4962.18251438
609.376816881 4962.18251438
609.972056715 4658.36998171
610.56729655 4658.36998171
611.162536384 4658.36998171
611.757776219 4658.36998171
612.353016053 4658.36998171
612.948255888 4658.36998171
613.543495722 4658.36998171
614.138735557 4658.36998171
614.733975391 4658.36998171
615.329215226 4658.36998171
615.92445506 4658.36998171
616.519694894 4658.36998171
617.114934729 4658.36998171
617.710174563 4658.36998171
618.305414398 4658.36998171
618.900654232 4658.36998171
619.495894067 4658.36998171
620.091133901 4658.36998171
620.686373736 4658.36998171
621.28161357 4658.36998171
621.876853405 4658.36998171
622.472093239 4658.36998171
623.067333074 4658.36998171
623.662572908 4658.36998171
624.257812743 4658.36998171
624.853052577 4658.36998171
625.448292412 4658.36998171
626.043532246 4658.36998171
626.638772081 4658.36998171
627.234011915 4658.36998171
627.829251749 4658.36998171
628.424491584 4658.36998171
629.019731418 4658.36998171
629.614971253 4658.36998171
630.210211087 4658.36998171
630.805450922 4658.36998171
631.400690756 4658.36998171
631.995930591 4658.36998171
632.591170425 4658.36998171
633.18641026 4658.36998171
633.781650094 4658.36998171
634.376889929 4658.36998171
634.972129763 4658.36998171
635.567369598 4658.36998171
636.162609432 4658.36998171
636.757849267 4658.36998171
637.353089101 4658.36998171
637.948328935 4658.36998171
638.54356877 5300.19758329
639.138808604 5300.19758329
639.734048439 5300.19758329
640.329288273 5300.19758329
640.924528108 5300.19758329
641.519767942 5300.19758329
642.115007777 5300.19758329
642.710247611 5300.19758329
643.305487446 4016.54238012
643.90072728 4016.54238012
644.495967115 4016.54238012
645.091206949 4016.54238012
645.686446784 4016.54238012
646.281686618 4016.54238012
646.876926453 4016.54238012
647.472166287 4016.54238012
648.067406122 4658.36998171
648.662645956 4658.36998171
649.25788579 4658.36998171
649.853125625 4658.36998171
650.448365459 4658.36998171
651.043605294 4658.36998171
651.638845128 4658.36998171
652.234084963 4658.36998171
652.829324797 4658.36998171
653.424564632 4658.36998171
654.019804466 4658.36998171
654.615044301 4658.36998171
655.210284135 4658.36998171
655.80552397 4658.36998171
656.400763804 4658.36998171
656.996003639 4658.36998171
657.591243473 4658.36998171
658.186483308 4658.36998171
658.781723142 4658.36998171
659.376962977 4658.36998171
659.972202811 4658.36998171
660.567442645 4658.36998171
661.16268248 4658.36998171
661.757922314 4658.36998171
662.353162149 4658.36998171
662.948401983 4658.36998171
663.543641818 4658.36998171
664.138881652 4658.36998171
664.734121487 4658.36998171
665.329361321 4658.36998171
665.924601156 4658.36998171
666.51984099 4658.36998171
667.115080825 4658.36998171
667.710320659 4658.36998171
668.305560494 4658.36998171
668.900800328 4658.36998171
669.496040163 4658.36998171
670.091279997 4658.36998171
670.686519831 4658.36998171
671.281759666 4658.36998171
671.8769995 4658.36998171
672.472239335 4658.36998171
673.067479169 4658.36998171
673.662719004 4658.36998171
674.257958838 4658.36998171
674.853198673 4658.36998171
675.448438507 4658.36998171
676.043678342 4658.36998171
676.638918176 4658.36998171
677.234158011 4658.36998171
677.829397845 4658.36998171
678.42463768 4658.36998171
679.019877514 4658.36998171
679.615117349 4658.36998171
680.210357183 4658.36998171
680.805597018 4658.36998171
681.400836852 4658.36998171
681.996076686 4658.36998171
682.591316521 4658.36998171
683.186556355 4658.36998171
683.78179619 4658.36998171
684.377036024 4658.36998171
684.972275859 4658.36998171
685.567515693 4658.36998171
686.162755528 3384.69254852
686.757995362 3384.69254852
687.353235197 3384.69254852
687.948475031 3384.69254852
688.543714866 3384.69254852
689.1389547 3384.69254852
689.734194535 3384.69254852
690.329434369 3384.69254852
690.924674204 3384.69254852
691.519914038 3384.69254852
692.115153873 3384.69254852
692.710393707 3384.69254852
693.305633541 3384.69254852
693.900873376 3384.69254852
694.49611321 3384.69254852
695.091353045 3384.69254852
695.686592879 3384.69254852
696.281832714 3384.69254852
696.877072548 3384.69254852
697.472312383 3384.69254852
698.067552217 3384.69254852
698.662792052 3384.69254852
699.258031886 3384.69254852
699.853271721 3384.69254852
700.448511555 3384.69254852
701.04375139 3384.69254852
701.638991224 3384.69254852
702.234231059 3384.69254852
702.829470893 3384.69254852
703.424710727 3384.69254852
704.019950562 3384.69254852
704.615190396 3384.69254852
705.210430231 5134.38967457
705.805670065 5134.38967457
706.4009099 5134.38967457
706.996149734 5134.38967457
707.591389569 5134.38967457
708.186629403 5134.38967457
708.781869238 5134.38967457
709.377109072 5134.38967457
709.972348907 5134.38967457
710.567588741 5134.38967457
711.162828576 5134.38967457
711.75806841 5134.38967457
712.353308245 5134.38967457
712.948548079 5134.38967457
713.543787914 5134.38967457
714.139027748 5134.38967457
714.734267582 5134.38967457
715.329507417 5134.38967457
715.924747251 5134.38967457
716.519987086 5134.38967457
717.11522692 5134.38967457
717.710466755 5134.38967457
718.305706589 5134.38967457
718.900946424 5134.38967457
719.496186258 5134.38967457
720.091426093 5134.38967457
720.686665927 5134.38967457
721.281905762 5134.38967457
721.877145596 5134.38967457
722.472385431 5134.38967457
723.067625265 5134.38967457
723.6628651 5134.38967457
724.258104934 5057.19885187
724.853344769 5057.19885187
725.448584603 5057.19885187
726.043824437 5057.19885187
726.639064272 5057.19885187
727.234304106 5057.19885187
727.829543941 5057.19885187
728.424783775 5057.19885187
729.02002361 5057.19885187
729.615263444 5057.19885187
730.210503279 5057.19885187
730.805743113 5057.19885187
731.400982948 5057.19885187
731.996222782 5057.19885187
732.591462617 5057.19885187
733.186702451 5057.19885187
733.781942286 5057.19885187
734.37718212 5057.19885187
734.972421955 5057.19885187
735.567661789 5057.19885187
736.162901623 5057.19885187
736.758141458 5057.19885187
737.353381292 5057.19885187
737.948621127 5057.19885187
738.543860961 5057.19885187
739.139100796 5057.19885187
739.73434063 5057.19885187
740.329580465 5057.19885187
740.924820299 5057.19885187
741.520060134 5057.19885187
742.115299968 5057.19885187
742.710539803 5057.19885187
743.305779637 5057.19885187
743.901019472 5057.19885187
744.496259306 5057.19885187
745.091499141 5057.19885187
745.686738975 5057.19885187
746.28197881 5057.19885187
746.877218644 5057.19885187
747.472458478 5057.19885187
748.067698313 5057.19885187
748.662938147 5057.19885187
749.258177982 5057.19885187
749.853417816 5057.19885187
750.448657651 5057.19885187
751.043897485 5057.19885187
751.63913732 5057.19885187
752.234377154 5057.19885187
752.829616989 5057.19885187
753.424856823 5057.19885187
754.020096658 5057.19885187
754.615336492 5057.19885187
755.210576327 5057.19885187
755.805816161 5057.19885187
756.401055996 5057.19885187
756.99629583 5057.19885187
757.591535665 5057.19885187
758.186775499 5057.19885187
758.782015333 5057.19885187
759.377255168 5057.19885187
759.972495002 5057.19885187
760.567734837 5057.19885187
761.162974671 5057.19885187
761.758214506 5057.19885187
762.35345434 4598.96645699
762.948694175 4598.96645699
763.543934009 4598.96645699
764.139173844 4598.96645699
764.734413678 4598.96645699
765.329653513 4598.96645699
765.924893347 4598.96645699
766.520133182 4598.96645699
767.115373016 4598.96645699
767.710612851 4598.96645699
768.305852685 4598.96645699
768.901092519 4598.96645699
769.496332354 4598.96645699
770.091572188 4598.96645699
770.686812023 4598.96645699
771.282051857 4598.96645699
771.877291692 4598.96645699
772.472531526 4598.96645699
773.067771361 4598.96645699
773.663011195 4598.96645699
774.25825103 4598.96645699
774.853490864 4598.96645699
775.448730699 4598.96645699
776.043970533 4598.96645699
776.639210368 4598.96645699
777.234450202 4598.96645699
777.829690037 4598.96645699
778.424929871 4598.96645699
779.020169706 4598.96645699
779.61540954 4598.96645699
780.210649374 4598.96645699
780.805889209 4598.96645699
781.401129043 4598.96645699
781.996368878 4598.96645699
782.591608712 4598.96645699
783.186848547 4598.96645699
783.782088381 4598.96645699
784.377328216 4598.96645699
784.97256805 4598.96645699
785.567807885 4598.96645699
786.163047719 4598.96645699
786.758287554 4598.96645699
787.353527388 4598.96645699
787.948767223 4598.96645699
788.544007057 4598.96645699
789.139246892 4598.96645699
789.734486726 4598.96645699
790.32972656 4598.96645699
790.924966395 4598.96645699
791.520206229 4598.96645699
792.115446064 4598.96645699
792.710685898 4598.96645699
793.305925733 4598.96645699
793.901165567 4598.96645699
794.496405402 4598.96645699
795.091645236 4598.96645699
795.686885071 4598.96645699
796.282124905 4598.96645699
796.87736474 4598.96645699
797.472604574 4598.96645699
798.067844409 4598.96645699
798.663084243 4598.96645699
799.258324078 4598.96645699
799.853563912 4598.96645699
800.448803747 3623.4565445
801.044043581 3623.4565445
801.639283415 3623.4565445
802.23452325 3623.4565445
802.829763084 3623.4565445
803.425002919 3623.4565445
804.020242753 3623.4565445
804.615482588 3623.4565445
805.210722422 3623.4565445
805.805962257 3623.4565445
806.401202091 3623.4565445
806.996441926 3623.4565445
807.59168176 3623.4565445
808.186921595 3623.4565445
808.782161429 3623.4565445
809.377401264 3623.4565445
809.972641098 3623.4565445
810.567880933 3623.4565445
811.163120767 3623.4565445
811.758360602 3623.4565445
812.353600436 3623.4565445
812.94884027 3623.4565445
813.544080105 3623.4565445
814.139319939 3623.4565445
814.734559774 3623.4565445
815.329799608 3623.4565445
815.925039443 3623.4565445
816.520279277 3623.4565445
817.115519112 3623.4565445
817.710758946 3623.4565445
818.305998781 3623.4565445
818.901238615 3623.4565445
819.49647845 3623.4565445
820.091718284 3623.4565445
820.686958119 3623.4565445
821.282197953 3623.4565445
821.877437788 3623.4565445
822.472677622 3623.4565445
823.067917456 3623.4565445
823.663157291 3623.4565445
824.258397125 3623.4565445
824.85363696 3623.4565445
825.448876794 3623.4565445
826.044116629 3623.4565445
826.639356463 3623.4565445
827.234596298 3623.4565445
827.829836132 3623.4565445
828.425075967 3623.4565445
829.020315801 3623.4565445
829.615555636 3623.4565445
830.21079547 3623.4565445
830.806035305 3623.4565445
831.401275139 3623.4565445
831.996514974 3623.4565445
832.591754808 3623.4565445
833.186994643 3623.4565445
833.782234477 3623.4565445
834.377474311 3623.4565445
834.972714146 3623.4565445
835.56795398 3623.4565445
836.163193815 3623.4565445
836.758433649 3623.4565445
837.353673484 3623.4565445
837.948913318 3623.4565445
838.544153153 5205.52846267
839.139392987 5205.52846267
839.734632822 5205.52846267
840.329872656 5205.52846267
840.925112491 5205.52846267
841.520352325 5205.52846267
842.11559216 5205.52846267
842.710831994 5205.52846267
843.306071829 5205.52846267
843.901311663 5205.52846267
844.496551498 5205.52846267
845.091791332 5205.52846267
845.687031166 5205.52846267
846.282271001 5205.52846267
846.877510835 5205.52846267
847.47275067 5205.52846267
848.067990504 5205.52846267
848.663230339 5205.52846267
849.258470173 5205.52846267
849.853710008 5205.52846267
850.448949842 5205.52846267
851.044189677 5205.52846267
851.639429511 5205.52846267
852.234669346 5205.52846267
852.82990918 5205.52846267
853.425149015 5205.52846267
854.020388849 5205.52846267
854.615628684 5205.52846267
855.210868518 5205.52846267
855.806108352 5205.52846267
856.401348187 5205.52846267
856.996588021 5205.52846267
857.591827856 5205.52846267
858.18706769 5205.52846267
858.782307525 5205.52846267
859.377547359 5205.52846267
859.972787194 5205.52846267
860.568027028 5205.52846267
861.163266863 5205.52846267
861.758506697 5205.52846267
862.353746532 5205.52846267
862.948986366 5205.52846267
863.544226201 5205.52846267
864.139466035 5205.52846267
864.73470587 5205.52846267
865.329945704 5205.52846267
865.925185539 5205.52846267
866.520425373 5205.52846267
867.115665207 5205.52846267
867.710905042 5205.52846267
868.306144876 5205.52846267
868.901384711 5205.52846267
869.496624545 5205.52846267
870.09186438 5205.52846267
870.687104214 5205.52846267
871.282344049 5205.52846267
871.877583883 5205.52846267
872.472823718 5205.52846267
873.068063552 5205.52846267
873.663303387 5205.52846267
874.258543221 5205.52846267
874.853783056 5205.52846267
875.44902289 5205.52846267
876.044262725 5205.52846267
876.639502559 5205.52846267
877.234742394 5205.52846267
877.829982228 5205.52846267
878.425222062 5205.52846267
879.020461897 5205.52846267
879.615701731 5205.52846267
880.210941566 5205.52846267
880.8061814 5205.52846267
881.401421235 5205.52846267
881.996661069 5205.52846267
882.591900904 5205.52846267
883.187140738 5205.52846267
883.782380573 5205.52846267
884.377620407 5205.52846267
884.972860242 5205.52846267
885.568100076 5205.52846267
886.163339911 5205.52846267
886.758579745 5205.52846267
887.35381958 5205.52846267
887.949059414 5205.52846267
888.544299248 5205.52846267
889.139539083 5205.52846267
889.734778917 5205.52846267
890.330018752 5205.52846267
890.925258586 5205.52846267
891.520498421 5205.52846267
892.115738255 5205.52846267
892.71097809 5205.52846267
893.306217924 5205.52846267
893.901457759 5205.52846267
894.496697593 5205.52846267
895.091937428 5205.52846267
895.687177262 5205.52846267
896.282417097 5205.52846267
896.877656931 5205.52846267
897.472896766 5205.52846267
898.0681366 5205.52846267
898.663376435 5205.52846267
899.258616269 5205.52846267
899.853856103 5205.52846267
900.449095938 5205.52846267
901.044335772 5205.52846267
901.639575607 5205.52846267
902.234815441 5205.52846267
902.830055276 5205.52846267
903.42529511 5205.52846267
904.020534945 5205.52846267
904.615774779 5205.52846267
905.211014614 5205.52846267
905.806254448 5205.52846267
906.401494283 5205.52846267
906.996734117 5205.52846267
907.591973952 5205.52846267
908.187213786 5205.52846267
908.782453621 5205.52846267
909.377693455 5205.52846267
909.97293329 5205.52846267
910.568173124 5205.52846267
911.163412958 5205.52846267
911.758652793 5205.52846267
912.353892627 5205.52846267
912.949132462 5205.52846267
913.544372296 5205.52846267
914.139612131 5205.52846267
914.734851965 5718.30376468
915.3300918 5718.30376468
915.925331634 5718.30376468
916.520571469 5718.30376468
917.115811303 5718.30376468
917.711051138 5718.30376468
918.306290972 5718.30376468
918.901530807 5718.30376468
919.496770641 5718.30376468
920.092010476 5718.30376468
920.68725031 5718.30376468
921.282490144 5718.30376468
921.877729979 5718.30376468
922.472969813 5718.30376468
923.068209648 5718.30376468
923.663449482 5718.30376468
924.258689317 5718.30376468
924.853929151 5718.30376468
925.449168986 5718.30376468
926.04440882 5718.30376468
926.639648655 5718.30376468
927.234888489 5718.30376468
927.830128324 5718.30376468
928.425368158 5718.30376468
929.020607993 5718.30376468
929.615847827 5718.30376468
930.211087662 5718.30376468
930.806327496 5718.30376468
931.401567331 5718.30376468
931.996807165 5718.30376468
932.592046999 5718.30376468
933.187286834 5718.30376468
933.782526668 5718.30376468
934.377766503 5718.30376468
934.973006337 5718.30376468
935.568246172 5718.30376468
936.163486006 5718.30376468
936.758725841 5718.30376468
937.353965675 5718.30376468
937.94920551 5718.30376468
938.544445344 5718.30376468
939.139685179 5718.30376468
939.734925013 5718.30376468
940.330164848 5718.30376468
940.925404682 5718.30376468
941.520644517 5718.30376468
942.115884351 5718.30376468
942.711124185 5718.30376468
943.30636402 5718.30376468
943.901603854 5718.30376468
944.496843689 5718.30376468
945.092083523 5718.30376468
945.687323358 5718.30376468
946.282563192 5718.30376468
946.877803027 5718.30376468
947.473042861 5718.30376468
948.068282696 5718.30376468
948.66352253 5718.30376468
949.258762365 5718.30376468
949.854002199 5718.30376468
950.449242034 5718.30376468
951.044481868 5718.30376468
951.639721703 5718.30376468
952.234961537 5718.30376468
952.830201372 5718.30376468
953.425441206 5718.30376468
954.02068104 5718.30376468
954.615920875 5718.30376468
955.211160709 5718.30376468
955.806400544 5718.30376468
956.401640378 5718.30376468
956.996880213 5718.30376468
957.592120047 5718.30376468
958.187359882 5718.30376468
958.782599716 5718.30376468
959.377839551 5718.30376468
959.973079385 5718.30376468
960.56831922 5718.30376468
961.163559054 5718.30376468
961.758798889 5718.30376468
962.354038723 5718.30376468
962.949278558 5718.30376468
963.544518392 5718.30376468
964.139758227 5718.30376468
964.734998061 5718.30376468
965.330237895 5718.30376468
965.92547773 5718.30376468
966.520717564 5718.30376468
967.115957399 5718.30376468
967.711197233 5718.30376468
968.306437068 5718.30376468
968.901676902 5718.30376468
969.496916737 5718.30376468
970.092156571 5718.30376468
970.687396406 5718.30376468
971.28263624 5718.30376468
971.877876075 5718.30376468
972.473115909 5718.30376468
973.068355744 5718.30376468
973.663595578 5718.30376468
974.258835413 5718.30376468
974.854075247 5718.30376468
975.449315081 5718.30376468
976.044554916 5718.30376468
976.63979475 5718.30376468
977.235034585 5718.30376468
977.830274419 5718.30376468
978.425514254 5718.30376468
979.020754088 5718.30376468
979.615993923 5718.30376468
980.211233757 5718.30376468
980.806473592 5718.30376468
981.401713426 5718.30376468
981.996953261 5718.30376468
982.592193095 5718.30376468
983.18743293 5718.30376468
983.782672764 5718.30376468
984.377912599 5718.30376468
984.973152433 5718.30376468
985.568392268 5718.30376468
986.163632102 5718.30376468
986.758871936 5718.30376468
987.354111771 5718.30376468
987.949351605 5718.30376468
988.54459144 5718.30376468
989.139831274 5718.30376468
989.735071109 5718.30376468
990.330310943 5718.30376468
990.925550778 5718.30376468
991.520790612 5718.30376468
992.116030447 5718.30376468
992.711270281 5718.30376468
993.306510116 5718.30376468
993.90174995 5718.30376468
994.496989785 5718.30376468
995.092229619 5718.30376468
995.687469454 5718.30376468
996.282709288 5718.30376468
996.877949123 5718.30376468
997.473188957 5718.30376468
998.068428791 5718.30376468
998.663668626 5718.30376468
999.25890846 5718.30376468
999.854148295 5718.30376468
1000.44938813 5718.30376468
1001.04462796 5718.30376468
1001.6398678 5718.30376468
1002.23510763 5718.30376468
1002.83034747 5718.30376468
1003.4255873 5718.30376468
1004.02082714 5718.30376468
1004.61606697 5718.30376468
1005.21130681 5718.30376468
1005.80654664 5718.30376468
1006.40178647 5718.30376468
1006.99702631 5718.30376468
1007.59226614 5718.30376468
1008.18750598 5718.30376468
1008.78274581 5718.30376468
1009.37798565 5718.30376468
1009.97322548 5718.30376468
1010.56846532 5718.30376468
1011.16370515 5718.30376468
1011.75894498 5718.30376468
1012.35418482 5718.30376468
1012.94942465 5718.30376468
1013.54466449 5718.30376468
1014.13990432 5718.30376468
1014.73514416 5718.30376468
1015.33038399 5718.30376468
1015.92562383 5718.30376468
1016.52086366 5718.30376468
1017.11610349 5718.30376468
1017.71134333 5718.30376468
1018.30658316 5718.30376468
1018.901823 5718.30376468
1019.49706283 5718.30376468
1020.09230267 5718.30376468
1020.6875425 5718.30376468
1021.28278234 5718.30376468
1021.87802217 5718.30376468
1022.473262 5718.30376468
1023.06850184 5718.30376468
1023.66374167 5718.30376468
1024.25898151 5718.30376468
1024.85422134 5718.30376468
1025.44946118 5718.30376468
1026.04470101 5718.30376468
1026.63994085 5718.30376468
1027.23518068 5718.30376468
1027.83042052 5718.30376468
1028.42566035 5718.30376468
1029.02090018 5718.30376468
1029.61614002 5718.30376468
1030.21137985 5718.30376468
1030.80661969 5718.30376468
1031.40185952 5718.30376468
1031.99709936 5718.30376468
1032.59233919 5718.30376468
1033.18757903 5718.30376468
1033.78281886 5718.30376468
1034.37805869 5718.30376468
1034.97329853 5718.30376468
1035.56853836 5718.30376468
1036.1637782 5718.30376468
1036.75901803 5718.30376468
1037.35425787 5718.30376468
1037.9494977 5718.30376468
1038.54473754 5718.30376468
1039.13997737 5718.30376468
1039.7352172 5718.30376468
1040.33045704 5718.30376468
1040.92569687 5718.30376468
1041.52093671 5718.30376468
1042.11617654 5718.30376468
1042.71141638 5718.30376468
1043.30665621 5718.30376468
1043.90189605 5718.30376468
1044.49713588 5718.30376468
1045.09237571 5718.30376468
1045.68761555 5718.30376468
1046.28285538 5718.30376468
1046.87809522 5718.30376468
1047.47333505 5718.30376468
1048.06857489 5718.30376468
1048.66381472 5718.30376468
1049.25905456 5718.30376468
1049.85429439 5718.30376468
1050.44953423 5718.30376468
1051.04477406 5718.30376468
1051.64001389 5718.30376468
1052.23525373 5718.30376468
1052.83049356 5718.30376468
1053.4257334 5718.30376468
1054.02097323 5718.30376468
1054.61621307 5718.30376468
1055.2114529 5718.30376468
1055.80669274 5718.30376468
1056.40193257 5718.30376468
1056.9971724 5718.30376468
1057.59241224 5718.30376468
1058.18765207 5718.30376468
1058.78289191 5718.30376468
1059.37813174 5718.30376468
1059.97337158 5718.30376468
1060.56861141 5718.30376468
1061.16385125 5718.30376468
1061.75909108 5718.30376468
1062.35433091 5718.30376468
1062.94957075 5718.30376468
1063.54481058 5718.30376468
1064.14005042 5718.30376468
1064.73529025 5718.30376468
1065.33053009 5718.30376468
1065.92576992 5718.30376468
1066.52100976 5718.30376468
1067.11624959 5718.30376468
1067.71148942 5718.30376468
1068.30672926 5718.30376468
1068.90196909 5718.30376468
1069.49720893 5718.30376468
1070.09244876 5718.30376468
1070.6876886 5718.30376468
1071.28292843 5718.30376468
1071.87816827 5718.30376468
1072.4734081 5718.30376468
1073.06864794 5718.30376468
1073.66388777 5718.30376468
1074.2591276 5718.30376468
1074.85436744 5718.30376468
1075.44960727 5718.30376468
1076.04484711 5718.30376468
1076.64008694 5718.30376468
1077.23532678 5718.30376468
1077.83056661 5718.30376468
1078.42580645 5718.30376468
1079.02104628 5718.30376468
1079.61628611 5718.30376468
1080.21152595 5718.30376468
1080.80676578 5718.30376468
1081.40200562 5718.30376468
1081.99724545 5718.30376468
1082.59248529 5718.30376468
1083.18772512 5718.30376468
1083.78296496 5718.30376468
1084.37820479 5718.30376468
1084.97344462 5718.30376468
1085.56868446 5718.30376468
1086.16392429 5718.30376468
1086.75916413 5718.30376468
1087.35440396 5718.30376468
1087.9496438 5718.30376468
1088.54488363 5718.30376468
1089.14012347 5718.30376468
1089.7353633 5718.30376468
1090.33060313 5718.30376468
1090.92584297 5718.30376468
1091.5210828 5718.30376468
1092.11632264 5718.30376468
1092.71156247 5718.30376468
1093.30680231 5718.30376468
1093.90204214 5718.30376468
1094.49728198 5718.30376468
1095.09252181 5718.30376468
1095.68776164 5718.30376468
1096.28300148 5718.30376468
1096.87824131 5718.30376468
1097.47348115 5718.30376468
1098.06872098 5718.30376468
1098.66396082 5718.30376468
1099.25920065 5718.30376468
1099.85444049 5718.30376468
1100.44968032 5718.30376468
1101.04492016 5718.30376468
1101.64015999 5718.30376468
1102.23539982 5718.30376468
1102.83063966 5718.30376468
1103.42587949 5718.30376468
1104.02111933 5718.30376468
1104.61635916 5718.30376468
1105.211599 5718.30376468
1105.80683883 5718.30376468
1106.40207867 5718.30376468
1106.9973185 5718.30376468
1107.59255833 5718.30376468
1108.18779817 5718.30376468
1108.783038 5718.30376468
1109.37827784 5718.30376468
1109.97351767 5718.30376468
1110.56875751 5718.30376468
1111.16399734 5718.30376468
1111.75923718 5718.30376468
1112.35447701 5718.30376468
1112.94971684 5718.30376468
1113.54495668 5718.30376468
1114.14019651 5718.30376468
1114.73543635 5718.30376468
1115.33067618 5718.30376468
1115.92591602 5718.30376468
1116.52115585 5718.30376468
1117.11639569 5718.30376468
1117.71163552 5718.30376468
1118.30687535 5718.30376468
1118.90211519 5718.30376468
1119.49735502 5718.30376468
1120.09259486 5718.30376468
1120.68783469 5718.30376468
1121.28307453 5718.30376468
1121.87831436 5718.30376468
1122.4735542 5718.30376468
1123.06879403 5718.30376468
1123.66403387 5718.30376468
1124.2592737 5718.30376468
1124.85451353 5718.30376468
1125.44975337 5718.30376468
1126.0449932 5718.30376468
1126.64023304 5718.30376468
1127.23547287 5718.30376468
1127.83071271 5718.30376468
1128.42595254 5718.30376468
1129.02119238 5718.30376468
1129.61643221 5718.30376468
1130.21167204 5718.30376468
1130.80691188 5718.30376468
1131.40215171 5718.30376468
1131.99739155 5718.30376468
1132.59263138 5718.30376468
1133.18787122 5718.30376468
1133.78311105 5718.30376468
1134.37835089 5718.30376468
1134.97359072 5718.30376468
1135.56883055 5718.30376468
1136.16407039 5718.30376468
1136.75931022 5718.30376468
1137.35455006 5718.30376468
1137.94978989 5718.30376468
1138.54502973 5718.30376468
1139.14026956 5718.30376468
1139.7355094 5718.30376468
1140.33074923 5718.30376468
1140.92598906 5718.30376468
1141.5212289 5718.30376468
1142.11646873 5718.30376468
1142.71170857 5718.30376468
1143.3069484 5718.30376468
1143.90218824 5718.30376468
1144.49742807 5718.30376468
1145.09266791 5718.30376468
1145.68790774 5718.30376468
1146.28314758 5718.30376468
1146.87838741 5718.30376468
1147.47362724 5718.30376468
1148.06886708 5718.30376468
1148.66410691 5718.30376468
1149.25934675 5718.30376468
1149.85458658 5718.30376468
1150.44982642 5718.30376468
1151.04506625 5718.30376468
1151.64030609 5718.30376468
1152.23554592 5718.30376468
1152.83078575 5718.30376468
1153.42602559 5718.30376468
1154.02126542 5718.30376468
1154.61650526 5718.30376468
1155.21174509 5718.30376468
1155.80698493 5718.30376468
1156.40222476 5718.30376468
1156.9974646 5718.30376468
1157.59270443 5718.30376468
1158.18794426 5718.30376468
1158.7831841 5718.30376468
1159.37842393 5718.30376468
1159.97366377 5718.30376468
1160.5689036 5718.30376468
1161.16414344 5718.30376468
1161.75938327 5718.30376468
1162.35462311 5718.30376468
1162.94986294 5718.30376468
1163.54510277 5718.30376468
1164.14034261 5718.30376468
1164.73558244 5718.30376468
1165.33082228 5718.30376468
1165.92606211 5718.30376468
1166.52130195 5718.30376468
1167.11654178 5718.30376468
1167.71178162 5718.30376468
1168.30702145 5718.30376468
1168.90226129 5718.30376468
1169.49750112 5718.30376468
1170.09274095 5718.30376468
1170.68798079 5718.30376468
1171.28322062 5718.30376468
1171.87846046 5718.30376468
1172.47370029 5718.30376468
1173.06894013 5718.30376468
1173.66417996 5718.30376468
1174.2594198 5718.30376468
1174.85465963 5718.30376468
1175.44989946 5718.30376468
1176.0451393 5718.30376468
1176.64037913 5718.30376468
1177.23561897 5718.30376468
1177.8308588 5718.30376468
1178.42609864 5718.30376468
1179.02133847 5718.30376468
1179.61657831 5718.30376468
1180.21181814 5718.30376468
1180.80705797 5718.30376468
1181.40229781 5718.30376468
1181.99753764 5718.30376468
1182.59277748 5718.30376468
1183.18801731 5718.30376468
1183.78325715 5718.30376468
1184.37849698 5718.30376468
1184.97373682 5718.30376468
1185.56897665 5718.30376468
1186.16421648 5718.30376468
1186.75945632 5718.30376468
1187.35469615 5718.30376468
1187.94993599 5718.30376468
1188.54517582 5718.30376468
1189.14041566 5718.30376468
1189.73565549 5718.30376468
1190.33089533 5718.30376468
1190.92613516 5718.30376468
1191.521375 5718.30376468
1192.11661483 5718.30376468
1192.71185466 5718.30376468
1193.3070945 5718.30376468
1193.90233433 5718.30376468
1194.49757417 5718.30376468
1195.092814 5718.30376468
1195.68805384 5718.30376468
1196.28329367 5718.30376468
1196.87853351 5718.30376468
1197.47377334 5718.30376468
1198.06901317 5718.30376468
1198.66425301 5718.30376468
1199.25949284 5718.30376468
1199.85473268 5718.30376468
1200.44997251 5718.30376468
1201.04521235 5718.30376468
1201.64045218 5718.30376468
1202.23569202 5718.30376468
1202.83093185 5718.30376468
1203.42617168 5718.30376468
1204.02141152 5718.30376468
1204.61665135 5718.30376468
1205.21189119 5718.30376468
1205.80713102 5718.30376468
1206.40237086 5718.30376468
1206.99761069 5718.30376468
1207.59285053 5718.30376468
1208.18809036 5718.30376468
1208.78333019 5718.30376468
1209.37857003 5718.30376468
1209.97380986 5718.30376468
1210.5690497 5718.30376468
1211.16428953 5718.30376468
1211.75952937 5718.30376468
1212.3547692 5718.30376468
1212.95000904 5718.30376468
1213.54524887 5718.30376468
1214.14048871 5718.30376468
1214.73572854 5718.30376468
1215.33096837 5718.30376468
1215.92620821 5718.30376468
1216.52144804 5718.30376468
1217.11668788 5718.30376468
1217.71192771 5718.30376468
1218.30716755 5718.30376468
1218.90240738 5718.30376468
