0.446466215283 3129.89605868
1.04170604976 3129.89605868
1.63694588423 3129.89605868
2.2321857187 3129.89605868
2.82742555317 3129.89605868
3.42266538765 3129.89605868
4.01790522212 3129.89605868
4.61314505659 3129.89605868
5.20838489106 3129.89605868
5.80362472554 3129.89605868
6.39886456001 3129.89605868
6.99410439448 3129.89605868
7.58934422895 3129.89605868
8.18458406343 3129.89605868
8.7798238979 3129.89605868
9.37506373237 3129.89605868
9.97030356685 3129.89605868
10.5655434013 3129.89605868
11.1607832358 3129.89605868
11.7560230703 3129.89605868
12.3512629047 3129.89605868
12.9465027392 3129.89605868
13.5417425737 3129.89605868
14.1369824082 3129.89605868
14.7322222426 3129.89605868
15.3274620771 3129.89605868
15.9227019116 3129.89605868
16.517941746 3129.89605868
17.1131815805 3129.89605868
17.708421415 3129.89605868
18.3036612495 3129.89605868
18.8989010839 3129.89605868
19.4941409184 3129.89605868
20.0893807529 3129.89605868
20.6846205874 3129.89605868
21.2798604218 3129.89605868
21.8751002563 3129.89605868
22.4703400908 3129.89605868
23.0655799252 3129.89605868
23.6608197597 3129.89605868
24.2560595942 3129.89605868
24.8512994287 3129.89605868
25.4465392631 3129.89605868
26.0417790976 3129.89605868
26.6370189321 3129.89605868
27.2322587666 3129.89605868
27.827498601 3129.89605868
28.4227384355 3129.89605868
29.01797827 3129.89605868
29.6132181044 3129.89605868
30.2084579389 3129.89605868
30.8036977734 3129.89605868
31.3989376079 3129.89605868
31.9941774423 3129.89605868
32.5894172768 3129.89605868
33.1846571113 3129.89605868
33.7798969458 3129.89605868
34.3751367802 3129.89605868
34.9703766147 3129.89605868
35.5656164492 3129.89605868
36.1608562836 3129.89605868
36.7560961181 3129.89605868
37.3513359526 3129.89605868
37.9465757871 3129.89605868
38.5418156215 3129.89605868
39.137055456 3129.89605868
39.7322952905 3129.89605868
40.327535125 3129.89605868
40.9227749594 3129.89605868
41.5180147939 3129.89605868
42.1132546284 3129.89605868
42.7084944628 3129.89605868
43.3037342973 3129.89605868
43.8989741318 3129.89605868
44.4942139663 3129.89605868
45.0894538007 3129.89605868
45.6846936352 3129.89605868
46.2799334697 3129.89605868
46.8751733041 3129.89605868
47.4704131386 3129.89605868
48.0656529731 3129.89605868
48.6608928076 3129.89605868
49.256132642 3129.89605868
49.8513724765 3129.89605868
50.446612311 3129.89605868
51.0418521455 3129.89605868
51.6370919799 3129.89605868
52.2323318144 3129.89605868
52.8275716489 3129.89605868
53.4228114833 3129.89605868
54.0180513178 3129.89605868
54.6132911523 3129.89605868
55.2085309868 3129.89605868
55.8037708212 3129.89605868
56.3990106557 3129.89605868
56.9942504902 3129.89605868
57.5894903247 3129.89605868
58.1847301591 3129.89605868
58.7799699936 3129.89605868
59.3752098281 3129.89605868
59.9704496625 3129.89605868
60.565689497 3129.89605868
61.1609293315 3129.89605868
61.756169166 3129.89605868
62.3514090004 3129.89605868
62.9466488349 3129.89605868
63.5418886694 3129.89605868
64.1371285039 3129.89605868
64.7323683383 3129.89605868
65.3276081728 3129.89605868
65.9228480073 3129.89605868
66.5180878417 3129.89605868
67.1133276762 3129.89605868
67.7085675107 3129.89605868
68.3038073452 3129.89605868
68.8990471796 3129.89605868
69.4942870141 3129.89605868
70.0895268486 3129.89605868
70.6847666831 3129.89605868
71.2800065175 3129.89605868
71.875246352 3129.89605868
72.4704861865 3129.89605868
73.0657260209 3129.89605868
73.6609658554 3129.89605868
74.2562056899 3129.89605868
74.8514455244 3129.89605868
75.4466853588 3129.89605868
76.0419251933 3129.89605868
76.6371650278 3129.89605868
77.2324048623 3129.89605868
77.8276446967 3129.89605868
78.4228845312 3129.89605868
79.0181243657 3129.89605868
79.6133642001 3129.89605868
80.2086040346 3129.89605868
80.8038438691 3129.89605868
81.3990837036 3129.89605868
81.994323538 3129.89605868
82.5895633725 3129.89605868
83.184803207 3129.89605868
83.7800430415 3129.89605868
84.3752828759 3129.89605868
84.9705227104 3129.89605868
85.5657625449 3129.89605868
86.1610023793 3129.89605868
86.7562422138 3129.89605868
87.3514820483 3129.89605868
87.9467218828 3129.89605868
88.5419617172 3129.89605868
89.1372015517 3129.89605868
89.7324413862 3129.89605868
90.3276812207 3129.89605868
90.9229210551 3129.89605868
91.5181608896 3129.89605868
92.1134007241 3129.89605868
92.7086405585 3129.89605868
93.303880393 3129.89605868
93.8991202275 3129.89605868
94.494360062 3129.89605868
95.0895998964 3129.89605868
95.6848397309 3129.89605868
96.2800795654 3129.89605868
96.8753193999 3129.89605868
97.4705592343 3129.89605868
98.0657990688 3129.89605868
98.6610389033 3129.89605868
99.2562787377 3129.89605868
99.8515185722 3129.89605868
100.446758407 3129.89605868
101.041998241 3129.89605868
101.637238076 3129.89605868
102.23247791 3129.89605868
102.827717745 3129.89605868
103.422957579 3129.89605868
104.018197414 3129.89605868
104.613437248 3129.89605868
105.208677082 3129.89605868
105.803916917 3129.89605868
106.399156751 3129.89605868
106.994396586 3129.89605868
107.58963642 3129.89605868
108.184876255 3129.89605868
108.780116089 3129.89605868
109.375355924 3129.89605868
109.970595758 3129.89605868
110.565835593 3129.89605868
111.161075427 3129.89605868
111.756315262 3129.89605868
112.351555096 3129.89605868
112.946794931 3129.89605868
113.542034765 3129.89605868
114.1372746 3129.89605868
114.732514434 3129.89605868
115.327754269 3129.89605868
115.922994103 3129.89605868
116.518233937 3129.89605868
117.113473772 3129.89605868
117.708713606 3129.89605868
118.303953441 3129.89605868
118.899193275 3129.89605868
119.49443311 3129.89605868
120.089672944 3129.89605868
120.684912779 3129.89605868
121.280152613 3129.89605868
121.875392448 3129.89605868
122.470632282 3129.89605868
123.065872117 3129.89605868
123.661111951 3129.89605868
124.256351786 3129.89605868
124.85159162 3129.89605868
125.446831455 3129.89605868
126.042071289 3129.89605868
126.637311123 3129.89605868
127.232550958 3129.89605868
127.827790792 3129.89605868
128.423030627 3129.89605868
129.018270461 3129.89605868
129.613510296 3129.89605868
130.20875013 3129.89605868
130.803989965 3129.89605868
131.399229799 3129.89605868
131.994469634 3129.89605868
132.589709468 3129.89605868
133.184949303 3129.89605868
133.780189137 3129.89605868
134.375428972 3129.89605868
134.970668806 3129.89605868
135.565908641 3129.89605868
136.161148475 3129.89605868
136.75638831 3129.89605868
137.351628144 3129.89605868
137.946867978 3129.89605868
138.542107813 3129.89605868
139.137347647 3129.89605868
139.732587482 3129.89605868
140.327827316 3129.89605868
140.923067151 3129.89605868
141.518306985 3129.89605868
142.11354682 3129.89605868
142.708786654 3129.89605868
143.304026489 3129.89605868
143.899266323 3129.89605868
144.494506158 3129.89605868
145.089745992 3129.89605868
145.684985827 3129.89605868
146.280225661 3129.89605868
146.875465496 3129.89605868
147.47070533 3129.89605868
148.065945165 3129.89605868
148.661184999 3129.89605868
149.256424833 3129.89605868
149.851664668 3129.89605868
150.446904502 3129.89605868
151.042144337 3129.89605868
151.637384171 3129.89605868
152.232624006 3129.89605868
152.82786384 3129.89605868
153.423103675 3129.89605868
154.018343509 3129.89605868
154.613583344 3129.89605868
155.208823178 3129.89605868
155.804063013 3129.89605868
156.399302847 3129.89605868
156.994542682 3129.89605868
157.589782516 3129.89605868
158.185022351 3129.89605868
158.780262185 3129.89605868
159.375502019 3129.89605868
159.970741854 3129.89605868
160.565981688 3129.89605868
161.161221523 3129.89605868
161.756461357 3129.89605868
162.351701192 3129.89605868
162.946941026 3129.89605868
163.542180861 3129.89605868
164.137420695 3129.89605868
164.73266053 3129.89605868
165.327900364 3129.89605868
165.923140199 3129.89605868
166.518380033 3129.89605868
167.113619868 3129.89605868
167.708859702 3129.89605868
168.304099537 3129.89605868
168.899339371 3129.89605868
169.494579206 3129.89605868
170.08981904 3129.89605868
170.685058874 3129.89605868
171.280298709 3129.89605868
171.875538543 3129.89605868
172.470778378 3129.89605868
173.066018212 3129.89605868
173.661258047 3129.89605868
174.256497881 3129.89605868
174.851737716 3129.89605868
175.44697755 3129.89605868
176.042217385 3129.89605868
176.637457219 3129.89605868
177.232697054 3129.89605868
177.827936888 3129.89605868
178.423176723 3129.89605868
179.018416557 3129.89605868
179.613656392 3129.89605868
180.208896226 3129.89605868
180.80413606 3129.89605868
181.399375895 3129.89605868
181.994615729 3129.89605868
182.589855564 3129.89605868
183.185095398 3129.89605868
183.780335233 3129.89605868
184.375575067 3129.89605868
184.970814902 3129.89605868
185.566054736 3129.89605868
186.161294571 3129.89605868
186.756534405 3129.89605868
187.35177424 3129.89605868
187.947014074 3129.89605868
188.542253909 3129.89605868
189.137493743 3129.89605868
189.732733578 3129.89605868
190.327973412 3129.89605868
190.923213247 3129.89605868
191.518453081 3129.89605868
192.113692915 3129.89605868
192.70893275 3129.89605868
193.304172584 3129.89605868
193.899412419 3129.89605868
194.494652253 3129.89605868
195.089892088 3129.89605868
195.685131922 3129.89605868
196.280371757 3129.89605868
196.875611591 3129.89605868
197.470851426 3129.89605868
198.06609126 3129.89605868
198.661331095 3129.89605868
199.256570929 3129.89605868
199.851810764 3129.89605868
200.447050598 3129.89605868
201.042290433 3129.89605868
201.637530267 3129.89605868
202.232770102 3129.89605868
202.828009936 3129.89605868
203.42324977 3129.89605868
204.018489605 3129.89605868
204.613729439 3129.89605868
205.208969274 3129.89605868
205.804209108 3129.89605868
206.399448943 3129.89605868
206.994688777 3129.89605868
207.589928612 3129.89605868
208.185168446 3129.89605868
208.780408281 3129.89605868
209.375648115 3129.89605868
209.97088795 3129.89605868
210.566127784 3129.89605868
211.161367619 3129.89605868
211.756607453 3129.89605868
212.351847288 3129.89605868
212.947087122 3129.89605868
213.542326956 3129.89605868
214.137566791 3129.89605868
214.732806625 3129.89605868
215.32804646 3129.89605868
215.923286294 3129.89605868
216.518526129 3129.89605868
217.113765963 3129.89605868
217.709005798 3129.89605868
218.304245632 3129.89605868
218.899485467 3129.89605868
219.494725301 3129.89605868
220.089965136 3129.89605868
220.68520497 3129.89605868
221.280444805 3129.89605868
221.875684639 3129.89605868
222.470924474 3129.89605868
223.066164308 3129.89605868
223.661404143 3129.89605868
224.256643977 3129.89605868
224.851883811 3129.89605868
225.447123646 3129.89605868
226.04236348 3129.89605868
226.637603315 3129.89605868
227.232843149 3129.89605868
227.828082984 3129.89605868
228.423322818 3129.89605868
229.018562653 3129.89605868
229.613802487 3129.89605868
230.209042322 3129.89605868
230.804282156 3129.89605868
231.399521991 3129.89605868
231.994761825 3129.89605868
232.59000166 3129.89605868
233.185241494 3129.89605868
233.780481329 3129.89605868
234.375721163 3129.89605868
234.970960998 3129.89605868
235.566200832 3129.89605868
236.161440666 3129.89605868
236.756680501 3129.89605868
237.351920335 3129.89605868
237.94716017 3129.89605868
238.542400004 3129.89605868
239.137639839 3129.89605868
239.732879673 3129.89605868
240.328119508 3129.89605868
240.923359342 3129.89605868
241.518599177 3129.89605868
242.113839011 3129.89605868
242.709078846 3129.89605868
243.30431868 3129.89605868
243.899558515 3129.89605868
244.494798349 3129.89605868
245.090038184 3129.89605868
245.685278018 3129.89605868
246.280517852 3129.89605868
246.875757687 3129.89605868
247.470997521 3129.89605868
248.066237356 3129.89605868
248.66147719 3129.89605868
249.256717025 3129.89605868
249.851956859 3129.89605868
250.447196694 3129.89605868
251.042436528 3129.89605868
251.637676363 3129.89605868
252.232916197 3129.89605868
252.828156032 3129.89605868
253.423395866 3129.89605868
254.018635701 3129.89605868
254.613875535 3129.89605868
255.20911537 3129.89605868
255.804355204 3129.89605868
256.399595039 3129.89605868
256.994834873 3129.89605868
257.590074707 3129.89605868
258.185314542 3129.89605868
258.780554376 3129.89605868
259.375794211 3129.89605868
259.971034045 3129.89605868
260.56627388 3129.89605868
261.161513714 3129.89605868
261.756753549 3129.89605868
262.351993383 3129.89605868
262.947233218 3129.89605868
263.542473052 3129.89605868
264.137712887 3129.89605868
264.732952721 3129.89605868
265.328192556 3129.89605868
265.92343239 3129.89605868
266.518672225 3129.89605868
267.113912059 3129.89605868
267.709151894 3129.89605868
268.304391728 3129.89605868
268.899631562 3129.89605868
269.494871397 3129.89605868
270.090111231 3129.89605868
270.685351066 3129.89605868
271.2805909 3129.89605868
271.875830735 3129.89605868
272.471070569 3129.89605868
273.066310404 3129.89605868
273.661550238 3129.89605868
274.256790073 3129.89605868
274.852029907 3129.89605868
275.447269742 3129.89605868
276.042509576 3129.89605868
276.637749411 3129.89605868
277.232989245 3129.89605868
277.82822908 3129.89605868
278.423468914 3129.89605868
279.018708748 3129.89605868
279.613948583 3129.89605868
280.209188417 3129.89605868
280.804428252 3129.89605868
281.399668086 3129.89605868
281.994907921 3129.89605868
282.590147755 3129.89605868
283.18538759 3129.89605868
283.780627424 3129.89605868
284.375867259 3129.89605868
284.971107093 3129.89605868
285.566346928 3129.89605868
286.161586762 3129.89605868
286.756826597 3129.89605868
287.352066431 3129.89605868
287.947306266 3129.89605868
288.5425461 3129.89605868
289.137785935 3129.89605868
289.733025769 3129.89605868
290.328265603 3129.89605868
290.923505438 3129.89605868
291.518745272 3129.89605868
292.113985107 3129.89605868
292.709224941 3129.89605868
293.304464776 3129.89605868
293.89970461 3129.89605868
294.494944445 3129.89605868
295.090184279 3129.89605868
295.685424114 3129.89605868
296.280663948 3129.89605868
296.875903783 3129.89605868
297.471143617 3129.89605868
298.066383452 3129.89605868
298.661623286 3129.89605868
299.256863121 3129.89605868
299.852102955 3129.89605868
300.44734279 3129.89605868
301.042582624 3129.89605868
301.637822458 3129.89605868
302.233062293 3129.89605868
302.828302127 3129.89605868
303.423541962 3129.89605868
304.018781796 3129.89605868
304.614021631 3129.89605868
305.209261465 3697.13815188
305.8045013 3697.13815188
306.399741134 3697.13815188
306.994980969 3697.13815188
307.590220803 3697.13815188
308.185460638 3697.13815188
308.780700472 3697.13815188
309.375940307 3697.13815188
309.971180141 3697.13815188
310.566419976 3697.13815188
311.16165981 3697.13815188
311.756899644 3697.13815188
312.352139479 3697.13815188
312.947379313 3697.13815188
313.542619148 3697.13815188
314.137858982 3697.13815188
314.733098817 3697.13815188
315.328338651 3697.13815188
315.923578486 3697.13815188
316.51881832 3697.13815188
317.114058155 3697.13815188
317.709297989 3697.13815188
318.304537824 3697.13815188
318.899777658 3697.13815188
319.495017493 3697.13815188
320.090257327 3697.13815188
320.685497162 3697.13815188
321.280736996 3697.13815188
321.875976831 3697.13815188
322.471216665 3697.13815188
323.066456499 3697.13815188
323.661696334 3697.13815188
324.256936168 3697.13815188
324.852176003 3697.13815188
325.447415837 3697.13815188
326.042655672 3697.13815188
326.637895506 3697.13815188
327.233135341 3697.13815188
327.828375175 3697.13815188
328.42361501 3697.13815188
329.018854844 3697.13815188
329.614094679 3697.13815188
330.209334513 3697.13815188
330.804574348 3697.13815188
331.399814182 3697.13815188
331.995054017 3697.13815188
332.590293851 3697.13815188
333.185533685 3697.13815188
333.78077352 3697.13815188
334.376013354 3697.13815188
334.971253189 3697.13815188
335.566493023 3697.13815188
336.161732858 3697.13815188
336.756972692 3697.13815188
337.352212527 3697.13815188
337.947452361 3697.13815188
338.542692196 3697.13815188
339.13793203 3697.13815188
339.733171865 3697.13815188
340.328411699 3697.13815188
340.923651534 3697.13815188
341.518891368 3697.13815188
342.114131203 3697.13815188
342.709371037 3697.13815188
343.304610872 3697.13815188
343.899850706 3697.13815188
344.49509054 3697.13815188
345.090330375 3697.13815188
345.685570209 3697.13815188
346.280810044 3697.13815188
346.876049878 3697.13815188
347.471289713 3697.13815188
348.066529547 3697.13815188
348.661769382 3697.13815188
349.257009216 3697.13815188
349.852249051 3697.13815188
350.447488885 3697.13815188
351.04272872 3697.13815188
351.637968554 3697.13815188
352.233208389 3697.13815188
352.828448223 3697.13815188
353.423688058 3697.13815188
354.018927892 3697.13815188
354.614167727 3697.13815188
355.209407561 3697.13815188
355.804647395 3697.13815188
356.39988723 3697.13815188
356.995127064 3697.13815188
357.590366899 3697.13815188
358.185606733 3697.13815188
358.780846568 3697.13815188
359.376086402 3697.13815188
359.971326237 3697.13815188
360.566566071 3697.13815188
361.161805906 3697.13815188
361.75704574 3697.13815188
362.352285575 3697.13815188
362.947525409 3697.13815188
363.542765244 3697.13815188
364.138005078 3697.13815188
364.733244913 3697.13815188
365.328484747 3697.13815188
365.923724581 3697.13815188
366.518964416 3697.13815188
367.11420425 3697.13815188
367.709444085 3697.13815188
368.304683919 3697.13815188
368.899923754 3697.13815188
369.495163588 3697.13815188
370.090403423 3697.13815188
370.685643257 3697.13815188
371.280883092 3697.13815188
371.876122926 3697.13815188
372.471362761 3697.13815188
373.066602595 3697.13815188
373.66184243 3697.13815188
374.257082264 3697.13815188
374.852322099 3697.13815188
375.447561933 3697.13815188
376.042801768 3697.13815188
376.638041602 3697.13815188
377.233281436 3697.13815188
377.828521271 3697.13815188
378.423761105 3697.13815188
379.01900094 3697.13815188
379.614240774 3697.13815188
380.209480609 3697.13815188
380.804720443 3697.13815188
381.399960278 3697.13815188
381.995200112 3697.13815188
382.590439947 3697.13815188
383.185679781 3697.13815188
383.780919616 3697.13815188
384.37615945 3697.13815188
384.971399285 3697.13815188
385.566639119 3697.13815188
386.161878954 3697.13815188
386.757118788 3697.13815188
387.352358623 3697.13815188
387.947598457 3697.13815188
388.542838291 3697.13815188
389.138078126 3697.13815188
389.73331796 3697.13815188
390.328557795 3697.13815188
390.923797629 3697.13815188
391.519037464 3697.13815188
392.114277298 3697.13815188
392.709517133 3697.13815188
393.304756967 3697.13815188
393.899996802 3697.13815188
394.495236636 3697.13815188
395.090476471 3697.13815188
395.685716305 3697.13815188
396.28095614 3697.13815188
396.876195974 3697.13815188
397.471435809 3697.13815188
398.066675643 3697.13815188
398.661915477 3697.13815188
399.257155312 3697.13815188
399.852395146 3697.13815188
400.447634981 3697.13815188
401.042874815 3697.13815188
401.63811465 3697.13815188
402.233354484 3697.13815188
402.828594319 3697.13815188
403.423834153 3697.13815188
404.019073988 3697.13815188
404.614313822 3697.13815188
405.209553657 3697.13815188
405.804793491 3697.13815188
406.400033326 3697.13815188
406.99527316 3697.13815188
407.590512995 3697.13815188
408.185752829 3697.13815188
408.780992664 3697.13815188
409.376232498 3697.13815188
409.971472332 3697.13815188
410.566712167 3697.13815188
411.161952001 3697.13815188
411.757191836 3697.13815188
412.35243167 3697.13815188
412.947671505 3697.13815188
413.542911339 3697.13815188
414.138151174 3697.13815188
414.733391008 3697.13815188
415.328630843 3697.13815188
415.923870677 3697.13815188
416.519110512 3697.13815188
417.114350346 3697.13815188
417.709590181 3697.13815188
418.304830015 3697.13815188
418.90006985 3697.13815188
419.495309684 3697.13815188
420.090549519 3697.13815188
420.685789353 3697.13815188
421.281029187 3697.13815188
421.876269022 3697.13815188
422.471508856 3697.13815188
423.066748691 3697.13815188
423.661988525 3697.13815188
424.25722836 3697.13815188
424.852468194 3697.13815188
425.447708029 3697.13815188
426.042947863 3697.13815188
426.638187698 3697.13815188
427.233427532 3697.13815188
427.828667367 3697.13815188
428.423907201 3697.13815188
429.019147036 3697.13815188
429.61438687 3697.13815188
430.209626705 3697.13815188
430.804866539 3697.13815188
431.400106373 3697.13815188
431.995346208 3697.13815188
432.590586042 3697.13815188
433.185825877 3697.13815188
433.781065711 3697.13815188
434.376305546 3697.13815188
434.97154538 3697.13815188
435.566785215 3697.13815188
436.162025049 3697.13815188
436.757264884 3697.13815188
437.352504718 3697.13815188
437.947744553 3697.13815188
438.542984387 3697.13815188
439.138224222 3697.13815188
439.733464056 3697.13815188
440.328703891 3697.13815188
440.923943725 3697.13815188
441.51918356 3697.13815188
442.114423394 3697.13815188
442.709663228 3697.13815188
443.304903063 3697.13815188
443.900142897 3697.13815188
444.495382732 3697.13815188
445.090622566 3697.13815188
445.685862401 3697.13815188
446.281102235 3697.13815188
446.87634207 3697.13815188
447.471581904 3697.13815188
448.066821739 3697.13815188
448.662061573 3697.13815188
449.257301408 3697.13815188
449.852541242 3697.13815188
450.447781077 3697.13815188
451.043020911 3697.13815188
451.638260746 3697.13815188
452.23350058 3697.13815188
452.828740415 3697.13815188
453.423980249 3697.13815188
454.019220083 3697.13815188
454.614459918 3697.13815188
455.209699752 3697.13815188
455.804939587 3697.13815188
456.400179421 3697.13815188
456.995419256 3697.13815188
457.59065909 3427.00108549
458.185898925 3427.00108549
458.781138759 3427.00108549
459.376378594 3427.00108549
459.971618428 3427.00108549
460.566858263 3427.00108549
461.162098097 3427.00108549
461.757337932 3427.00108549
462.352577766 3427.00108549
462.947817601 3427.00108549
463.543057435 3427.00108549
464.138297269 3427.00108549
464.733537104 3427.00108549
465.328776938 3427.00108549
465.924016773 3427.00108549
466.519256607 3427.00108549
467.114496442 3427.00108549
467.709736276 3427.00108549
468.304976111 3427.00108549
468.900215945 3427.00108549
469.49545578 3427.00108549
470.090695614 3427.00108549
470.685935449 3427.00108549
471.281175283 3427.00108549
471.876415118 3427.00108549
472.471654952 3427.00108549
473.066894787 3427.00108549
473.662134621 3427.00108549
474.257374456 3427.00108549
474.85261429 3427.00108549
475.447854124 3427.00108549
476.043093959 3427.00108549
476.638333793 3427.00108549
477.233573628 3427.00108549
477.828813462 3427.00108549
478.424053297 3427.00108549
479.019293131 3427.00108549
479.614532966 3427.00108549
480.2097728 3427.00108549
480.805012635 3427.00108549
481.400252469 3427.00108549
481.995492304 3427.00108549
482.590732138 3427.00108549
483.185971973 3427.00108549
483.781211807 3427.00108549
484.376451642 3427.00108549
484.971691476 3427.00108549
485.56693131 3427.00108549
486.162171145 3427.00108549
486.757410979 3427.00108549
487.352650814 3427.00108549
487.947890648 3427.00108549
488.543130483 3427.00108549
489.138370317 3427.00108549
489.733610152 3427.00108549
490.328849986 3427.00108549
490.924089821 3427.00108549
491.519329655 3427.00108549
492.11456949 3427.00108549
492.709809324 3427.00108549
493.305049159 3427.00108549
493.900288993 3427.00108549
494.495528828 3427.00108549
495.090768662 3427.00108549
495.686008497 3427.00108549
496.281248331 3427.00108549
496.876488165 3427.00108549
497.471728 3427.00108549
498.066967834 3427.00108549
498.662207669 3427.00108549
499.257447503 3427.00108549
499.852687338 3427.00108549
500.447927172 3427.00108549
501.043167007 3427.00108549
501.638406841 3427.00108549
502.233646676 3427.00108549
502.82888651 3427.00108549
503.424126345 3427.00108549
504.019366179 3427.00108549
504.614606014 3427.00108549
505.209845848 3427.00108549
505.805085683 3427.00108549
506.400325517 3427.00108549
506.995565352 3427.00108549
507.590805186 3427.00108549
508.18604502 3427.00108549
508.781284855 3427.00108549
509.376524689 3427.00108549
509.971764524 3427.00108549
510.567004358 3427.00108549
511.162244193 3427.00108549
511.757484027 3427.00108549
512.352723862 3427.00108549
512.947963696 3427.00108549
513.543203531 3427.00108549
514.138443365 3427.00108549
514.7336832 3427.00108549
515.328923034 3427.00108549
515.924162869 3427.00108549
516.519402703 3427.00108549
517.114642538 3427.00108549
517.709882372 3427.00108549
518.305122206 3427.00108549
518.900362041 3427.00108549
519.495601875 3427.00108549
520.09084171 3427.00108549
520.686081544 3427.00108549
521.281321379 3427.00108549
521.876561213 3427.00108549
522.471801048 3427.00108549
523.067040882 3427.00108549
523.662280717 3427.00108549
524.257520551 3427.00108549
524.852760386 3427.00108549
525.44800022 3427.00108549
526.043240055 3427.00108549
526.638479889 3427.00108549
527.233719724 3427.00108549
527.828959558 3427.00108549
528.424199393 3427.00108549
529.019439227 3427.00108549
529.614679061 3427.00108549
530.209918896 3427.00108549
530.80515873 3427.00108549
531.400398565 3427.00108549
531.995638399 3427.00108549
532.590878234 3427.00108549
533.186118068 3427.00108549
533.781357903 3967.27521827
534.376597737 3967.27521827
534.971837572 3967.27521827
535.567077406 3967.27521827
536.162317241 3967.27521827
536.757557075 3967.27521827
537.35279691 3967.27521827
537.948036744 3967.27521827
538.543276579 3967.27521827
539.138516413 3967.27521827
539.733756248 3967.27521827
540.328996082 3967.27521827
540.924235916 3967.27521827
541.519475751 3967.27521827
542.114715585 3967.27521827
542.70995542 3967.27521827
543.305195254 3967.27521827
543.900435089 3967.27521827
544.495674923 3967.27521827
545.090914758 3967.27521827
545.686154592 3967.27521827
546.281394427 3967.27521827
546.876634261 3967.27521827
547.471874096 3967.27521827
548.06711393 3967.27521827
548.662353765 3967.27521827
549.257593599 3967.27521827
549.852833434 3967.27521827
550.448073268 3967.27521827
551.043313102 3967.27521827
551.638552937 3967.27521827
552.233792771 3967.27521827
552.829032606 3967.27521827
553.42427244 3967.27521827
554.019512275 3967.27521827
554.614752109 3967.27521827
555.209991944 3967.27521827
555.805231778 3967.27521827
556.400471613 3967.27521827
556.995711447 3967.27521827
557.590951282 3967.27521827
558.186191116 3967.27521827
558.781430951 3967.27521827
559.376670785 3967.27521827
559.97191062 3967.27521827
560.567150454 3967.27521827
561.162390289 3967.27521827
561.757630123 3967.27521827
562.352869957 3967.27521827
562.948109792 3967.27521827
563.543349626 3967.27521827
564.138589461 3967.27521827
564.733829295 3967.27521827
565.32906913 3967.27521827
565.924308964 3967.27521827
566.519548799 3967.27521827
567.114788633 3967.27521827
567.710028468 3967.27521827
568.305268302 3967.27521827
568.900508137 3967.27521827
569.495747971 3967.27521827
570.090987806 3967.27521827
570.68622764 3967.27521827
571.281467475 3967.27521827
571.876707309 3967.27521827
572.471947144 3967.27521827
573.067186978 3967.27521827
573.662426812 3967.27521827
574.257666647 3967.27521827
574.852906481 3967.27521827
575.448146316 3967.27521827
576.04338615 3967.27521827
576.638625985 3967.27521827
577.233865819 3967.27521827
577.829105654 3967.27521827
578.424345488 3967.27521827
579.019585323 3967.27521827
579.614825157 3967.27521827
580.210064992 3967.27521827
580.805304826 3967.27521827
581.400544661 3967.27521827
581.995784495 3967.27521827
582.59102433 3967.27521827
583.186264164 3967.27521827
583.781503998 3967.27521827
584.376743833 3967.27521827
584.971983667 3967.27521827
585.567223502 3967.27521827
586.162463336 3967.27521827
586.757703171 3967.27521827
587.352943005 3967.27521827
587.94818284 3967.27521827
588.543422674 3967.27521827
589.138662509 3967.27521827
589.733902343 3967.27521827
590.329142178 3967.27521827
590.924382012 3967.27521827
591.519621847 3967.27521827
592.114861681 3967.27521827
592.710101516 3967.27521827
593.30534135 3967.27521827
593.900581185 3967.27521827
594.495821019 3967.27521827
595.091060853 3967.27521827
595.686300688 3967.27521827
596.281540522 3967.27521827
596.876780357 3967.27521827
597.472020191 3967.27521827
598.067260026 3967.27521827
598.66249986 3967.27521827
599.257739695 3967.27521827
599.852979529 3967.27521827
600.448219364 3967.27521827
601.043459198 3967.27521827
601.638699033 3967.27521827
602.233938867 3967.27521827
602.829178702 3967.27521827
603.424418536 3967.27521827
604.019658371 3967.27521827
604.614898205 3967.27521827
605.21013804 3967.27521827
605.805377874 3967.27521827
606.400617708 3967.27521827
606.995857543 3967.27521827
607.591097377 3967.27521827
608.186337212 3967.27521827
608.781577046 3967.27521827
609.376816881 3967.27521827
609.972056715 4652.03606965
610.56729655 4652.03606965
611.162536384 4652.03606965
611.757776219 4652.03606965
612.353016053 4652.03606965
612.948255888 4652.03606965
613.543495722 4652.03606965
614.138735557 4652.03606965
614.733975391 4652.03606965
615.329215226 4652.03606965
615.92445506 4652.03606965
616.519694894 4652.03606965
617.114934729 4652.03606965
617.710174563 4652.03606965
618.305414398 4652.03606965
618.900654232 4652.03606965
619.495894067 4652.03606965
620.091133901 4652.03606965
620.686373736 4652.03606965
621.28161357 4652.03606965
621.876853405 4652.03606965
622.472093239 4652.03606965
623.067333074 4652.03606965
623.662572908 4652.03606965
624.257812743 4652.03606965
624.853052577 4652.03606965
625.448292412 4652.03606965
626.043532246 4652.03606965
626.638772081 4652.03606965
627.234011915 4652.03606965
627.829251749 4652.03606965
628.424491584 4652.03606965
629.019731418 4652.03606965
629.614971253 4652.03606965
630.210211087 4652.03606965
630.805450922 4652.03606965
631.400690756 4652.03606965
631.995930591 4652.03606965
632.591170425 4652.03606965
633.18641026 4652.03606965
633.781650094 4652.03606965
634.376889929 4652.03606965
634.972129763 4652.03606965
635.567369598 4652.03606965
636.162609432 4652.03606965
636.757849267 4652.03606965
637.353089101 4652.03606965
637.948328935 4652.03606965
638.54356877 5733.13445696
639.138808604 5733.13445696
639.734048439 5733.13445696
640.329288273 5733.13445696
640.924528108 5733.13445696
641.519767942 5733.13445696
642.115007777 5733.13445696
642.710247611 5733.13445696
643.305487446 3570.93768234
643.90072728 3570.93768234
644.495967115 3570.93768234
645.091206949 3570.93768234
645.686446784 3570.93768234
646.281686618 3570.93768234
646.876926453 3570.93768234
647.472166287 3570.93768234
648.067406122 4652.03606965
648.662645956 4652.03606965
649.25788579 4652.03606965
649.853125625 4652.03606965
650.448365459 4652.03606965
651.043605294 4652.03606965
651.638845128 4652.03606965
652.234084963 4652.03606965
652.829324797 4652.03606965
653.424564632 4652.03606965
654.019804466 4652.03606965
654.615044301 4652.03606965
655.210284135 4652.03606965
655.80552397 4652.03606965
656.400763804 4652.03606965
656.996003639 4652.03606965
657.591243473 4652.03606965
658.186483308 4652.03606965
658.781723142 4652.03606965
659.376962977 4652.03606965
659.972202811 4652.03606965
660.567442645 4652.03606965
661.16268248 4652.03606965
661.757922314 4652.03606965
662.353162149 4652.03606965
662.948401983 4652.03606965
663.543641818 4652.03606965
664.138881652 4652.03606965
664.734121487 4652.03606965
665.329361321 4652.03606965
665.924601156 4652.03606965
666.51984099 4652.03606965
667.115080825 4652.03606965
667.710320659 4652.03606965
668.305560494 4652.03606965
668.900800328 4652.03606965
669.496040163 4652.03606965
670.091279997 4652.03606965
670.686519831 4652.03606965
671.281759666 4652.03606965
671.8769995 4652.03606965
672.472239335 4652.03606965
673.067479169 4652.03606965
673.662719004 4652.03606965
674.257958838 4652.03606965
674.853198673 4652.03606965
675.448438507 4652.03606965
676.043678342 4652.03606965
676.638918176 4652.03606965
677.234158011 4652.03606965
677.829397845 4652.03606965
678.42463768 4652.03606965
679.019877514 4652.03606965
679.615117349 4652.03606965
680.210357183 4652.03606965
680.805597018 4652.03606965
681.400836852 4652.03606965
681.996076686 4652.03606965
682.591316521 4652.03606965
683.186556355 4652.03606965
683.78179619 4652.03606965
684.377036024 4652.03606965
684.972275859 4652.03606965
685.567515693 4652.03606965
686.162755528 3586.15716897
686.757995362 3586.15716897
687.353235197 3586.15716897
687.948475031 3586.15716897
688.543714866 3586.15716897
689.1389547 3586.15716897
689.734194535 3586.15716897
690.329434369 3586.15716897
690.924674204 3586.15716897
691.519914038 3586.15716897
692.115153873 3586.15716897
692.710393707 3586.15716897
693.305633541 3586.15716897
693.900873376 3586.15716897
694.49611321 3586.15716897
695.091353045 3586.15716897
695.686592879 3586.15716897
696.281832714 3586.15716897
696.877072548 3586.15716897
697.472312383 3586.15716897
698.067552217 3586.15716897
698.662792052 3586.15716897
699.258031886 3586.15716897
699.853271721 3586.15716897
700.448511555 3586.15716897
701.04375139 3586.15716897
701.638991224 3586.15716897
702.234231059 3586.15716897
702.829470893 3586.15716897
703.424710727 3586.15716897
704.019950562 3586.15716897
704.615190396 3586.15716897
705.210430231 5030.44669911
705.805670065 5030.44669911
706.4009099 5030.44669911
706.996149734 5030.44669911
707.591389569 5030.44669911
708.186629403 5030.44669911
708.781869238 5030.44669911
709.377109072 5030.44669911
709.972348907 5030.44669911
710.567588741 5030.44669911
711.162828576 5030.44669911
711.75806841 5030.44669911
712.353308245 5030.44669911
712.948548079 5030.44669911
713.543787914 5030.44669911
714.139027748 5030.44669911
714.734267582 5030.44669911
715.329507417 5030.44669911
715.924747251 5030.44669911
716.519987086 5030.44669911
717.11522692 5030.44669911
717.710466755 5030.44669911
718.305706589 5030.44669911
718.900946424 5030.44669911
719.496186258 5030.44669911
720.091426093 5030.44669911
720.686665927 5030.44669911
721.281905762 5030.44669911
721.877145596 5030.44669911
722.472385431 5030.44669911
723.067625265 5030.44669911
723.6628651 5030.44669911
724.258104934 4995.77020526
724.853344769 4995.77020526
725.448584603 4995.77020526
726.043824437 4995.77020526
726.639064272 4995.77020526
727.234304106 4995.77020526
727.829543941 4995.77020526
728.424783775 4995.77020526
729.02002361 4995.77020526
729.615263444 4995.77020526
730.210503279 4995.77020526
730.805743113 4995.77020526
731.400982948 4995.77020526
731.996222782 4995.77020526
732.591462617 4995.77020526
733.186702451 4995.77020526
733.781942286 4995.77020526
734.37718212 4995.77020526
734.972421955 4995.77020526
735.567661789 4995.77020526
736.162901623 4995.77020526
736.758141458 4995.77020526
737.353381292 4995.77020526
737.948621127 4995.77020526
738.543860961 4995.77020526
739.139100796 4995.77020526
739.73434063 4995.77020526
740.329580465 4995.77020526
740.924820299 4995.77020526
741.520060134 4995.77020526
742.115299968 4995.77020526
742.710539803 4995.77020526
743.305779637 4995.77020526
743.901019472 4995.77020526
744.496259306 4995.77020526
745.091499141 4995.77020526
745.686738975 4995.77020526
746.28197881 4995.77020526
746.877218644 4995.77020526
747.472458478 4995.77020526
748.067698313 4995.77020526
748.662938147 4995.77020526
749.258177982 4995.77020526
749.853417816 4995.77020526
750.448657651 4995.77020526
751.043897485 4995.77020526
751.63913732 4995.77020526
752.234377154 4995.77020526
752.829616989 4995.77020526
753.424856823 4995.77020526
754.020096658 4995.77020526
754.615336492 4995.77020526
755.210576327 4995.77020526
755.805816161 4995.77020526
756.401055996 4995.77020526
756.99629583 4995.77020526
757.591535665 4995.77020526
758.186775499 4995.77020526
758.782015333 4995.77020526
759.377255168 4995.77020526
759.972495002 4995.77020526
760.567734837 4995.77020526
761.162974671 4995.77020526
761.758214506 4995.77020526
762.35345434 4603.2858113
762.948694175 4603.2858113
763.543934009 4603.2858113
764.139173844 4603.2858113
764.734413678 4603.2858113
765.329653513 4603.2858113
765.924893347 4603.2858113
766.520133182 4603.2858113
767.115373016 4603.2858113
767.710612851 4603.2858113
768.305852685 4603.2858113
768.901092519 4603.2858113
769.496332354 4603.2858113
770.091572188 4603.2858113
770.686812023 4603.2858113
771.282051857 4603.2858113
771.877291692 4603.2858113
772.472531526 4603.2858113
773.067771361 4603.2858113
773.663011195 4603.2858113
774.25825103 4603.2858113
774.853490864 4603.2858113
775.448730699 4603.2858113
776.043970533 4603.2858113
776.639210368 4603.2858113
777.234450202 4603.2858113
777.829690037 4603.2858113
778.424929871 4603.2858113
779.020169706 4603.2858113
779.61540954 4603.2858113
780.210649374 4603.2858113
780.805889209 4603.2858113
781.401129043 4603.2858113
781.996368878 4603.2858113
782.591608712 4603.2858113
783.186848547 4603.2858113
783.782088381 4603.2858113
784.377328216 4603.2858113
784.97256805 4603.2858113
785.567807885 4603.2858113
786.163047719 4603.2858113
786.758287554 4603.2858113
787.353527388 4603.2858113
787.948767223 4603.2858113
788.544007057 4603.2858113
789.139246892 4603.2858113
789.734486726 4603.2858113
790.32972656 4603.2858113
790.924966395 4603.2858113
791.520206229 4603.2858113
792.115446064 4603.2858113
792.710685898 4603.2858113
793.305925733 4603.2858113
793.901165567 4603.2858113
794.496405402 4603.2858113
795.091645236 4603.2858113
795.686885071 4603.2858113
796.282124905 4603.2858113
796.87736474 4603.2858113
797.472604574 4603.2858113
798.067844409 4603.2858113
798.663084243 4603.2858113
799.258324078 4603.2858113
799.853563912 4603.2858113
800.448803747 3596.48245585
801.044043581 3596.48245585
801.639283415 3596.48245585
802.23452325 3596.48245585
802.829763084 3596.48245585
803.425002919 3596.48245585
804.020242753 3596.48245585
804.615482588 3596.48245585
805.210722422 3596.48245585
805.805962257 3596.48245585
806.401202091 3596.48245585
806.996441926 3596.48245585
807.59168176 3596.48245585
808.186921595 3596.48245585
808.782161429 3596.48245585
809.377401264 3596.48245585
809.972641098 3596.48245585
810.567880933 3596.48245585
811.163120767 3596.48245585
811.758360602 3596.48245585
812.353600436 3596.48245585
812.94884027 3596.48245585
813.544080105 3596.48245585
814.139319939 3596.48245585
814.734559774 3596.48245585
815.329799608 3596.48245585
815.925039443 3596.48245585
816.520279277 3596.48245585
817.115519112 3596.48245585
817.710758946 3596.48245585
818.305998781 3596.48245585
818.901238615 3596.48245585
819.49647845 3596.48245585
820.091718284 3596.48245585
820.686958119 3596.48245585
821.282197953 3596.48245585
821.877437788 3596.48245585
822.472677622 3596.48245585
823.067917456 3596.48245585
823.663157291 3596.48245585
824.258397125 3596.48245585
824.85363696 3596.48245585
825.448876794 3596.48245585
826.044116629 3596.48245585
826.639356463 3596.48245585
827.234596298 3596.48245585
827.829836132 3596.48245585
828.425075967 3596.48245585
829.020315801 3596.48245585
829.615555636 3596.48245585
830.21079547 3596.48245585
830.806035305 3596.48245585
831.401275139 3596.48245585
831.996514974 3596.48245585
832.591754808 3596.48245585
833.186994643 3596.48245585
833.782234477 3596.48245585
834.377474311 3596.48245585
834.972714146 3596.48245585
835.56795398 3596.48245585
836.163193815 3596.48245585
836.758433649 3596.48245585
837.353673484 3596.48245585
837.948913318 3596.48245585
838.544153153 5204.18800573
839.139392987 5204.18800573
839.734632822 5204.18800573
840.329872656 5204.18800573
840.925112491 5204.18800573
841.520352325 5204.18800573
842.11559216 5204.18800573
842.710831994 5204.18800573
843.306071829 5204.18800573
843.901311663 5204.18800573
844.496551498 5204.18800573
845.091791332 5204.18800573
845.687031166 5204.18800573
846.282271001 5204.18800573
846.877510835 5204.18800573
847.47275067 5204.18800573
848.067990504 5204.18800573
848.663230339 5204.18800573
849.258470173 5204.18800573
849.853710008 5204.18800573
850.448949842 5204.18800573
851.044189677 5204.18800573
851.639429511 5204.18800573
852.234669346 5204.18800573
852.82990918 5204.18800573
853.425149015 5204.18800573
854.020388849 5204.18800573
854.615628684 5204.18800573
855.210868518 5204.18800573
855.806108352 5204.18800573
856.401348187 5204.18800573
856.996588021 5204.18800573
857.591827856 5204.18800573
858.18706769 5204.18800573
858.782307525 5204.18800573
859.377547359 5204.18800573
859.972787194 5204.18800573
860.568027028 5204.18800573
861.163266863 5204.18800573
861.758506697 5204.18800573
862.353746532 5204.18800573
862.948986366 5204.18800573
863.544226201 5204.18800573
864.139466035 5204.18800573
864.73470587 5204.18800573
865.329945704 5204.18800573
865.925185539 5204.18800573
866.520425373 5204.18800573
867.115665207 5204.18800573
867.710905042 5204.18800573
868.306144876 5204.18800573
868.901384711 5204.18800573
869.496624545 5204.18800573
870.09186438 5204.18800573
870.687104214 5204.18800573
871.282344049 5204.18800573
871.877583883 5204.18800573
872.472823718 5204.18800573
873.068063552 5204.18800573
873.663303387 5204.18800573
874.258543221 5204.18800573
874.853783056 5204.18800573
875.44902289 5204.18800573
876.044262725 5204.18800573
876.639502559 5204.18800573
877.234742394 5204.18800573
877.829982228 5204.18800573
878.425222062 5204.18800573
879.020461897 5204.18800573
879.615701731 5204.18800573
880.210941566 5204.18800573
880.8061814 5204.18800573
881.401421235 5204.18800573
881.996661069 5204.18800573
882.591900904 5204.18800573
883.187140738 5204.18800573
883.782380573 5204.18800573
884.377620407 5204.18800573
884.972860242 5204.18800573
885.568100076 5204.18800573
886.163339911 5204.18800573
886.758579745 5204.18800573
887.35381958 5204.18800573
887.949059414 5204.18800573
888.544299248 5204.18800573
889.139539083 5204.18800573
889.734778917 5204.18800573
890.330018752 5204.18800573
890.925258586 5204.18800573
891.520498421 5204.18800573
892.115738255 5204.18800573
892.71097809 5204.18800573
893.306217924 5204.18800573
893.901457759 5204.18800573
894.496697593 5204.18800573
895.091937428 5204.18800573
895.687177262 5204.18800573
896.282417097 5204.18800573
896.877656931 5204.18800573
897.472896766 5204.18800573
898.0681366 5204.18800573
898.663376435 5204.18800573
899.258616269 5204.18800573
899.853856103 5204.18800573
900.449095938 5204.18800573
901.044335772 5204.18800573
901.639575607 5204.18800573
902.234815441 5204.18800573
902.830055276 5204.18800573
903.42529511 5204.18800573
904.020534945 5204.18800573
904.615774779 5204.18800573
905.211014614 5204.18800573
905.806254448 5204.18800573
906.401494283 5204.18800573
906.996734117 5204.18800573
907.591973952 5204.18800573
908.187213786 5204.18800573
908.782453621 5204.18800573
909.377693455 5204.18800573
909.97293329 5204.18800573
910.568173124 5204.18800573
911.163412958 5204.18800573
911.758652793 5204.18800573
912.353892627 5204.18800573
912.949132462 5204.18800573
913.544372296 5204.18800573
914.139612131 5204.18800573
914.734851965 4067.70707892
915.3300918 4067.70707892
915.925331634 4067.70707892
916.520571469 4067.70707892
917.115811303 4067.70707892
917.711051138 4067.70707892
918.306290972 4067.70707892
918.901530807 4067.70707892
919.496770641 4067.70707892
920.092010476 4067.70707892
920.68725031 4067.70707892
921.282490144 4067.70707892
921.877729979 4067.70707892
922.472969813 4067.70707892
923.068209648 4067.70707892
923.663449482 4067.70707892
924.258689317 4067.70707892
924.853929151 4067.70707892
925.449168986 4067.70707892
926.04440882 4067.70707892
926.639648655 4067.70707892
927.234888489 4067.70707892
927.830128324 4067.70707892
928.425368158 4067.70707892
929.020607993 4067.70707892
929.615847827 4067.70707892
930.211087662 4067.70707892
930.806327496 4067.70707892
931.401567331 4067.70707892
931.996807165 4067.70707892
932.592046999 4067.70707892
933.187286834 4067.70707892
933.782526668 4067.70707892
934.377766503 4067.70707892
934.973006337 4067.70707892
935.568246172 4067.70707892
936.163486006 4067.70707892
936.758725841 4067.70707892
937.353965675 4067.70707892
937.94920551 4067.70707892
938.544445344 4067.70707892
939.139685179 4067.70707892
939.734925013 4067.70707892
940.330164848 4067.70707892
940.925404682 4067.70707892
941.520644517 4067.70707892
942.115884351 4067.70707892
942.711124185 4067.70707892
943.30636402 4067.70707892
943.901603854 4067.70707892
944.496843689 4067.70707892
945.092083523 4067.70707892
945.687323358 4067.70707892
946.282563192 4067.70707892
946.877803027 4067.70707892
947.473042861 4067.70707892
948.068282696 4067.70707892
948.66352253 4067.70707892
949.258762365 4067.70707892
949.854002199 4067.70707892
950.449242034 4067.70707892
951.044481868 4067.70707892
951.639721703 4067.70707892
952.234961537 4067.70707892
952.830201372 4067.70707892
953.425441206 4067.70707892
954.02068104 4067.70707892
954.615920875 4067.70707892
955.211160709 4067.70707892
955.806400544 4067.70707892
956.401640378 4067.70707892
956.996880213 4067.70707892
957.592120047 4067.70707892
958.187359882 4067.70707892
958.782599716 4067.70707892
959.377839551 4067.70707892
959.973079385 4067.70707892
960.56831922 4067.70707892
961.163559054 4067.70707892
961.758798889 4067.70707892
962.354038723 4067.70707892
962.949278558 4067.70707892
963.544518392 4067.70707892
964.139758227 4067.70707892
964.734998061 4067.70707892
965.330237895 4067.70707892
965.92547773 4067.70707892
966.520717564 4067.70707892
967.115957399 4067.70707892
967.711197233 4067.70707892
968.306437068 4067.70707892
968.901676902 4067.70707892
969.496916737 4067.70707892
970.092156571 4067.70707892
970.687396406 4067.70707892
971.28263624 4067.70707892
971.877876075 4067.70707892
972.473115909 4067.70707892
973.068355744 4067.70707892
973.663595578 4067.70707892
974.258835413 4067.70707892
974.854075247 4067.70707892
975.449315081 4067.70707892
976.044554916 4067.70707892
976.63979475 4067.70707892
977.235034585 4067.70707892
977.830274419 4067.70707892
978.425514254 4067.70707892
979.020754088 4067.70707892
979.615993923 4067.70707892
980.211233757 4067.70707892
980.806473592 4067.70707892
981.401713426 4067.70707892
981.996953261 4067.70707892
982.592193095 4067.70707892
983.18743293 4067.70707892
983.782672764 4067.70707892
984.377912599 4067.70707892
984.973152433 4067.70707892
985.568392268 4067.70707892
986.163632102 4067.70707892
986.758871936 4067.70707892
987.354111771 4067.70707892
987.949351605 4067.70707892
988.54459144 4067.70707892
989.139831274 4067.70707892
989.735071109 4067.70707892
990.330310943 4067.70707892
990.925550778 4067.70707892
991.520790612 4067.70707892
992.116030447 4067.70707892
992.711270281 4067.70707892
993.306510116 4067.70707892
993.90174995 4067.70707892
994.496989785 4067.70707892
995.092229619 4067.70707892
995.687469454 4067.70707892
996.282709288 4067.70707892
996.877949123 4067.70707892
997.473188957 4067.70707892
998.068428791 4067.70707892
998.663668626 4067.70707892
999.25890846 4067.70707892
999.854148295 4067.70707892
1000.44938813 4067.70707892
1001.04462796 4067.70707892
1001.6398678 4067.70707892
1002.23510763 4067.70707892
1002.83034747 4067.70707892
1003.4255873 4067.70707892
1004.02082714 4067.70707892
1004.61606697 4067.70707892
1005.21130681 4067.70707892
1005.80654664 4067.70707892
1006.40178647 4067.70707892
1006.99702631 4067.70707892
1007.59226614 4067.70707892
1008.18750598 4067.70707892
1008.78274581 4067.70707892
1009.37798565 4067.70707892
1009.97322548 4067.70707892
1010.56846532 4067.70707892
1011.16370515 4067.70707892
1011.75894498 4067.70707892
1012.35418482 4067.70707892
1012.94942465 4067.70707892
1013.54466449 4067.70707892
1014.13990432 4067.70707892
1014.73514416 4067.70707892
1015.33038399 4067.70707892
1015.92562383 4067.70707892
1016.52086366 4067.70707892
1017.11610349 4067.70707892
1017.71134333 4067.70707892
1018.30658316 4067.70707892
1018.901823 4067.70707892
1019.49706283 4067.70707892
1020.09230267 4067.70707892
1020.6875425 4067.70707892
1021.28278234 4067.70707892
1021.87802217 4067.70707892
1022.473262 4067.70707892
1023.06850184 4067.70707892
1023.66374167 4067.70707892
1024.25898151 4067.70707892
1024.85422134 4067.70707892
1025.44946118 4067.70707892
1026.04470101 4067.70707892
1026.63994085 4067.70707892
1027.23518068 4067.70707892
1027.83042052 4067.70707892
1028.42566035 4067.70707892
1029.02090018 4067.70707892
1029.61614002 4067.70707892
1030.21137985 4067.70707892
1030.80661969 4067.70707892
1031.40185952 4067.70707892
1031.99709936 4067.70707892
1032.59233919 4067.70707892
1033.18757903 4067.70707892
1033.78281886 4067.70707892
1034.37805869 4067.70707892
1034.97329853 4067.70707892
1035.56853836 4067.70707892
1036.1637782 4067.70707892
1036.75901803 4067.70707892
1037.35425787 4067.70707892
1037.9494977 4067.70707892
1038.54473754 4067.70707892
1039.13997737 4067.70707892
1039.7352172 4067.70707892
1040.33045704 4067.70707892
1040.92569687 4067.70707892
1041.52093671 4067.70707892
1042.11617654 4067.70707892
1042.71141638 4067.70707892
1043.30665621 4067.70707892
1043.90189605 4067.70707892
1044.49713588 4067.70707892
1045.09237571 4067.70707892
1045.68761555 4067.70707892
1046.28285538 4067.70707892
1046.87809522 4067.70707892
1047.47333505 4067.70707892
1048.06857489 4067.70707892
1048.66381472 4067.70707892
1049.25905456 4067.70707892
1049.85429439 4067.70707892
1050.44953423 4067.70707892
1051.04477406 4067.70707892
1051.64001389 4067.70707892
1052.23525373 4067.70707892
1052.83049356 4067.70707892
1053.4257334 4067.70707892
1054.02097323 4067.70707892
1054.61621307 4067.70707892
1055.2114529 4067.70707892
1055.80669274 4067.70707892
1056.40193257 4067.70707892
1056.9971724 4067.70707892
1057.59241224 4067.70707892
1058.18765207 4067.70707892
1058.78289191 4067.70707892
1059.37813174 4067.70707892
1059.97337158 4067.70707892
1060.56861141 4067.70707892
1061.16385125 4067.70707892
1061.75909108 4067.70707892
1062.35433091 4067.70707892
1062.94957075 4067.70707892
1063.54481058 4067.70707892
1064.14005042 4067.70707892
1064.73529025 4067.70707892
1065.33053009 4067.70707892
1065.92576992 4067.70707892
1066.52100976 4067.70707892
1067.11624959 4067.70707892
1067.71148942 4067.70707892
1068.30672926 4067.70707892
1068.90196909 4067.70707892
1069.49720893 4067.70707892
1070.09244876 4067.70707892
1070.6876886 4067.70707892
1071.28292843 4067.70707892
1071.87816827 4067.70707892
1072.4734081 4067.70707892
1073.06864794 4067.70707892
1073.66388777 4067.70707892
1074.2591276 4067.70707892
1074.85436744 4067.70707892
1075.44960727 4067.70707892
1076.04484711 4067.70707892
1076.64008694 4067.70707892
1077.23532678 4067.70707892
1077.83056661 4067.70707892
1078.42580645 4067.70707892
1079.02104628 4067.70707892
1079.61628611 4067.70707892
1080.21152595 4067.70707892
1080.80676578 4067.70707892
1081.40200562 4067.70707892
1081.99724545 4067.70707892
1082.59248529 4067.70707892
1083.18772512 4067.70707892
1083.78296496 4067.70707892
1084.37820479 4067.70707892
1084.97344462 4067.70707892
1085.56868446 4067.70707892
1086.16392429 4067.70707892
1086.75916413 4067.70707892
1087.35440396 4067.70707892
1087.9496438 4067.70707892
1088.54488363 4067.70707892
1089.14012347 4067.70707892
1089.7353633 4067.70707892
1090.33060313 4067.70707892
1090.92584297 4067.70707892
1091.5210828 4067.70707892
1092.11632264 4067.70707892
1092.71156247 4067.70707892
1093.30680231 4067.70707892
1093.90204214 4067.70707892
1094.49728198 4067.70707892
1095.09252181 4067.70707892
1095.68776164 4067.70707892
1096.28300148 4067.70707892
1096.87824131 4067.70707892
1097.47348115 4067.70707892
1098.06872098 4067.70707892
1098.66396082 4067.70707892
1099.25920065 4067.70707892
1099.85444049 4067.70707892
1100.44968032 4067.70707892
1101.04492016 4067.70707892
1101.64015999 4067.70707892
1102.23539982 4067.70707892
1102.83063966 4067.70707892
1103.42587949 4067.70707892
1104.02111933 4067.70707892
1104.61635916 4067.70707892
1105.211599 4067.70707892
1105.80683883 4067.70707892
1106.40207867 4067.70707892
1106.9973185 4067.70707892
1107.59255833 4067.70707892
1108.18779817 4067.70707892
1108.783038 4067.70707892
1109.37827784 4067.70707892
1109.97351767 4067.70707892
1110.56875751 4067.70707892
1111.16399734 4067.70707892
1111.75923718 4067.70707892
1112.35447701 4067.70707892
1112.94971684 4067.70707892
1113.54495668 4067.70707892
1114.14019651 4067.70707892
1114.73543635 4067.70707892
1115.33067618 4067.70707892
1115.92591602 4067.70707892
1116.52115585 4067.70707892
1117.11639569 4067.70707892
1117.71163552 4067.70707892
1118.30687535 4067.70707892
1118.90211519 4067.70707892
1119.49735502 4067.70707892
1120.09259486 4067.70707892
1120.68783469 4067.70707892
1121.28307453 4067.70707892
1121.87831436 4067.70707892
1122.4735542 4067.70707892
1123.06879403 4067.70707892
1123.66403387 4067.70707892
1124.2592737 4067.70707892
1124.85451353 4067.70707892
1125.44975337 4067.70707892
1126.0449932 4067.70707892
1126.64023304 4067.70707892
1127.23547287 4067.70707892
1127.83071271 4067.70707892
1128.42595254 4067.70707892
1129.02119238 4067.70707892
1129.61643221 4067.70707892
1130.21167204 4067.70707892
1130.80691188 4067.70707892
1131.40215171 4067.70707892
1131.99739155 4067.70707892
1132.59263138 4067.70707892
1133.18787122 4067.70707892
1133.78311105 4067.70707892
1134.37835089 4067.70707892
1134.97359072 4067.70707892
1135.56883055 4067.70707892
1136.16407039 4067.70707892
1136.75931022 4067.70707892
1137.35455006 4067.70707892
1137.94978989 4067.70707892
1138.54502973 4067.70707892
1139.14026956 4067.70707892
1139.7355094 4067.70707892
1140.33074923 4067.70707892
1140.92598906 4067.70707892
1141.5212289 4067.70707892
1142.11646873 4067.70707892
1142.71170857 4067.70707892
1143.3069484 4067.70707892
1143.90218824 4067.70707892
1144.49742807 4067.70707892
1145.09266791 4067.70707892
1145.68790774 4067.70707892
1146.28314758 4067.70707892
1146.87838741 4067.70707892
1147.47362724 4067.70707892
1148.06886708 4067.70707892
1148.66410691 4067.70707892
1149.25934675 4067.70707892
1149.85458658 4067.70707892
1150.44982642 4067.70707892
1151.04506625 4067.70707892
1151.64030609 4067.70707892
1152.23554592 4067.70707892
1152.83078575 4067.70707892
1153.42602559 4067.70707892
1154.02126542 4067.70707892
1154.61650526 4067.70707892
1155.21174509 4067.70707892
1155.80698493 4067.70707892
1156.40222476 4067.70707892
1156.9974646 4067.70707892
1157.59270443 4067.70707892
1158.18794426 4067.70707892
1158.7831841 4067.70707892
1159.37842393 4067.70707892
1159.97366377 4067.70707892
1160.5689036 4067.70707892
1161.16414344 4067.70707892
1161.75938327 4067.70707892
1162.35462311 4067.70707892
1162.94986294 4067.70707892
1163.54510277 4067.70707892
1164.14034261 4067.70707892
1164.73558244 4067.70707892
1165.33082228 4067.70707892
1165.92606211 4067.70707892
1166.52130195 4067.70707892
1167.11654178 4067.70707892
1167.71178162 4067.70707892
1168.30702145 4067.70707892
1168.90226129 4067.70707892
1169.49750112 4067.70707892
1170.09274095 4067.70707892
1170.68798079 4067.70707892
1171.28322062 4067.70707892
1171.87846046 4067.70707892
1172.47370029 4067.70707892
1173.06894013 4067.70707892
1173.66417996 4067.70707892
1174.2594198 4067.70707892
1174.85465963 4067.70707892
1175.44989946 4067.70707892
1176.0451393 4067.70707892
1176.64037913 4067.70707892
1177.23561897 4067.70707892
1177.8308588 4067.70707892
1178.42609864 4067.70707892
1179.02133847 4067.70707892
1179.61657831 4067.70707892
1180.21181814 4067.70707892
1180.80705797 4067.70707892
1181.40229781 4067.70707892
1181.99753764 4067.70707892
1182.59277748 4067.70707892
1183.18801731 4067.70707892
1183.78325715 4067.70707892
1184.37849698 4067.70707892
1184.97373682 4067.70707892
1185.56897665 4067.70707892
1186.16421648 4067.70707892
1186.75945632 4067.70707892
1187.35469615 4067.70707892
1187.94993599 4067.70707892
1188.54517582 4067.70707892
1189.14041566 4067.70707892
1189.73565549 4067.70707892
1190.33089533 4067.70707892
1190.92613516 4067.70707892
1191.521375 4067.70707892
1192.11661483 4067.70707892
1192.71185466 4067.70707892
1193.3070945 4067.70707892
1193.90233433 4067.70707892
1194.49757417 4067.70707892
1195.092814 4067.70707892
1195.68805384 4067.70707892
1196.28329367 4067.70707892
1196.87853351 4067.70707892
1197.47377334 4067.70707892
1198.06901317 4067.70707892
1198.66425301 4067.70707892
1199.25949284 4067.70707892
1199.85473268 4067.70707892
1200.44997251 4067.70707892
1201.04521235 4067.70707892
1201.64045218 4067.70707892
1202.23569202 4067.70707892
1202.83093185 4067.70707892
1203.42617168 4067.70707892
1204.02141152 4067.70707892
1204.61665135 4067.70707892
1205.21189119 4067.70707892
1205.80713102 4067.70707892
1206.40237086 4067.70707892
1206.99761069 4067.70707892
1207.59285053 4067.70707892
1208.18809036 4067.70707892
1208.78333019 4067.70707892
1209.37857003 4067.70707892
1209.97380986 4067.70707892
1210.5690497 4067.70707892
1211.16428953 4067.70707892
1211.75952937 4067.70707892
1212.3547692 4067.70707892
1212.95000904 4067.70707892
1213.54524887 4067.70707892
1214.14048871 4067.70707892
1214.73572854 4067.70707892
1215.33096837 4067.70707892
1215.92620821 4067.70707892
1216.52144804 4067.70707892
1217.11668788 4067.70707892
1217.71192771 4067.70707892
1218.30716755 4067.70707892
1218.90240738 4067.70707892
