0.446466215283 1712.09359066
1.04170604976 1712.09359066
1.63694588423 1712.09359066
2.2321857187 1712.09359066
2.82742555317 1712.09359066
3.42266538765 1712.09359066
4.01790522212 1712.09359066
4.61314505659 1712.09359066
5.20838489106 1712.09359066
5.80362472554 1712.09359066
6.39886456001 1712.09359066
6.99410439448 1712.09359066
7.58934422895 1712.09359066
8.18458406343 1712.09359066
8.7798238979 1712.09359066
9.37506373237 1712.09359066
9.97030356685 1712.09359066
10.5655434013 1712.09359066
11.1607832358 1712.09359066
11.7560230703 1712.09359066
12.3512629047 1712.09359066
12.9465027392 1712.09359066
13.5417425737 1712.09359066
14.1369824082 1712.09359066
14.7322222426 1712.09359066
15.3274620771 1712.09359066
15.9227019116 1712.09359066
16.517941746 1712.09359066
17.1131815805 1712.09359066
17.708421415 1712.09359066
18.3036612495 1712.09359066
18.8989010839 1712.09359066
19.4941409184 1712.09359066
20.0893807529 1712.09359066
20.6846205874 1712.09359066
21.2798604218 1712.09359066
21.8751002563 1712.09359066
22.4703400908 1712.09359066
23.0655799252 1712.09359066
23.6608197597 1712.09359066
24.2560595942 1712.09359066
24.8512994287 1712.09359066
25.4465392631 1712.09359066
26.0417790976 1712.09359066
26.6370189321 1712.09359066
27.2322587666 1712.09359066
27.827498601 1712.09359066
28.4227384355 1712.09359066
29.01797827 1712.09359066
29.6132181044 1712.09359066
30.2084579389 1712.09359066
30.8036977734 1712.09359066
31.3989376079 1712.09359066
31.9941774423 1712.09359066
32.5894172768 1712.09359066
33.1846571113 1712.09359066
33.7798969458 1712.09359066
34.3751367802 1712.09359066
34.9703766147 1712.09359066
35.5656164492 1712.09359066
36.1608562836 1712.09359066
36.7560961181 1712.09359066
37.3513359526 1712.09359066
37.9465757871 1712.09359066
38.5418156215 1712.09359066
39.137055456 1712.09359066
39.7322952905 1712.09359066
40.327535125 1712.09359066
40.9227749594 1712.09359066
41.5180147939 1712.09359066
42.1132546284 1712.09359066
42.7084944628 1712.09359066
43.3037342973 1712.09359066
43.8989741318 1712.09359066
44.4942139663 1712.09359066
45.0894538007 1712.09359066
45.6846936352 1712.09359066
46.2799334697 1712.09359066
46.8751733041 1712.09359066
47.4704131386 1712.09359066
48.0656529731 1712.09359066
48.6608928076 1712.09359066
49.256132642 1712.09359066
49.8513724765 1712.09359066
50.446612311 1712.09359066
51.0418521455 1712.09359066
51.6370919799 1712.09359066
52.2323318144 1712.09359066
52.8275716489 1712.09359066
53.4228114833 1712.09359066
54.0180513178 1712.09359066
54.6132911523 1712.09359066
55.2085309868 1712.09359066
55.8037708212 1712.09359066
56.3990106557 1712.09359066
56.9942504902 1712.09359066
57.5894903247 1712.09359066
58.1847301591 1712.09359066
58.7799699936 1712.09359066
59.3752098281 1712.09359066
59.9704496625 1712.09359066
60.565689497 1712.09359066
61.1609293315 1712.09359066
61.756169166 1712.09359066
62.3514090004 1712.09359066
62.9466488349 1712.09359066
63.5418886694 1712.09359066
64.1371285039 1712.09359066
64.7323683383 1712.09359066
65.3276081728 1712.09359066
65.9228480073 1712.09359066
66.5180878417 1712.09359066
67.1133276762 1712.09359066
67.7085675107 1712.09359066
68.3038073452 1712.09359066
68.8990471796 1712.09359066
69.4942870141 1712.09359066
70.0895268486 1712.09359066
70.6847666831 1712.09359066
71.2800065175 1712.09359066
71.875246352 1712.09359066
72.4704861865 1712.09359066
73.0657260209 1712.09359066
73.6609658554 1712.09359066
74.2562056899 1712.09359066
74.8514455244 1712.09359066
75.4466853588 1712.09359066
76.0419251933 1712.09359066
76.6371650278 1712.09359066
77.2324048623 1712.09359066
77.8276446967 1712.09359066
78.4228845312 1712.09359066
79.0181243657 1712.09359066
79.6133642001 1712.09359066
80.2086040346 1712.09359066
80.8038438691 1712.09359066
81.3990837036 1712.09359066
81.994323538 1712.09359066
82.5895633725 1712.09359066
83.184803207 1712.09359066
83.7800430415 1712.09359066
84.3752828759 1712.09359066
84.9705227104 1712.09359066
85.5657625449 1712.09359066
86.1610023793 1712.09359066
86.7562422138 1712.09359066
87.3514820483 1712.09359066
87.9467218828 1712.09359066
88.5419617172 1712.09359066
89.1372015517 1712.09359066
89.7324413862 1712.09359066
90.3276812207 1712.09359066
90.9229210551 1712.09359066
91.5181608896 1712.09359066
92.1134007241 1712.09359066
92.7086405585 1712.09359066
93.303880393 1712.09359066
93.8991202275 1712.09359066
94.494360062 1712.09359066
95.0895998964 1712.09359066
95.6848397309 1712.09359066
96.2800795654 1712.09359066
96.8753193999 1712.09359066
97.4705592343 1712.09359066
98.0657990688 1712.09359066
98.6610389033 1712.09359066
99.2562787377 1712.09359066
99.8515185722 1712.09359066
100.446758407 1712.09359066
101.041998241 1712.09359066
101.637238076 1712.09359066
102.23247791 1712.09359066
102.827717745 1712.09359066
103.422957579 1712.09359066
104.018197414 1712.09359066
104.613437248 1712.09359066
105.208677082 1712.09359066
105.803916917 1712.09359066
106.399156751 1712.09359066
106.994396586 1712.09359066
107.58963642 1712.09359066
108.184876255 1712.09359066
108.780116089 1712.09359066
109.375355924 1712.09359066
109.970595758 1712.09359066
110.565835593 1712.09359066
111.161075427 1712.09359066
111.756315262 1712.09359066
112.351555096 1712.09359066
112.946794931 1712.09359066
113.542034765 1712.09359066
114.1372746 1712.09359066
114.732514434 1712.09359066
115.327754269 1712.09359066
115.922994103 1712.09359066
116.518233937 1712.09359066
117.113473772 1712.09359066
117.708713606 1712.09359066
118.303953441 1712.09359066
118.899193275 1712.09359066
119.49443311 1712.09359066
120.089672944 1712.09359066
120.684912779 1712.09359066
121.280152613 1712.09359066
121.875392448 1712.09359066
122.470632282 1712.09359066
123.065872117 1712.09359066
123.661111951 1712.09359066
124.256351786 1712.09359066
124.85159162 1712.09359066
125.446831455 1712.09359066
126.042071289 1712.09359066
126.637311123 1712.09359066
127.232550958 1712.09359066
127.827790792 1712.09359066
128.423030627 1712.09359066
129.018270461 1712.09359066
129.613510296 1712.09359066
130.20875013 1712.09359066
130.803989965 1712.09359066
131.399229799 1712.09359066
131.994469634 1712.09359066
132.589709468 1712.09359066
133.184949303 1712.09359066
133.780189137 1712.09359066
134.375428972 1712.09359066
134.970668806 1712.09359066
135.565908641 1712.09359066
136.161148475 1712.09359066
136.75638831 1712.09359066
137.351628144 1712.09359066
137.946867978 1712.09359066
138.542107813 1712.09359066
139.137347647 1712.09359066
139.732587482 1712.09359066
140.327827316 1712.09359066
140.923067151 1712.09359066
141.518306985 1712.09359066
142.11354682 1712.09359066
142.708786654 1712.09359066
143.304026489 1712.09359066
143.899266323 1712.09359066
144.494506158 1712.09359066
145.089745992 1712.09359066
145.684985827 1712.09359066
146.280225661 1712.09359066
146.875465496 1712.09359066
147.47070533 1712.09359066
148.065945165 1712.09359066
148.661184999 1712.09359066
149.256424833 1712.09359066
149.851664668 1712.09359066
150.446904502 1712.09359066
151.042144337 1712.09359066
151.637384171 1712.09359066
152.232624006 1712.09359066
152.82786384 1712.09359066
153.423103675 1712.09359066
154.018343509 1712.09359066
154.613583344 1712.09359066
155.208823178 1712.09359066
155.804063013 1712.09359066
156.399302847 1712.09359066
156.994542682 1712.09359066
157.589782516 1712.09359066
158.185022351 1712.09359066
158.780262185 1712.09359066
159.375502019 1712.09359066
159.970741854 1712.09359066
160.565981688 1712.09359066
161.161221523 1712.09359066
161.756461357 1712.09359066
162.351701192 1712.09359066
162.946941026 1712.09359066
163.542180861 1712.09359066
164.137420695 1712.09359066
164.73266053 1712.09359066
165.327900364 1712.09359066
165.923140199 1712.09359066
166.518380033 1712.09359066
167.113619868 1712.09359066
167.708859702 1712.09359066
168.304099537 1712.09359066
168.899339371 1712.09359066
169.494579206 1712.09359066
170.08981904 1712.09359066
170.685058874 1712.09359066
171.280298709 1712.09359066
171.875538543 1712.09359066
172.470778378 1712.09359066
173.066018212 1712.09359066
173.661258047 1712.09359066
174.256497881 1712.09359066
174.851737716 1712.09359066
175.44697755 1712.09359066
176.042217385 1712.09359066
176.637457219 1712.09359066
177.232697054 1712.09359066
177.827936888 1712.09359066
178.423176723 1712.09359066
179.018416557 1712.09359066
179.613656392 1712.09359066
180.208896226 1712.09359066
180.80413606 1712.09359066
181.399375895 1712.09359066
181.994615729 1712.09359066
182.589855564 1712.09359066
183.185095398 1712.09359066
183.780335233 1712.09359066
184.375575067 1712.09359066
184.970814902 1712.09359066
185.566054736 1712.09359066
186.161294571 1712.09359066
186.756534405 1712.09359066
187.35177424 1712.09359066
187.947014074 1712.09359066
188.542253909 1712.09359066
189.137493743 1712.09359066
189.732733578 1712.09359066
190.327973412 1712.09359066
190.923213247 1712.09359066
191.518453081 1712.09359066
192.113692915 1712.09359066
192.70893275 1712.09359066
193.304172584 1712.09359066
193.899412419 1712.09359066
194.494652253 1712.09359066
195.089892088 1712.09359066
195.685131922 1712.09359066
196.280371757 1712.09359066
196.875611591 1712.09359066
197.470851426 1712.09359066
198.06609126 1712.09359066
198.661331095 1712.09359066
199.256570929 1712.09359066
199.851810764 1712.09359066
200.447050598 1712.09359066
201.042290433 1712.09359066
201.637530267 1712.09359066
202.232770102 1712.09359066
202.828009936 1712.09359066
203.42324977 1712.09359066
204.018489605 1712.09359066
204.613729439 1712.09359066
205.208969274 1712.09359066
205.804209108 1712.09359066
206.399448943 1712.09359066
206.994688777 1712.09359066
207.589928612 1712.09359066
208.185168446 1712.09359066
208.780408281 1712.09359066
209.375648115 1712.09359066
209.97088795 1712.09359066
210.566127784 1712.09359066
211.161367619 1712.09359066
211.756607453 1712.09359066
212.351847288 1712.09359066
212.947087122 1712.09359066
213.542326956 1712.09359066
214.137566791 1712.09359066
214.732806625 1712.09359066
215.32804646 1712.09359066
215.923286294 1712.09359066
216.518526129 1712.09359066
217.113765963 1712.09359066
217.709005798 1712.09359066
218.304245632 1712.09359066
218.899485467 1712.09359066
219.494725301 1712.09359066
220.089965136 1712.09359066
220.68520497 1712.09359066
221.280444805 1712.09359066
221.875684639 1712.09359066
222.470924474 1712.09359066
223.066164308 1712.09359066
223.661404143 1712.09359066
224.256643977 1712.09359066
224.851883811 1712.09359066
225.447123646 1712.09359066
226.04236348 1712.09359066
226.637603315 1712.09359066
227.232843149 1712.09359066
227.828082984 1712.09359066
228.423322818 1712.09359066
229.018562653 1712.09359066
229.613802487 1712.09359066
230.209042322 1712.09359066
230.804282156 1712.09359066
231.399521991 1712.09359066
231.994761825 1712.09359066
232.59000166 1712.09359066
233.185241494 1712.09359066
233.780481329 1712.09359066
234.375721163 1712.09359066
234.970960998 1712.09359066
235.566200832 1712.09359066
236.161440666 1712.09359066
236.756680501 1712.09359066
237.351920335 1712.09359066
237.94716017 1712.09359066
238.542400004 1712.09359066
239.137639839 1712.09359066
239.732879673 1712.09359066
240.328119508 1712.09359066
240.923359342 1712.09359066
241.518599177 1712.09359066
242.113839011 1712.09359066
242.709078846 1712.09359066
243.30431868 1712.09359066
243.899558515 1712.09359066
244.494798349 1712.09359066
245.090038184 1712.09359066
245.685278018 1712.09359066
246.280517852 1712.09359066
246.875757687 1712.09359066
247.470997521 1712.09359066
248.066237356 1712.09359066
248.66147719 1712.09359066
249.256717025 1712.09359066
249.851956859 1712.09359066
250.447196694 1712.09359066
251.042436528 1712.09359066
251.637676363 1712.09359066
252.232916197 1712.09359066
252.828156032 1712.09359066
253.423395866 1712.09359066
254.018635701 1712.09359066
254.613875535 1712.09359066
255.20911537 1712.09359066
255.804355204 1712.09359066
256.399595039 1712.09359066
256.994834873 1712.09359066
257.590074707 1712.09359066
258.185314542 1712.09359066
258.780554376 1712.09359066
259.375794211 1712.09359066
259.971034045 1712.09359066
260.56627388 1712.09359066
261.161513714 1712.09359066
261.756753549 1712.09359066
262.351993383 1712.09359066
262.947233218 1712.09359066
263.542473052 1712.09359066
264.137712887 1712.09359066
264.732952721 1712.09359066
265.328192556 1712.09359066
265.92343239 1712.09359066
266.518672225 1712.09359066
267.113912059 1712.09359066
267.709151894 1712.09359066
268.304391728 1712.09359066
268.899631562 1712.09359066
269.494871397 1712.09359066
270.090111231 1712.09359066
270.685351066 1712.09359066
271.2805909 1712.09359066
271.875830735 1712.09359066
272.471070569 1712.09359066
273.066310404 1712.09359066
273.661550238 1712.09359066
274.256790073 1712.09359066
274.852029907 1712.09359066
275.447269742 1712.09359066
276.042509576 1712.09359066
276.637749411 1712.09359066
277.232989245 1712.09359066
277.82822908 1712.09359066
278.423468914 1712.09359066
279.018708748 1712.09359066
279.613948583 1712.09359066
280.209188417 1712.09359066
280.804428252 1712.09359066
281.399668086 1712.09359066
281.994907921 1712.09359066
282.590147755 1712.09359066
283.18538759 1712.09359066
283.780627424 1712.09359066
284.375867259 1712.09359066
284.971107093 1712.09359066
285.566346928 1712.09359066
286.161586762 1712.09359066
286.756826597 1712.09359066
287.352066431 1712.09359066
287.947306266 1712.09359066
288.5425461 1712.09359066
289.137785935 1712.09359066
289.733025769 1712.09359066
290.328265603 1712.09359066
290.923505438 1712.09359066
291.518745272 1712.09359066
292.113985107 1712.09359066
292.709224941 1712.09359066
293.304464776 1712.09359066
293.89970461 1712.09359066
294.494944445 1712.09359066
295.090184279 1712.09359066
295.685424114 1712.09359066
296.280663948 1712.09359066
296.875903783 1712.09359066
297.471143617 1712.09359066
298.066383452 1712.09359066
298.661623286 1712.09359066
299.256863121 1712.09359066
299.852102955 1712.09359066
300.44734279 1712.09359066
301.042582624 1712.09359066
301.637822458 1712.09359066
302.233062293 1712.09359066
302.828302127 1712.09359066
303.423541962 1712.09359066
304.018781796 1712.09359066
304.614021631 1712.09359066
305.209261465 2401.14435818
305.8045013 2401.14435818
306.399741134 2401.14435818
306.994980969 2401.14435818
307.590220803 2401.14435818
308.185460638 2401.14435818
308.780700472 2401.14435818
309.375940307 2401.14435818
309.971180141 2401.14435818
310.566419976 2401.14435818
311.16165981 2401.14435818
311.756899644 2401.14435818
312.352139479 2401.14435818
312.947379313 2401.14435818
313.542619148 2401.14435818
314.137858982 2401.14435818
314.733098817 2401.14435818
315.328338651 2401.14435818
315.923578486 2401.14435818
316.51881832 2401.14435818
317.114058155 2401.14435818
317.709297989 2401.14435818
318.304537824 2401.14435818
318.899777658 2401.14435818
319.495017493 2401.14435818
320.090257327 2401.14435818
320.685497162 2401.14435818
321.280736996 2401.14435818
321.875976831 2401.14435818
322.471216665 2401.14435818
323.066456499 2401.14435818
323.661696334 2401.14435818
324.256936168 2401.14435818
324.852176003 2401.14435818
325.447415837 2401.14435818
326.042655672 2401.14435818
326.637895506 2401.14435818
327.233135341 2401.14435818
327.828375175 2401.14435818
328.42361501 2401.14435818
329.018854844 2401.14435818
329.614094679 2401.14435818
330.209334513 2401.14435818
330.804574348 2401.14435818
331.399814182 2401.14435818
331.995054017 2401.14435818
332.590293851 2401.14435818
333.185533685 2401.14435818
333.78077352 2401.14435818
334.376013354 2401.14435818
334.971253189 2401.14435818
335.566493023 2401.14435818
336.161732858 2401.14435818
336.756972692 2401.14435818
337.352212527 2401.14435818
337.947452361 2401.14435818
338.542692196 2401.14435818
339.13793203 2401.14435818
339.733171865 2401.14435818
340.328411699 2401.14435818
340.923651534 2401.14435818
341.518891368 2401.14435818
342.114131203 2401.14435818
342.709371037 2401.14435818
343.304610872 2401.14435818
343.899850706 2401.14435818
344.49509054 2401.14435818
345.090330375 2401.14435818
345.685570209 2401.14435818
346.280810044 2401.14435818
346.876049878 2401.14435818
347.471289713 2401.14435818
348.066529547 2401.14435818
348.661769382 2401.14435818
349.257009216 2401.14435818
349.852249051 2401.14435818
350.447488885 2401.14435818
351.04272872 2401.14435818
351.637968554 2401.14435818
352.233208389 2401.14435818
352.828448223 2401.14435818
353.423688058 2401.14435818
354.018927892 2401.14435818
354.614167727 2401.14435818
355.209407561 2401.14435818
355.804647395 2401.14435818
356.39988723 2401.14435818
356.995127064 2401.14435818
357.590366899 2401.14435818
358.185606733 2401.14435818
358.780846568 2401.14435818
359.376086402 2401.14435818
359.971326237 2401.14435818
360.566566071 2401.14435818
361.161805906 2401.14435818
361.75704574 2401.14435818
362.352285575 2401.14435818
362.947525409 2401.14435818
363.542765244 2401.14435818
364.138005078 2401.14435818
364.733244913 2401.14435818
365.328484747 2401.14435818
365.923724581 2401.14435818
366.518964416 2401.14435818
367.11420425 2401.14435818
367.709444085 2401.14435818
368.304683919 2401.14435818
368.899923754 2401.14435818
369.495163588 2401.14435818
370.090403423 2401.14435818
370.685643257 2401.14435818
371.280883092 2401.14435818
371.876122926 2401.14435818
372.471362761 2401.14435818
373.066602595 2401.14435818
373.66184243 2401.14435818
374.257082264 2401.14435818
374.852322099 2401.14435818
375.447561933 2401.14435818
376.042801768 2401.14435818
376.638041602 2401.14435818
377.233281436 2401.14435818
377.828521271 2401.14435818
378.423761105 2401.14435818
379.01900094 2401.14435818
379.614240774 2401.14435818
380.209480609 2401.14435818
380.804720443 2401.14435818
381.399960278 2401.14435818
381.995200112 2401.14435818
382.590439947 2401.14435818
383.185679781 2401.14435818
383.780919616 2401.14435818
384.37615945 2401.14435818
384.971399285 2401.14435818
385.566639119 2401.14435818
386.161878954 2401.14435818
386.757118788 2401.14435818
387.352358623 2401.14435818
387.947598457 2401.14435818
388.542838291 2401.14435818
389.138078126 2401.14435818
389.73331796 2401.14435818
390.328557795 2401.14435818
390.923797629 2401.14435818
391.519037464 2401.14435818
392.114277298 2401.14435818
392.709517133 2401.14435818
393.304756967 2401.14435818
393.899996802 2401.14435818
394.495236636 2401.14435818
395.090476471 2401.14435818
395.685716305 2401.14435818
396.28095614 2401.14435818
396.876195974 2401.14435818
397.471435809 2401.14435818
398.066675643 2401.14435818
398.661915477 2401.14435818
399.257155312 2401.14435818
399.852395146 2401.14435818
400.447634981 2401.14435818
401.042874815 2401.14435818
401.63811465 2401.14435818
402.233354484 2401.14435818
402.828594319 2401.14435818
403.423834153 2401.14435818
404.019073988 2401.14435818
404.614313822 2401.14435818
405.209553657 2401.14435818
405.804793491 2401.14435818
406.400033326 2401.14435818
406.99527316 2401.14435818
407.590512995 2401.14435818
408.185752829 2401.14435818
408.780992664 2401.14435818
409.376232498 2401.14435818
409.971472332 2401.14435818
410.566712167 2401.14435818
411.161952001 2401.14435818
411.757191836 2401.14435818
412.35243167 2401.14435818
412.947671505 2401.14435818
413.542911339 2401.14435818
414.138151174 2401.14435818
414.733391008 2401.14435818
415.328630843 2401.14435818
415.923870677 2401.14435818
416.519110512 2401.14435818
417.114350346 2401.14435818
417.709590181 2401.14435818
418.304830015 2401.14435818
418.90006985 2401.14435818
419.495309684 2401.14435818
420.090549519 2401.14435818
420.685789353 2401.14435818
421.281029187 2401.14435818
421.876269022 2401.14435818
422.471508856 2401.14435818
423.066748691 2401.14435818
423.661988525 2401.14435818
424.25722836 2401.14435818
424.852468194 2401.14435818
425.447708029 2401.14435818
426.042947863 2401.14435818
426.638187698 2401.14435818
427.233427532 2401.14435818
427.828667367 2401.14435818
428.423907201 2401.14435818
429.019147036 2401.14435818
429.61438687 2401.14435818
430.209626705 2401.14435818
430.804866539 2401.14435818
431.400106373 2401.14435818
431.995346208 2401.14435818
432.590586042 2401.14435818
433.185825877 2401.14435818
433.781065711 2401.14435818
434.376305546 2401.14435818
434.97154538 2401.14435818
435.566785215 2401.14435818
436.162025049 2401.14435818
436.757264884 2401.14435818
437.352504718 2401.14435818
437.947744553 2401.14435818
438.542984387 2401.14435818
439.138224222 2401.14435818
439.733464056 2401.14435818
440.328703891 2401.14435818
440.923943725 2401.14435818
441.51918356 2401.14435818
442.114423394 2401.14435818
442.709663228 2401.14435818
443.304903063 2401.14435818
443.900142897 2401.14435818
444.495382732 2401.14435818
445.090622566 2401.14435818
445.685862401 2401.14435818
446.281102235 2401.14435818
446.87634207 2401.14435818
447.471581904 2401.14435818
448.066821739 2401.14435818
448.662061573 2401.14435818
449.257301408 2401.14435818
449.852541242 2401.14435818
450.447781077 2401.14435818
451.043020911 2401.14435818
451.638260746 2401.14435818
452.23350058 2401.14435818
452.828740415 2401.14435818
453.423980249 2401.14435818
454.019220083 2401.14435818
454.614459918 2401.14435818
455.209699752 2401.14435818
455.804939587 2401.14435818
456.400179421 2401.14435818
456.995419256 2401.14435818
457.59065909 2230.80649302
458.185898925 2230.80649302
458.781138759 2230.80649302
459.376378594 2230.80649302
459.971618428 2230.80649302
460.566858263 2230.80649302
461.162098097 2230.80649302
461.757337932 2230.80649302
462.352577766 2230.80649302
462.947817601 2230.80649302
463.543057435 2230.80649302
464.138297269 2230.80649302
464.733537104 2230.80649302
465.328776938 2230.80649302
465.924016773 2230.80649302
466.519256607 2230.80649302
467.114496442 2230.80649302
467.709736276 2230.80649302
468.304976111 2230.80649302
468.900215945 2230.80649302
469.49545578 2230.80649302
470.090695614 2230.80649302
470.685935449 2230.80649302
471.281175283 2230.80649302
471.876415118 2230.80649302
472.471654952 2230.80649302
473.066894787 2230.80649302
473.662134621 2230.80649302
474.257374456 2230.80649302
474.85261429 2230.80649302
475.447854124 2230.80649302
476.043093959 2230.80649302
476.638333793 2230.80649302
477.233573628 2230.80649302
477.828813462 2230.80649302
478.424053297 2230.80649302
479.019293131 2230.80649302
479.614532966 2230.80649302
480.2097728 2230.80649302
480.805012635 2230.80649302
481.400252469 2230.80649302
481.995492304 2230.80649302
482.590732138 2230.80649302
483.185971973 2230.80649302
483.781211807 2230.80649302
484.376451642 2230.80649302
484.971691476 2230.80649302
485.56693131 2230.80649302
486.162171145 2230.80649302
486.757410979 2230.80649302
487.352650814 2230.80649302
487.947890648 2230.80649302
488.543130483 2230.80649302
489.138370317 2230.80649302
489.733610152 2230.80649302
490.328849986 2230.80649302
490.924089821 2230.80649302
491.519329655 2230.80649302
492.11456949 2230.80649302
492.709809324 2230.80649302
493.305049159 2230.80649302
493.900288993 2230.80649302
494.495528828 2230.80649302
495.090768662 2230.80649302
495.686008497 2230.80649302
496.281248331 2230.80649302
496.876488165 2230.80649302
497.471728 2230.80649302
498.066967834 2230.80649302
498.662207669 2230.80649302
499.257447503 2230.80649302
499.852687338 2230.80649302
500.447927172 2230.80649302
501.043167007 2230.80649302
501.638406841 2230.80649302
502.233646676 2230.80649302
502.82888651 2230.80649302
503.424126345 2230.80649302
504.019366179 2230.80649302
504.614606014 2230.80649302
505.209845848 2230.80649302
505.805085683 2230.80649302
506.400325517 2230.80649302
506.995565352 2230.80649302
507.590805186 2230.80649302
508.18604502 2230.80649302
508.781284855 2230.80649302
509.376524689 2230.80649302
509.971764524 2230.80649302
510.567004358 2230.80649302
511.162244193 2230.80649302
511.757484027 2230.80649302
512.352723862 2230.80649302
512.947963696 2230.80649302
513.543203531 2230.80649302
514.138443365 2230.80649302
514.7336832 2230.80649302
515.328923034 2230.80649302
515.924162869 2230.80649302
516.519402703 2230.80649302
517.114642538 2230.80649302
517.709882372 2230.80649302
518.305122206 2230.80649302
518.900362041 2230.80649302
519.495601875 2230.80649302
520.09084171 2230.80649302
520.686081544 2230.80649302
521.281321379 2230.80649302
521.876561213 2230.80649302
522.471801048 2230.80649302
523.067040882 2230.80649302
523.662280717 2230.80649302
524.257520551 2230.80649302
524.852760386 2230.80649302
525.44800022 2230.80649302
526.043240055 2230.80649302
526.638479889 2230.80649302
527.233719724 2230.80649302
527.828959558 2230.80649302
528.424199393 2230.80649302
529.019439227 2230.80649302
529.614679061 2230.80649302
530.209918896 2230.80649302
530.80515873 2230.80649302
531.400398565 2230.80649302
531.995638399 2230.80649302
532.590878234 2230.80649302
533.186118068 2230.80649302
533.781357903 2571.48222333
534.376597737 2571.48222333
534.971837572 2571.48222333
535.567077406 2571.48222333
536.162317241 2571.48222333
536.757557075 2571.48222333
537.35279691 2571.48222333
537.948036744 2571.48222333
538.543276579 2571.48222333
539.138516413 2571.48222333
539.733756248 2571.48222333
540.328996082 2571.48222333
540.924235916 2571.48222333
541.519475751 2571.48222333
542.114715585 2571.48222333
542.70995542 2571.48222333
543.305195254 2571.48222333
543.900435089 2571.48222333
544.495674923 2571.48222333
545.090914758 2571.48222333
545.686154592 2571.48222333
546.281394427 2571.48222333
546.876634261 2571.48222333
547.471874096 2571.48222333
548.06711393 2571.48222333
548.662353765 2571.48222333
549.257593599 2571.48222333
549.852833434 2571.48222333
550.448073268 2571.48222333
551.043313102 2571.48222333
551.638552937 2571.48222333
552.233792771 2571.48222333
552.829032606 2571.48222333
553.42427244 2571.48222333
554.019512275 2571.48222333
554.614752109 2571.48222333
555.209991944 2571.48222333
555.805231778 2571.48222333
556.400471613 2571.48222333
556.995711447 2571.48222333
557.590951282 2571.48222333
558.186191116 2571.48222333
558.781430951 2571.48222333
559.376670785 2571.48222333
559.97191062 2571.48222333
560.567150454 2571.48222333
561.162390289 2571.48222333
561.757630123 2571.48222333
562.352869957 2571.48222333
562.948109792 2571.48222333
563.543349626 2571.48222333
564.138589461 2571.48222333
564.733829295 2571.48222333
565.32906913 2571.48222333
565.924308964 2571.48222333
566.519548799 2571.48222333
567.114788633 2571.48222333
567.710028468 2571.48222333
568.305268302 2571.48222333
568.900508137 2571.48222333
569.495747971 2571.48222333
570.090987806 2571.48222333
570.68622764 2571.48222333
571.281467475 2571.48222333
571.876707309 2571.48222333
572.471947144 2571.48222333
573.067186978 2571.48222333
573.662426812 2571.48222333
574.257666647 2571.48222333
574.852906481 2571.48222333
575.448146316 2571.48222333
576.04338615 2571.48222333
576.638625985 2571.48222333
577.233865819 2571.48222333
577.829105654 2571.48222333
578.424345488 2571.48222333
579.019585323 2571.48222333
579.614825157 2571.48222333
580.210064992 2571.48222333
580.805304826 2571.48222333
581.400544661 2571.48222333
581.995784495 2571.48222333
582.59102433 2571.48222333
583.186264164 2571.48222333
583.781503998 2571.48222333
584.376743833 2571.48222333
584.971983667 2571.48222333
585.567223502 2571.48222333
586.162463336 2571.48222333
586.757703171 2571.48222333
587.352943005 2571.48222333
587.94818284 2571.48222333
588.543422674 2571.48222333
589.138662509 2571.48222333
589.733902343 2571.48222333
590.329142178 2571.48222333
590.924382012 2571.48222333
591.519621847 2571.48222333
592.114861681 2571.48222333
592.710101516 2571.48222333
593.30534135 2571.48222333
593.900581185 2571.48222333
594.495821019 2571.48222333
595.091060853 2571.48222333
595.686300688 2571.48222333
596.281540522 2571.48222333
596.876780357 2571.48222333
597.472020191 2571.48222333
598.067260026 2571.48222333
598.66249986 2571.48222333
599.257739695 2571.48222333
599.852979529 2571.48222333
600.448219364 2571.48222333
601.043459198 2571.48222333
601.638699033 2571.48222333
602.233938867 2571.48222333
602.829178702 2571.48222333
603.424418536 2571.48222333
604.019658371 2571.48222333
604.614898205 2571.48222333
605.21013804 2571.48222333
605.805377874 2571.48222333
606.400617708 2571.48222333
606.995857543 2571.48222333
607.591097377 2571.48222333
608.186337212 2571.48222333
608.781577046 2571.48222333
609.376816881 2571.48222333
609.972056715 2611.74705222
610.56729655 2611.74705222
611.162536384 2611.74705222
611.757776219 2611.74705222
612.353016053 2611.74705222
612.948255888 2611.74705222
613.543495722 2611.74705222
614.138735557 2611.74705222
614.733975391 2611.74705222
615.329215226 2611.74705222
615.92445506 2611.74705222
616.519694894 2611.74705222
617.114934729 2611.74705222
617.710174563 2611.74705222
618.305414398 2611.74705222
618.900654232 2611.74705222
619.495894067 2611.74705222
620.091133901 2611.74705222
620.686373736 2611.74705222
621.28161357 2611.74705222
621.876853405 2611.74705222
622.472093239 2611.74705222
623.067333074 2611.74705222
623.662572908 2611.74705222
624.257812743 2611.74705222
624.853052577 2611.74705222
625.448292412 2611.74705222
626.043532246 2611.74705222
626.638772081 2611.74705222
627.234011915 2611.74705222
627.829251749 2611.74705222
628.424491584 2611.74705222
629.019731418 2611.74705222
629.614971253 2611.74705222
630.210211087 2611.74705222
630.805450922 2611.74705222
631.400690756 2611.74705222
631.995930591 2611.74705222
632.591170425 2611.74705222
633.18641026 2611.74705222
633.781650094 2611.74705222
634.376889929 2611.74705222
634.972129763 2611.74705222
635.567369598 2611.74705222
636.162609432 2611.74705222
636.757849267 2611.74705222
637.353089101 2611.74705222
637.948328935 2611.74705222
638.54356877 1837.32788247
639.138808604 1837.32788247
639.734048439 1837.32788247
640.329288273 1837.32788247
640.924528108 1837.32788247
641.519767942 1837.32788247
642.115007777 1837.32788247
642.710247611 1837.32788247
643.305487446 3386.16622196
643.90072728 3386.16622196
644.495967115 3386.16622196
645.091206949 3386.16622196
645.686446784 3386.16622196
646.281686618 3386.16622196
646.876926453 3386.16622196
647.472166287 3386.16622196
648.067406122 2611.74705222
648.662645956 2611.74705222
649.25788579 2611.74705222
649.853125625 2611.74705222
650.448365459 2611.74705222
651.043605294 2611.74705222
651.638845128 2611.74705222
652.234084963 2611.74705222
652.829324797 2611.74705222
653.424564632 2611.74705222
654.019804466 2611.74705222
654.615044301 2611.74705222
655.210284135 2611.74705222
655.80552397 2611.74705222
656.400763804 2611.74705222
656.996003639 2611.74705222
657.591243473 2611.74705222
658.186483308 2611.74705222
658.781723142 2611.74705222
659.376962977 2611.74705222
659.972202811 2611.74705222
660.567442645 2611.74705222
661.16268248 2611.74705222
661.757922314 2611.74705222
662.353162149 2611.74705222
662.948401983 2611.74705222
663.543641818 2611.74705222
664.138881652 2611.74705222
664.734121487 2611.74705222
665.329361321 2611.74705222
665.924601156 2611.74705222
666.51984099 2611.74705222
667.115080825 2611.74705222
667.710320659 2611.74705222
668.305560494 2611.74705222
668.900800328 2611.74705222
669.496040163 2611.74705222
670.091279997 2611.74705222
670.686519831 2611.74705222
671.281759666 2611.74705222
671.8769995 2611.74705222
672.472239335 2611.74705222
673.067479169 2611.74705222
673.662719004 2611.74705222
674.257958838 2611.74705222
674.853198673 2611.74705222
675.448438507 2611.74705222
676.043678342 2611.74705222
676.638918176 2611.74705222
677.234158011 2611.74705222
677.829397845 2611.74705222
678.42463768 2611.74705222
679.019877514 2611.74705222
679.615117349 2611.74705222
680.210357183 2611.74705222
680.805597018 2611.74705222
681.400836852 2611.74705222
681.996076686 2611.74705222
682.591316521 2611.74705222
683.186556355 2611.74705222
683.78179619 2611.74705222
684.377036024 2611.74705222
684.972275859 2611.74705222
685.567515693 2611.74705222
686.162755528 3098.26713429
686.757995362 3098.26713429
687.353235197 3098.26713429
687.948475031 3098.26713429
688.543714866 3098.26713429
689.1389547 3098.26713429
689.734194535 3098.26713429
690.329434369 3098.26713429
690.924674204 3098.26713429
691.519914038 3098.26713429
692.115153873 3098.26713429
692.710393707 3098.26713429
693.305633541 3098.26713429
693.900873376 3098.26713429
694.49611321 3098.26713429
695.091353045 3098.26713429
695.686592879 3098.26713429
696.281832714 3098.26713429
696.877072548 3098.26713429
697.472312383 3098.26713429
698.067552217 3098.26713429
698.662792052 3098.26713429
699.258031886 3098.26713429
699.853271721 3098.26713429
700.448511555 3098.26713429
701.04375139 3098.26713429
701.638991224 3098.26713429
702.234231059 3098.26713429
702.829470893 3098.26713429
703.424710727 3098.26713429
704.019950562 3098.26713429
704.615190396 3098.26713429
705.210430231 2584.2613272
705.805670065 2584.2613272
706.4009099 2584.2613272
706.996149734 2584.2613272
707.591389569 2584.2613272
708.186629403 2584.2613272
708.781869238 2584.2613272
709.377109072 2584.2613272
709.972348907 2584.2613272
710.567588741 2584.2613272
711.162828576 2584.2613272
711.75806841 2584.2613272
712.353308245 2584.2613272
712.948548079 2584.2613272
713.543787914 2584.2613272
714.139027748 2584.2613272
714.734267582 2584.2613272
715.329507417 2584.2613272
715.924747251 2584.2613272
716.519987086 2584.2613272
717.11522692 2584.2613272
717.710466755 2584.2613272
718.305706589 2584.2613272
718.900946424 2584.2613272
719.496186258 2584.2613272
720.091426093 2584.2613272
720.686665927 2584.2613272
721.281905762 2584.2613272
721.877145596 2584.2613272
722.472385431 2584.2613272
723.067625265 2584.2613272
723.6628651 2584.2613272
724.258104934 2382.22987368
724.853344769 2382.22987368
725.448584603 2382.22987368
726.043824437 2382.22987368
726.639064272 2382.22987368
727.234304106 2382.22987368
727.829543941 2382.22987368
728.424783775 2382.22987368
729.02002361 2382.22987368
729.615263444 2382.22987368
730.210503279 2382.22987368
730.805743113 2382.22987368
731.400982948 2382.22987368
731.996222782 2382.22987368
732.591462617 2382.22987368
733.186702451 2382.22987368
733.781942286 2382.22987368
734.37718212 2382.22987368
734.972421955 2382.22987368
735.567661789 2382.22987368
736.162901623 2382.22987368
736.758141458 2382.22987368
737.353381292 2382.22987368
737.948621127 2382.22987368
738.543860961 2382.22987368
739.139100796 2382.22987368
739.73434063 2382.22987368
740.329580465 2382.22987368
740.924820299 2382.22987368
741.520060134 2382.22987368
742.115299968 2382.22987368
742.710539803 2382.22987368
743.305779637 2382.22987368
743.901019472 2382.22987368
744.496259306 2382.22987368
745.091499141 2382.22987368
745.686738975 2382.22987368
746.28197881 2382.22987368
746.877218644 2382.22987368
747.472458478 2382.22987368
748.067698313 2382.22987368
748.662938147 2382.22987368
749.258177982 2382.22987368
749.853417816 2382.22987368
750.448657651 2382.22987368
751.043897485 2382.22987368
751.63913732 2382.22987368
752.234377154 2382.22987368
752.829616989 2382.22987368
753.424856823 2382.22987368
754.020096658 2382.22987368
754.615336492 2382.22987368
755.210576327 2382.22987368
755.805816161 2382.22987368
756.401055996 2382.22987368
756.99629583 2382.22987368
757.591535665 2382.22987368
758.186775499 2382.22987368
758.782015333 2382.22987368
759.377255168 2382.22987368
759.972495002 2382.22987368
760.567734837 2382.22987368
761.162974671 2382.22987368
761.758214506 2382.22987368
762.35345434 2379.74266774
762.948694175 2379.74266774
763.543934009 2379.74266774
764.139173844 2379.74266774
764.734413678 2379.74266774
765.329653513 2379.74266774
765.924893347 2379.74266774
766.520133182 2379.74266774
767.115373016 2379.74266774
767.710612851 2379.74266774
768.305852685 2379.74266774
768.901092519 2379.74266774
769.496332354 2379.74266774
770.091572188 2379.74266774
770.686812023 2379.74266774
771.282051857 2379.74266774
771.877291692 2379.74266774
772.472531526 2379.74266774
773.067771361 2379.74266774
773.663011195 2379.74266774
774.25825103 2379.74266774
774.853490864 2379.74266774
775.448730699 2379.74266774
776.043970533 2379.74266774
776.639210368 2379.74266774
777.234450202 2379.74266774
777.829690037 2379.74266774
778.424929871 2379.74266774
779.020169706 2379.74266774
779.61540954 2379.74266774
780.210649374 2379.74266774
780.805889209 2379.74266774
781.401129043 2379.74266774
781.996368878 2379.74266774
782.591608712 2379.74266774
783.186848547 2379.74266774
783.782088381 2379.74266774
784.377328216 2379.74266774
784.97256805 2379.74266774
785.567807885 2379.74266774
786.163047719 2379.74266774
786.758287554 2379.74266774
787.353527388 2379.74266774
787.948767223 2379.74266774
788.544007057 2379.74266774
789.139246892 2379.74266774
789.734486726 2379.74266774
790.32972656 2379.74266774
790.924966395 2379.74266774
791.520206229 2379.74266774
792.115446064 2379.74266774
792.710685898 2379.74266774
793.305925733 2379.74266774
793.901165567 2379.74266774
794.496405402 2379.74266774
795.091645236 2379.74266774
795.686885071 2379.74266774
796.282124905 2379.74266774
796.87736474 2379.74266774
797.472604574 2379.74266774
798.067844409 2379.74266774
798.663084243 2379.74266774
799.258324078 2379.74266774
799.853563912 2379.74266774
800.448803747 3135.02745453
801.044043581 3135.02745453
801.639283415 3135.02745453
802.23452325 3135.02745453
802.829763084 3135.02745453
803.425002919 3135.02745453
804.020242753 3135.02745453
804.615482588 3135.02745453
805.210722422 3135.02745453
805.805962257 3135.02745453
806.401202091 3135.02745453
806.996441926 3135.02745453
807.59168176 3135.02745453
808.186921595 3135.02745453
808.782161429 3135.02745453
809.377401264 3135.02745453
809.972641098 3135.02745453
810.567880933 3135.02745453
811.163120767 3135.02745453
811.758360602 3135.02745453
812.353600436 3135.02745453
812.94884027 3135.02745453
813.544080105 3135.02745453
814.139319939 3135.02745453
814.734559774 3135.02745453
815.329799608 3135.02745453
815.925039443 3135.02745453
816.520279277 3135.02745453
817.115519112 3135.02745453
817.710758946 3135.02745453
818.305998781 3135.02745453
818.901238615 3135.02745453
819.49647845 3135.02745453
820.091718284 3135.02745453
820.686958119 3135.02745453
821.282197953 3135.02745453
821.877437788 3135.02745453
822.472677622 3135.02745453
823.067917456 3135.02745453
823.663157291 3135.02745453
824.258397125 3135.02745453
824.85363696 3135.02745453
825.448876794 3135.02745453
826.044116629 3135.02745453
826.639356463 3135.02745453
827.234596298 3135.02745453
827.829836132 3135.02745453
828.425075967 3135.02745453
829.020315801 3135.02745453
829.615555636 3135.02745453
830.21079547 3135.02745453
830.806035305 3135.02745453
831.401275139 3135.02745453
831.996514974 3135.02745453
832.591754808 3135.02745453
833.186994643 3135.02745453
833.782234477 3135.02745453
834.377474311 3135.02745453
834.972714146 3135.02745453
835.56795398 3135.02745453
836.163193815 3135.02745453
836.758433649 3135.02745453
837.353673484 3135.02745453
837.948913318 3135.02745453
838.544153153 2466.1090433
839.139392987 2466.1090433
839.734632822 2466.1090433
840.329872656 2466.1090433
840.925112491 2466.1090433
841.520352325 2466.1090433
842.11559216 2466.1090433
842.710831994 2466.1090433
843.306071829 2466.1090433
843.901311663 2466.1090433
844.496551498 2466.1090433
845.091791332 2466.1090433
845.687031166 2466.1090433
846.282271001 2466.1090433
846.877510835 2466.1090433
847.47275067 2466.1090433
848.067990504 2466.1090433
848.663230339 2466.1090433
849.258470173 2466.1090433
849.853710008 2466.1090433
850.448949842 2466.1090433
851.044189677 2466.1090433
851.639429511 2466.1090433
852.234669346 2466.1090433
852.82990918 2466.1090433
853.425149015 2466.1090433
854.020388849 2466.1090433
854.615628684 2466.1090433
855.210868518 2466.1090433
855.806108352 2466.1090433
856.401348187 2466.1090433
856.996588021 2466.1090433
857.591827856 2466.1090433
858.18706769 2466.1090433
858.782307525 2466.1090433
859.377547359 2466.1090433
859.972787194 2466.1090433
860.568027028 2466.1090433
861.163266863 2466.1090433
861.758506697 2466.1090433
862.353746532 2466.1090433
862.948986366 2466.1090433
863.544226201 2466.1090433
864.139466035 2466.1090433
864.73470587 2466.1090433
865.329945704 2466.1090433
865.925185539 2466.1090433
866.520425373 2466.1090433
867.115665207 2466.1090433
867.710905042 2466.1090433
868.306144876 2466.1090433
868.901384711 2466.1090433
869.496624545 2466.1090433
870.09186438 2466.1090433
870.687104214 2466.1090433
871.282344049 2466.1090433
871.877583883 2466.1090433
872.472823718 2466.1090433
873.068063552 2466.1090433
873.663303387 2466.1090433
874.258543221 2466.1090433
874.853783056 2466.1090433
875.44902289 2466.1090433
876.044262725 2466.1090433
876.639502559 2466.1090433
877.234742394 2466.1090433
877.829982228 2466.1090433
878.425222062 2466.1090433
879.020461897 2466.1090433
879.615701731 2466.1090433
880.210941566 2466.1090433
880.8061814 2466.1090433
881.401421235 2466.1090433
881.996661069 2466.1090433
882.591900904 2466.1090433
883.187140738 2466.1090433
883.782380573 2466.1090433
884.377620407 2466.1090433
884.972860242 2466.1090433
885.568100076 2466.1090433
886.163339911 2466.1090433
886.758579745 2466.1090433
887.35381958 2466.1090433
887.949059414 2466.1090433
888.544299248 2466.1090433
889.139539083 2466.1090433
889.734778917 2466.1090433
890.330018752 2466.1090433
890.925258586 2466.1090433
891.520498421 2466.1090433
892.115738255 2466.1090433
892.71097809 2466.1090433
893.306217924 2466.1090433
893.901457759 2466.1090433
894.496697593 2466.1090433
895.091937428 2466.1090433
895.687177262 2466.1090433
896.282417097 2466.1090433
896.877656931 2466.1090433
897.472896766 2466.1090433
898.0681366 2466.1090433
898.663376435 2466.1090433
899.258616269 2466.1090433
899.853856103 2466.1090433
900.449095938 2466.1090433
901.044335772 2466.1090433
901.639575607 2466.1090433
902.234815441 2466.1090433
902.830055276 2466.1090433
903.42529511 2466.1090433
904.020534945 2466.1090433
904.615774779 2466.1090433
905.211014614 2466.1090433
905.806254448 2466.1090433
906.401494283 2466.1090433
906.996734117 2466.1090433
907.591973952 2466.1090433
908.187213786 2466.1090433
908.782453621 2466.1090433
909.377693455 2466.1090433
909.97293329 2466.1090433
910.568173124 2466.1090433
911.163412958 2466.1090433
911.758652793 2466.1090433
912.353892627 2466.1090433
912.949132462 2466.1090433
913.544372296 2466.1090433
914.139612131 2466.1090433
914.734851965 2328.52037176
915.3300918 2328.52037176
915.925331634 2328.52037176
916.520571469 2328.52037176
917.115811303 2328.52037176
917.711051138 2328.52037176
918.306290972 2328.52037176
918.901530807 2328.52037176
919.496770641 2328.52037176
920.092010476 2328.52037176
920.68725031 2328.52037176
921.282490144 2328.52037176
921.877729979 2328.52037176
922.472969813 2328.52037176
923.068209648 2328.52037176
923.663449482 2328.52037176
924.258689317 2328.52037176
924.853929151 2328.52037176
925.449168986 2328.52037176
926.04440882 2328.52037176
926.639648655 2328.52037176
927.234888489 2328.52037176
927.830128324 2328.52037176
928.425368158 2328.52037176
929.020607993 2328.52037176
929.615847827 2328.52037176
930.211087662 2328.52037176
930.806327496 2328.52037176
931.401567331 2328.52037176
931.996807165 2328.52037176
932.592046999 2328.52037176
933.187286834 2328.52037176
933.782526668 2328.52037176
934.377766503 2328.52037176
934.973006337 2328.52037176
935.568246172 2328.52037176
936.163486006 2328.52037176
936.758725841 2328.52037176
937.353965675 2328.52037176
937.94920551 2328.52037176
938.544445344 2328.52037176
939.139685179 2328.52037176
939.734925013 2328.52037176
940.330164848 2328.52037176
940.925404682 2328.52037176
941.520644517 2328.52037176
942.115884351 2328.52037176
942.711124185 2328.52037176
943.30636402 2328.52037176
943.901603854 2328.52037176
944.496843689 2328.52037176
945.092083523 2328.52037176
945.687323358 2328.52037176
946.282563192 2328.52037176
946.877803027 2328.52037176
947.473042861 2328.52037176
948.068282696 2328.52037176
948.66352253 2328.52037176
949.258762365 2328.52037176
949.854002199 2328.52037176
950.449242034 2328.52037176
951.044481868 2328.52037176
951.639721703 2328.52037176
952.234961537 2328.52037176
952.830201372 2328.52037176
953.425441206 2328.52037176
954.02068104 2328.52037176
954.615920875 2328.52037176
955.211160709 2328.52037176
955.806400544 2328.52037176
956.401640378 2328.52037176
956.996880213 2328.52037176
957.592120047 2328.52037176
958.187359882 2328.52037176
958.782599716 2328.52037176
959.377839551 2328.52037176
959.973079385 2328.52037176
960.56831922 2328.52037176
961.163559054 2328.52037176
961.758798889 2328.52037176
962.354038723 2328.52037176
962.949278558 2328.52037176
963.544518392 2328.52037176
964.139758227 2328.52037176
964.734998061 2328.52037176
965.330237895 2328.52037176
965.92547773 2328.52037176
966.520717564 2328.52037176
967.115957399 2328.52037176
967.711197233 2328.52037176
968.306437068 2328.52037176
968.901676902 2328.52037176
969.496916737 2328.52037176
970.092156571 2328.52037176
970.687396406 2328.52037176
971.28263624 2328.52037176
971.877876075 2328.52037176
972.473115909 2328.52037176
973.068355744 2328.52037176
973.663595578 2328.52037176
974.258835413 2328.52037176
974.854075247 2328.52037176
975.449315081 2328.52037176
976.044554916 2328.52037176
976.63979475 2328.52037176
977.235034585 2328.52037176
977.830274419 2328.52037176
978.425514254 2328.52037176
979.020754088 2328.52037176
979.615993923 2328.52037176
980.211233757 2328.52037176
980.806473592 2328.52037176
981.401713426 2328.52037176
981.996953261 2328.52037176
982.592193095 2328.52037176
983.18743293 2328.52037176
983.782672764 2328.52037176
984.377912599 2328.52037176
984.973152433 2328.52037176
985.568392268 2328.52037176
986.163632102 2328.52037176
986.758871936 2328.52037176
987.354111771 2328.52037176
987.949351605 2328.52037176
988.54459144 2328.52037176
989.139831274 2328.52037176
989.735071109 2328.52037176
990.330310943 2328.52037176
990.925550778 2328.52037176
991.520790612 2328.52037176
992.116030447 2328.52037176
992.711270281 2328.52037176
993.306510116 2328.52037176
993.90174995 2328.52037176
994.496989785 2328.52037176
995.092229619 2328.52037176
995.687469454 2328.52037176
996.282709288 2328.52037176
996.877949123 2328.52037176
997.473188957 2328.52037176
998.068428791 2328.52037176
998.663668626 2328.52037176
999.25890846 2328.52037176
999.854148295 2328.52037176
1000.44938813 2328.52037176
1001.04462796 2328.52037176
1001.6398678 2328.52037176
1002.23510763 2328.52037176
1002.83034747 2328.52037176
1003.4255873 2328.52037176
1004.02082714 2328.52037176
1004.61606697 2328.52037176
1005.21130681 2328.52037176
1005.80654664 2328.52037176
1006.40178647 2328.52037176
1006.99702631 2328.52037176
1007.59226614 2328.52037176
1008.18750598 2328.52037176
1008.78274581 2328.52037176
1009.37798565 2328.52037176
1009.97322548 2328.52037176
1010.56846532 2328.52037176
1011.16370515 2328.52037176
1011.75894498 2328.52037176
1012.35418482 2328.52037176
1012.94942465 2328.52037176
1013.54466449 2328.52037176
1014.13990432 2328.52037176
1014.73514416 2328.52037176
1015.33038399 2328.52037176
1015.92562383 2328.52037176
1016.52086366 2328.52037176
1017.11610349 2328.52037176
1017.71134333 2328.52037176
1018.30658316 2328.52037176
1018.901823 2328.52037176
1019.49706283 2328.52037176
1020.09230267 2328.52037176
1020.6875425 2328.52037176
1021.28278234 2328.52037176
1021.87802217 2328.52037176
1022.473262 2328.52037176
1023.06850184 2328.52037176
1023.66374167 2328.52037176
1024.25898151 2328.52037176
1024.85422134 2328.52037176
1025.44946118 2328.52037176
1026.04470101 2328.52037176
1026.63994085 2328.52037176
1027.23518068 2328.52037176
1027.83042052 2328.52037176
1028.42566035 2328.52037176
1029.02090018 2328.52037176
1029.61614002 2328.52037176
1030.21137985 2328.52037176
1030.80661969 2328.52037176
1031.40185952 2328.52037176
1031.99709936 2328.52037176
1032.59233919 2328.52037176
1033.18757903 2328.52037176
1033.78281886 2328.52037176
1034.37805869 2328.52037176
1034.97329853 2328.52037176
1035.56853836 2328.52037176
1036.1637782 2328.52037176
1036.75901803 2328.52037176
1037.35425787 2328.52037176
1037.9494977 2328.52037176
1038.54473754 2328.52037176
1039.13997737 2328.52037176
1039.7352172 2328.52037176
1040.33045704 2328.52037176
1040.92569687 2328.52037176
1041.52093671 2328.52037176
1042.11617654 2328.52037176
1042.71141638 2328.52037176
1043.30665621 2328.52037176
1043.90189605 2328.52037176
1044.49713588 2328.52037176
1045.09237571 2328.52037176
1045.68761555 2328.52037176
1046.28285538 2328.52037176
1046.87809522 2328.52037176
1047.47333505 2328.52037176
1048.06857489 2328.52037176
1048.66381472 2328.52037176
1049.25905456 2328.52037176
1049.85429439 2328.52037176
1050.44953423 2328.52037176
1051.04477406 2328.52037176
1051.64001389 2328.52037176
1052.23525373 2328.52037176
1052.83049356 2328.52037176
1053.4257334 2328.52037176
1054.02097323 2328.52037176
1054.61621307 2328.52037176
1055.2114529 2328.52037176
1055.80669274 2328.52037176
1056.40193257 2328.52037176
1056.9971724 2328.52037176
1057.59241224 2328.52037176
1058.18765207 2328.52037176
1058.78289191 2328.52037176
1059.37813174 2328.52037176
1059.97337158 2328.52037176
1060.56861141 2328.52037176
1061.16385125 2328.52037176
1061.75909108 2328.52037176
1062.35433091 2328.52037176
1062.94957075 2328.52037176
1063.54481058 2328.52037176
1064.14005042 2328.52037176
1064.73529025 2328.52037176
1065.33053009 2328.52037176
1065.92576992 2328.52037176
1066.52100976 2328.52037176
1067.11624959 2328.52037176
1067.71148942 2328.52037176
1068.30672926 2328.52037176
1068.90196909 2328.52037176
1069.49720893 2328.52037176
1070.09244876 2328.52037176
1070.6876886 2328.52037176
1071.28292843 2328.52037176
1071.87816827 2328.52037176
1072.4734081 2328.52037176
1073.06864794 2328.52037176
1073.66388777 2328.52037176
1074.2591276 2328.52037176
1074.85436744 2328.52037176
1075.44960727 2328.52037176
1076.04484711 2328.52037176
1076.64008694 2328.52037176
1077.23532678 2328.52037176
1077.83056661 2328.52037176
1078.42580645 2328.52037176
1079.02104628 2328.52037176
1079.61628611 2328.52037176
1080.21152595 2328.52037176
1080.80676578 2328.52037176
1081.40200562 2328.52037176
1081.99724545 2328.52037176
1082.59248529 2328.52037176
1083.18772512 2328.52037176
1083.78296496 2328.52037176
1084.37820479 2328.52037176
1084.97344462 2328.52037176
1085.56868446 2328.52037176
1086.16392429 2328.52037176
1086.75916413 2328.52037176
1087.35440396 2328.52037176
1087.9496438 2328.52037176
1088.54488363 2328.52037176
1089.14012347 2328.52037176
1089.7353633 2328.52037176
1090.33060313 2328.52037176
1090.92584297 2328.52037176
1091.5210828 2328.52037176
1092.11632264 2328.52037176
1092.71156247 2328.52037176
1093.30680231 2328.52037176
1093.90204214 2328.52037176
1094.49728198 2328.52037176
1095.09252181 2328.52037176
1095.68776164 2328.52037176
1096.28300148 2328.52037176
1096.87824131 2328.52037176
1097.47348115 2328.52037176
1098.06872098 2328.52037176
1098.66396082 2328.52037176
1099.25920065 2328.52037176
1099.85444049 2328.52037176
1100.44968032 2328.52037176
1101.04492016 2328.52037176
1101.64015999 2328.52037176
1102.23539982 2328.52037176
1102.83063966 2328.52037176
1103.42587949 2328.52037176
1104.02111933 2328.52037176
1104.61635916 2328.52037176
1105.211599 2328.52037176
1105.80683883 2328.52037176
1106.40207867 2328.52037176
1106.9973185 2328.52037176
1107.59255833 2328.52037176
1108.18779817 2328.52037176
1108.783038 2328.52037176
1109.37827784 2328.52037176
1109.97351767 2328.52037176
1110.56875751 2328.52037176
1111.16399734 2328.52037176
1111.75923718 2328.52037176
1112.35447701 2328.52037176
1112.94971684 2328.52037176
1113.54495668 2328.52037176
1114.14019651 2328.52037176
1114.73543635 2328.52037176
1115.33067618 2328.52037176
1115.92591602 2328.52037176
1116.52115585 2328.52037176
1117.11639569 2328.52037176
1117.71163552 2328.52037176
1118.30687535 2328.52037176
1118.90211519 2328.52037176
1119.49735502 2328.52037176
1120.09259486 2328.52037176
1120.68783469 2328.52037176
1121.28307453 2328.52037176
1121.87831436 2328.52037176
1122.4735542 2328.52037176
1123.06879403 2328.52037176
1123.66403387 2328.52037176
1124.2592737 2328.52037176
1124.85451353 2328.52037176
1125.44975337 2328.52037176
1126.0449932 2328.52037176
1126.64023304 2328.52037176
1127.23547287 2328.52037176
1127.83071271 2328.52037176
1128.42595254 2328.52037176
1129.02119238 2328.52037176
1129.61643221 2328.52037176
1130.21167204 2328.52037176
1130.80691188 2328.52037176
1131.40215171 2328.52037176
1131.99739155 2328.52037176
1132.59263138 2328.52037176
1133.18787122 2328.52037176
1133.78311105 2328.52037176
1134.37835089 2328.52037176
1134.97359072 2328.52037176
1135.56883055 2328.52037176
1136.16407039 2328.52037176
1136.75931022 2328.52037176
1137.35455006 2328.52037176
1137.94978989 2328.52037176
1138.54502973 2328.52037176
1139.14026956 2328.52037176
1139.7355094 2328.52037176
1140.33074923 2328.52037176
1140.92598906 2328.52037176
1141.5212289 2328.52037176
1142.11646873 2328.52037176
1142.71170857 2328.52037176
1143.3069484 2328.52037176
1143.90218824 2328.52037176
1144.49742807 2328.52037176
1145.09266791 2328.52037176
1145.68790774 2328.52037176
1146.28314758 2328.52037176
1146.87838741 2328.52037176
1147.47362724 2328.52037176
1148.06886708 2328.52037176
1148.66410691 2328.52037176
1149.25934675 2328.52037176
1149.85458658 2328.52037176
1150.44982642 2328.52037176
1151.04506625 2328.52037176
1151.64030609 2328.52037176
1152.23554592 2328.52037176
1152.83078575 2328.52037176
1153.42602559 2328.52037176
1154.02126542 2328.52037176
1154.61650526 2328.52037176
1155.21174509 2328.52037176
1155.80698493 2328.52037176
1156.40222476 2328.52037176
1156.9974646 2328.52037176
1157.59270443 2328.52037176
1158.18794426 2328.52037176
1158.7831841 2328.52037176
1159.37842393 2328.52037176
1159.97366377 2328.52037176
1160.5689036 2328.52037176
1161.16414344 2328.52037176
1161.75938327 2328.52037176
1162.35462311 2328.52037176
1162.94986294 2328.52037176
1163.54510277 2328.52037176
1164.14034261 2328.52037176
1164.73558244 2328.52037176
1165.33082228 2328.52037176
1165.92606211 2328.52037176
1166.52130195 2328.52037176
1167.11654178 2328.52037176
1167.71178162 2328.52037176
1168.30702145 2328.52037176
1168.90226129 2328.52037176
1169.49750112 2328.52037176
1170.09274095 2328.52037176
1170.68798079 2328.52037176
1171.28322062 2328.52037176
1171.87846046 2328.52037176
1172.47370029 2328.52037176
1173.06894013 2328.52037176
1173.66417996 2328.52037176
1174.2594198 2328.52037176
1174.85465963 2328.52037176
1175.44989946 2328.52037176
1176.0451393 2328.52037176
1176.64037913 2328.52037176
1177.23561897 2328.52037176
1177.8308588 2328.52037176
1178.42609864 2328.52037176
1179.02133847 2328.52037176
1179.61657831 2328.52037176
1180.21181814 2328.52037176
1180.80705797 2328.52037176
1181.40229781 2328.52037176
1181.99753764 2328.52037176
1182.59277748 2328.52037176
1183.18801731 2328.52037176
1183.78325715 2328.52037176
1184.37849698 2328.52037176
1184.97373682 2328.52037176
1185.56897665 2328.52037176
1186.16421648 2328.52037176
1186.75945632 2328.52037176
1187.35469615 2328.52037176
1187.94993599 2328.52037176
1188.54517582 2328.52037176
1189.14041566 2328.52037176
1189.73565549 2328.52037176
1190.33089533 2328.52037176
1190.92613516 2328.52037176
1191.521375 2328.52037176
1192.11661483 2328.52037176
1192.71185466 2328.52037176
1193.3070945 2328.52037176
1193.90233433 2328.52037176
1194.49757417 2328.52037176
1195.092814 2328.52037176
1195.68805384 2328.52037176
1196.28329367 2328.52037176
1196.87853351 2328.52037176
1197.47377334 2328.52037176
1198.06901317 2328.52037176
1198.66425301 2328.52037176
1199.25949284 2328.52037176
1199.85473268 2328.52037176
1200.44997251 2328.52037176
1201.04521235 2328.52037176
1201.64045218 2328.52037176
1202.23569202 2328.52037176
1202.83093185 2328.52037176
1203.42617168 2328.52037176
1204.02141152 2328.52037176
1204.61665135 2328.52037176
1205.21189119 2328.52037176
1205.80713102 2328.52037176
1206.40237086 2328.52037176
1206.99761069 2328.52037176
1207.59285053 2328.52037176
1208.18809036 2328.52037176
1208.78333019 2328.52037176
1209.37857003 2328.52037176
1209.97380986 2328.52037176
1210.5690497 2328.52037176
1211.16428953 2328.52037176
1211.75952937 2328.52037176
1212.3547692 2328.52037176
1212.95000904 2328.52037176
1213.54524887 2328.52037176
1214.14048871 2328.52037176
1214.73572854 2328.52037176
1215.33096837 2328.52037176
1215.92620821 2328.52037176
1216.52144804 2328.52037176
1217.11668788 2328.52037176
1217.71192771 2328.52037176
1218.30716755 2328.52037176
1218.90240738 2328.52037176
