0.446466215283 3579.75281739
1.04170604976 3579.75281739
1.63694588423 3579.75281739
2.2321857187 3579.75281739
2.82742555317 3579.75281739
3.42266538765 3579.75281739
4.01790522212 3579.75281739
4.61314505659 3579.75281739
5.20838489106 3579.75281739
5.80362472554 3579.75281739
6.39886456001 3579.75281739
6.99410439448 3579.75281739
7.58934422895 3579.75281739
8.18458406343 3579.75281739
8.7798238979 3579.75281739
9.37506373237 3579.75281739
9.97030356685 3579.75281739
10.5655434013 3579.75281739
11.1607832358 3579.75281739
11.7560230703 3579.75281739
12.3512629047 3579.75281739
12.9465027392 3579.75281739
13.5417425737 3579.75281739
14.1369824082 3579.75281739
14.7322222426 3579.75281739
15.3274620771 3579.75281739
15.9227019116 3579.75281739
16.517941746 3579.75281739
17.1131815805 3579.75281739
17.708421415 3579.75281739
18.3036612495 3579.75281739
18.8989010839 3579.75281739
19.4941409184 3579.75281739
20.0893807529 3579.75281739
20.6846205874 3579.75281739
21.2798604218 3579.75281739
21.8751002563 3579.75281739
22.4703400908 3579.75281739
23.0655799252 3579.75281739
23.6608197597 3579.75281739
24.2560595942 3579.75281739
24.8512994287 3579.75281739
25.4465392631 3579.75281739
26.0417790976 3579.75281739
26.6370189321 3579.75281739
27.2322587666 3579.75281739
27.827498601 3579.75281739
28.4227384355 3579.75281739
29.01797827 3579.75281739
29.6132181044 3579.75281739
30.2084579389 3579.75281739
30.8036977734 3579.75281739
31.3989376079 3579.75281739
31.9941774423 3579.75281739
32.5894172768 3579.75281739
33.1846571113 3579.75281739
33.7798969458 3579.75281739
34.3751367802 3579.75281739
34.9703766147 3579.75281739
35.5656164492 3579.75281739
36.1608562836 3579.75281739
36.7560961181 3579.75281739
37.3513359526 3579.75281739
37.9465757871 3579.75281739
38.5418156215 3579.75281739
39.137055456 3579.75281739
39.7322952905 3579.75281739
40.327535125 3579.75281739
40.9227749594 3579.75281739
41.5180147939 3579.75281739
42.1132546284 3579.75281739
42.7084944628 3579.75281739
43.3037342973 3579.75281739
43.8989741318 3579.75281739
44.4942139663 3579.75281739
45.0894538007 3579.75281739
45.6846936352 3579.75281739
46.2799334697 3579.75281739
46.8751733041 3579.75281739
47.4704131386 3579.75281739
48.0656529731 3579.75281739
48.6608928076 3579.75281739
49.256132642 3579.75281739
49.8513724765 3579.75281739
50.446612311 3579.75281739
51.0418521455 3579.75281739
51.6370919799 3579.75281739
52.2323318144 3579.75281739
52.8275716489 3579.75281739
53.4228114833 3579.75281739
54.0180513178 3579.75281739
54.6132911523 3579.75281739
55.2085309868 3579.75281739
55.8037708212 3579.75281739
56.3990106557 3579.75281739
56.9942504902 3579.75281739
57.5894903247 3579.75281739
58.1847301591 3579.75281739
58.7799699936 3579.75281739
59.3752098281 3579.75281739
59.9704496625 3579.75281739
60.565689497 3579.75281739
61.1609293315 3579.75281739
61.756169166 3579.75281739
62.3514090004 3579.75281739
62.9466488349 3579.75281739
63.5418886694 3579.75281739
64.1371285039 3579.75281739
64.7323683383 3579.75281739
65.3276081728 3579.75281739
65.9228480073 3579.75281739
66.5180878417 3579.75281739
67.1133276762 3579.75281739
67.7085675107 3579.75281739
68.3038073452 3579.75281739
68.8990471796 3579.75281739
69.4942870141 3579.75281739
70.0895268486 3579.75281739
70.6847666831 3579.75281739
71.2800065175 3579.75281739
71.875246352 3579.75281739
72.4704861865 3579.75281739
73.0657260209 3579.75281739
73.6609658554 3579.75281739
74.2562056899 3579.75281739
74.8514455244 3579.75281739
75.4466853588 3579.75281739
76.0419251933 3579.75281739
76.6371650278 3579.75281739
77.2324048623 3579.75281739
77.8276446967 3579.75281739
78.4228845312 3579.75281739
79.0181243657 3579.75281739
79.6133642001 3579.75281739
80.2086040346 3579.75281739
80.8038438691 3579.75281739
81.3990837036 3579.75281739
81.994323538 3579.75281739
82.5895633725 3579.75281739
83.184803207 3579.75281739
83.7800430415 3579.75281739
84.3752828759 3579.75281739
84.9705227104 3579.75281739
85.5657625449 3579.75281739
86.1610023793 3579.75281739
86.7562422138 3579.75281739
87.3514820483 3579.75281739
87.9467218828 3579.75281739
88.5419617172 3579.75281739
89.1372015517 3579.75281739
89.7324413862 3579.75281739
90.3276812207 3579.75281739
90.9229210551 3579.75281739
91.5181608896 3579.75281739
92.1134007241 3579.75281739
92.7086405585 3579.75281739
93.303880393 3579.75281739
93.8991202275 3579.75281739
94.494360062 3579.75281739
95.0895998964 3579.75281739
95.6848397309 3579.75281739
96.2800795654 3579.75281739
96.8753193999 3579.75281739
97.4705592343 3579.75281739
98.0657990688 3579.75281739
98.6610389033 3579.75281739
99.2562787377 3579.75281739
99.8515185722 3579.75281739
100.446758407 3579.75281739
101.041998241 3579.75281739
101.637238076 3579.75281739
102.23247791 3579.75281739
102.827717745 3579.75281739
103.422957579 3579.75281739
104.018197414 3579.75281739
104.613437248 3579.75281739
105.208677082 3579.75281739
105.803916917 3579.75281739
106.399156751 3579.75281739
106.994396586 3579.75281739
107.58963642 3579.75281739
108.184876255 3579.75281739
108.780116089 3579.75281739
109.375355924 3579.75281739
109.970595758 3579.75281739
110.565835593 3579.75281739
111.161075427 3579.75281739
111.756315262 3579.75281739
112.351555096 3579.75281739
112.946794931 3579.75281739
113.542034765 3579.75281739
114.1372746 3579.75281739
114.732514434 3579.75281739
115.327754269 3579.75281739
115.922994103 3579.75281739
116.518233937 3579.75281739
117.113473772 3579.75281739
117.708713606 3579.75281739
118.303953441 3579.75281739
118.899193275 3579.75281739
119.49443311 3579.75281739
120.089672944 3579.75281739
120.684912779 3579.75281739
121.280152613 3579.75281739
121.875392448 3579.75281739
122.470632282 3579.75281739
123.065872117 3579.75281739
123.661111951 3579.75281739
124.256351786 3579.75281739
124.85159162 3579.75281739
125.446831455 3579.75281739
126.042071289 3579.75281739
126.637311123 3579.75281739
127.232550958 3579.75281739
127.827790792 3579.75281739
128.423030627 3579.75281739
129.018270461 3579.75281739
129.613510296 3579.75281739
130.20875013 3579.75281739
130.803989965 3579.75281739
131.399229799 3579.75281739
131.994469634 3579.75281739
132.589709468 3579.75281739
133.184949303 3579.75281739
133.780189137 3579.75281739
134.375428972 3579.75281739
134.970668806 3579.75281739
135.565908641 3579.75281739
136.161148475 3579.75281739
136.75638831 3579.75281739
137.351628144 3579.75281739
137.946867978 3579.75281739
138.542107813 3579.75281739
139.137347647 3579.75281739
139.732587482 3579.75281739
140.327827316 3579.75281739
140.923067151 3579.75281739
141.518306985 3579.75281739
142.11354682 3579.75281739
142.708786654 3579.75281739
143.304026489 3579.75281739
143.899266323 3579.75281739
144.494506158 3579.75281739
145.089745992 3579.75281739
145.684985827 3579.75281739
146.280225661 3579.75281739
146.875465496 3579.75281739
147.47070533 3579.75281739
148.065945165 3579.75281739
148.661184999 3579.75281739
149.256424833 3579.75281739
149.851664668 3579.75281739
150.446904502 3579.75281739
151.042144337 3579.75281739
151.637384171 3579.75281739
152.232624006 3579.75281739
152.82786384 3579.75281739
153.423103675 3579.75281739
154.018343509 3579.75281739
154.613583344 3579.75281739
155.208823178 3579.75281739
155.804063013 3579.75281739
156.399302847 3579.75281739
156.994542682 3579.75281739
157.589782516 3579.75281739
158.185022351 3579.75281739
158.780262185 3579.75281739
159.375502019 3579.75281739
159.970741854 3579.75281739
160.565981688 3579.75281739
161.161221523 3579.75281739
161.756461357 3579.75281739
162.351701192 3579.75281739
162.946941026 3579.75281739
163.542180861 3579.75281739
164.137420695 3579.75281739
164.73266053 3579.75281739
165.327900364 3579.75281739
165.923140199 3579.75281739
166.518380033 3579.75281739
167.113619868 3579.75281739
167.708859702 3579.75281739
168.304099537 3579.75281739
168.899339371 3579.75281739
169.494579206 3579.75281739
170.08981904 3579.75281739
170.685058874 3579.75281739
171.280298709 3579.75281739
171.875538543 3579.75281739
172.470778378 3579.75281739
173.066018212 3579.75281739
173.661258047 3579.75281739
174.256497881 3579.75281739
174.851737716 3579.75281739
175.44697755 3579.75281739
176.042217385 3579.75281739
176.637457219 3579.75281739
177.232697054 3579.75281739
177.827936888 3579.75281739
178.423176723 3579.75281739
179.018416557 3579.75281739
179.613656392 3579.75281739
180.208896226 3579.75281739
180.80413606 3579.75281739
181.399375895 3579.75281739
181.994615729 3579.75281739
182.589855564 3579.75281739
183.185095398 3579.75281739
183.780335233 3579.75281739
184.375575067 3579.75281739
184.970814902 3579.75281739
185.566054736 3579.75281739
186.161294571 3579.75281739
186.756534405 3579.75281739
187.35177424 3579.75281739
187.947014074 3579.75281739
188.542253909 3579.75281739
189.137493743 3579.75281739
189.732733578 3579.75281739
190.327973412 3579.75281739
190.923213247 3579.75281739
191.518453081 3579.75281739
192.113692915 3579.75281739
192.70893275 3579.75281739
193.304172584 3579.75281739
193.899412419 3579.75281739
194.494652253 3579.75281739
195.089892088 3579.75281739
195.685131922 3579.75281739
196.280371757 3579.75281739
196.875611591 3579.75281739
197.470851426 3579.75281739
198.06609126 3579.75281739
198.661331095 3579.75281739
199.256570929 3579.75281739
199.851810764 3579.75281739
200.447050598 3579.75281739
201.042290433 3579.75281739
201.637530267 3579.75281739
202.232770102 3579.75281739
202.828009936 3579.75281739
203.42324977 3579.75281739
204.018489605 3579.75281739
204.613729439 3579.75281739
205.208969274 3579.75281739
205.804209108 3579.75281739
206.399448943 3579.75281739
206.994688777 3579.75281739
207.589928612 3579.75281739
208.185168446 3579.75281739
208.780408281 3579.75281739
209.375648115 3579.75281739
209.97088795 3579.75281739
210.566127784 3579.75281739
211.161367619 3579.75281739
211.756607453 3579.75281739
212.351847288 3579.75281739
212.947087122 3579.75281739
213.542326956 3579.75281739
214.137566791 3579.75281739
214.732806625 3579.75281739
215.32804646 3579.75281739
215.923286294 3579.75281739
216.518526129 3579.75281739
217.113765963 3579.75281739
217.709005798 3579.75281739
218.304245632 3579.75281739
218.899485467 3579.75281739
219.494725301 3579.75281739
220.089965136 3579.75281739
220.68520497 3579.75281739
221.280444805 3579.75281739
221.875684639 3579.75281739
222.470924474 3579.75281739
223.066164308 3579.75281739
223.661404143 3579.75281739
224.256643977 3579.75281739
224.851883811 3579.75281739
225.447123646 3579.75281739
226.04236348 3579.75281739
226.637603315 3579.75281739
227.232843149 3579.75281739
227.828082984 3579.75281739
228.423322818 3579.75281739
229.018562653 3579.75281739
229.613802487 3579.75281739
230.209042322 3579.75281739
230.804282156 3579.75281739
231.399521991 3579.75281739
231.994761825 3579.75281739
232.59000166 3579.75281739
233.185241494 3579.75281739
233.780481329 3579.75281739
234.375721163 3579.75281739
234.970960998 3579.75281739
235.566200832 3579.75281739
236.161440666 3579.75281739
236.756680501 3579.75281739
237.351920335 3579.75281739
237.94716017 3579.75281739
238.542400004 3579.75281739
239.137639839 3579.75281739
239.732879673 3579.75281739
240.328119508 3579.75281739
240.923359342 3579.75281739
241.518599177 3579.75281739
242.113839011 3579.75281739
242.709078846 3579.75281739
243.30431868 3579.75281739
243.899558515 3579.75281739
244.494798349 3579.75281739
245.090038184 3579.75281739
245.685278018 3579.75281739
246.280517852 3579.75281739
246.875757687 3579.75281739
247.470997521 3579.75281739
248.066237356 3579.75281739
248.66147719 3579.75281739
249.256717025 3579.75281739
249.851956859 3579.75281739
250.447196694 3579.75281739
251.042436528 3579.75281739
251.637676363 3579.75281739
252.232916197 3579.75281739
252.828156032 3579.75281739
253.423395866 3579.75281739
254.018635701 3579.75281739
254.613875535 3579.75281739
255.20911537 3579.75281739
255.804355204 3579.75281739
256.399595039 3579.75281739
256.994834873 3579.75281739
257.590074707 3579.75281739
258.185314542 3579.75281739
258.780554376 3579.75281739
259.375794211 3579.75281739
259.971034045 3579.75281739
260.56627388 3579.75281739
261.161513714 3579.75281739
261.756753549 3579.75281739
262.351993383 3579.75281739
262.947233218 3579.75281739
263.542473052 3579.75281739
264.137712887 3579.75281739
264.732952721 3579.75281739
265.328192556 3579.75281739
265.92343239 3579.75281739
266.518672225 3579.75281739
267.113912059 3579.75281739
267.709151894 3579.75281739
268.304391728 3579.75281739
268.899631562 3579.75281739
269.494871397 3579.75281739
270.090111231 3579.75281739
270.685351066 3579.75281739
271.2805909 3579.75281739
271.875830735 3579.75281739
272.471070569 3579.75281739
273.066310404 3579.75281739
273.661550238 3579.75281739
274.256790073 3579.75281739
274.852029907 3579.75281739
275.447269742 3579.75281739
276.042509576 3579.75281739
276.637749411 3579.75281739
277.232989245 3579.75281739
277.82822908 3579.75281739
278.423468914 3579.75281739
279.018708748 3579.75281739
279.613948583 3579.75281739
280.209188417 3579.75281739
280.804428252 3579.75281739
281.399668086 3579.75281739
281.994907921 3579.75281739
282.590147755 3579.75281739
283.18538759 3579.75281739
283.780627424 3579.75281739
284.375867259 3579.75281739
284.971107093 3579.75281739
285.566346928 3579.75281739
286.161586762 3579.75281739
286.756826597 3579.75281739
287.352066431 3579.75281739
287.947306266 3579.75281739
288.5425461 3579.75281739
289.137785935 3579.75281739
289.733025769 3579.75281739
290.328265603 3579.75281739
290.923505438 3579.75281739
291.518745272 3579.75281739
292.113985107 3579.75281739
292.709224941 3579.75281739
293.304464776 3579.75281739
293.89970461 3579.75281739
294.494944445 3579.75281739
295.090184279 3579.75281739
295.685424114 3579.75281739
296.280663948 3579.75281739
296.875903783 3579.75281739
297.471143617 3579.75281739
298.066383452 3579.75281739
298.661623286 3579.75281739
299.256863121 3579.75281739
299.852102955 3579.75281739
300.44734279 3579.75281739
301.042582624 3579.75281739
301.637822458 3579.75281739
302.233062293 3579.75281739
302.828302127 3579.75281739
303.423541962 3579.75281739
304.018781796 3579.75281739
304.614021631 3579.75281739
305.209261465 3149.84846505
305.8045013 3149.84846505
306.399741134 3149.84846505
306.994980969 3149.84846505
307.590220803 3149.84846505
308.185460638 3149.84846505
308.780700472 3149.84846505
309.375940307 3149.84846505
309.971180141 3149.84846505
310.566419976 3149.84846505
311.16165981 3149.84846505
311.756899644 3149.84846505
312.352139479 3149.84846505
312.947379313 3149.84846505
313.542619148 3149.84846505
314.137858982 3149.84846505
314.733098817 3149.84846505
315.328338651 3149.84846505
315.923578486 3149.84846505
316.51881832 3149.84846505
317.114058155 3149.84846505
317.709297989 3149.84846505
318.304537824 3149.84846505
318.899777658 3149.84846505
319.495017493 3149.84846505
320.090257327 3149.84846505
320.685497162 3149.84846505
321.280736996 3149.84846505
321.875976831 3149.84846505
322.471216665 3149.84846505
323.066456499 3149.84846505
323.661696334 3149.84846505
324.256936168 3149.84846505
324.852176003 3149.84846505
325.447415837 3149.84846505
326.042655672 3149.84846505
326.637895506 3149.84846505
327.233135341 3149.84846505
327.828375175 3149.84846505
328.42361501 3149.84846505
329.018854844 3149.84846505
329.614094679 3149.84846505
330.209334513 3149.84846505
330.804574348 3149.84846505
331.399814182 3149.84846505
331.995054017 3149.84846505
332.590293851 3149.84846505
333.185533685 3149.84846505
333.78077352 3149.84846505
334.376013354 3149.84846505
334.971253189 3149.84846505
335.566493023 3149.84846505
336.161732858 3149.84846505
336.756972692 3149.84846505
337.352212527 3149.84846505
337.947452361 3149.84846505
338.542692196 3149.84846505
339.13793203 3149.84846505
339.733171865 3149.84846505
340.328411699 3149.84846505
340.923651534 3149.84846505
341.518891368 3149.84846505
342.114131203 3149.84846505
342.709371037 3149.84846505
343.304610872 3149.84846505
343.899850706 3149.84846505
344.49509054 3149.84846505
345.090330375 3149.84846505
345.685570209 3149.84846505
346.280810044 3149.84846505
346.876049878 3149.84846505
347.471289713 3149.84846505
348.066529547 3149.84846505
348.661769382 3149.84846505
349.257009216 3149.84846505
349.852249051 3149.84846505
350.447488885 3149.84846505
351.04272872 3149.84846505
351.637968554 3149.84846505
352.233208389 3149.84846505
352.828448223 3149.84846505
353.423688058 3149.84846505
354.018927892 3149.84846505
354.614167727 3149.84846505
355.209407561 3149.84846505
355.804647395 3149.84846505
356.39988723 3149.84846505
356.995127064 3149.84846505
357.590366899 3149.84846505
358.185606733 3149.84846505
358.780846568 3149.84846505
359.376086402 3149.84846505
359.971326237 3149.84846505
360.566566071 3149.84846505
361.161805906 3149.84846505
361.75704574 3149.84846505
362.352285575 3149.84846505
362.947525409 3149.84846505
363.542765244 3149.84846505
364.138005078 3149.84846505
364.733244913 3149.84846505
365.328484747 3149.84846505
365.923724581 3149.84846505
366.518964416 3149.84846505
367.11420425 3149.84846505
367.709444085 3149.84846505
368.304683919 3149.84846505
368.899923754 3149.84846505
369.495163588 3149.84846505
370.090403423 3149.84846505
370.685643257 3149.84846505
371.280883092 3149.84846505
371.876122926 3149.84846505
372.471362761 3149.84846505
373.066602595 3149.84846505
373.66184243 3149.84846505
374.257082264 3149.84846505
374.852322099 3149.84846505
375.447561933 3149.84846505
376.042801768 3149.84846505
376.638041602 3149.84846505
377.233281436 3149.84846505
377.828521271 3149.84846505
378.423761105 3149.84846505
379.01900094 3149.84846505
379.614240774 3149.84846505
380.209480609 3149.84846505
380.804720443 3149.84846505
381.399960278 3149.84846505
381.995200112 3149.84846505
382.590439947 3149.84846505
383.185679781 3149.84846505
383.780919616 3149.84846505
384.37615945 3149.84846505
384.971399285 3149.84846505
385.566639119 3149.84846505
386.161878954 3149.84846505
386.757118788 3149.84846505
387.352358623 3149.84846505
387.947598457 3149.84846505
388.542838291 3149.84846505
389.138078126 3149.84846505
389.73331796 3149.84846505
390.328557795 3149.84846505
390.923797629 3149.84846505
391.519037464 3149.84846505
392.114277298 3149.84846505
392.709517133 3149.84846505
393.304756967 3149.84846505
393.899996802 3149.84846505
394.495236636 3149.84846505
395.090476471 3149.84846505
395.685716305 3149.84846505
396.28095614 3149.84846505
396.876195974 3149.84846505
397.471435809 3149.84846505
398.066675643 3149.84846505
398.661915477 3149.84846505
399.257155312 3149.84846505
399.852395146 3149.84846505
400.447634981 3149.84846505
401.042874815 3149.84846505
401.63811465 3149.84846505
402.233354484 3149.84846505
402.828594319 3149.84846505
403.423834153 3149.84846505
404.019073988 3149.84846505
404.614313822 3149.84846505
405.209553657 3149.84846505
405.804793491 3149.84846505
406.400033326 3149.84846505
406.99527316 3149.84846505
407.590512995 3149.84846505
408.185752829 3149.84846505
408.780992664 3149.84846505
409.376232498 3149.84846505
409.971472332 3149.84846505
410.566712167 3149.84846505
411.161952001 3149.84846505
411.757191836 3149.84846505
412.35243167 3149.84846505
412.947671505 3149.84846505
413.542911339 3149.84846505
414.138151174 3149.84846505
414.733391008 3149.84846505
415.328630843 3149.84846505
415.923870677 3149.84846505
416.519110512 3149.84846505
417.114350346 3149.84846505
417.709590181 3149.84846505
418.304830015 3149.84846505
418.90006985 3149.84846505
419.495309684 3149.84846505
420.090549519 3149.84846505
420.685789353 3149.84846505
421.281029187 3149.84846505
421.876269022 3149.84846505
422.471508856 3149.84846505
423.066748691 3149.84846505
423.661988525 3149.84846505
424.25722836 3149.84846505
424.852468194 3149.84846505
425.447708029 3149.84846505
426.042947863 3149.84846505
426.638187698 3149.84846505
427.233427532 3149.84846505
427.828667367 3149.84846505
428.423907201 3149.84846505
429.019147036 3149.84846505
429.61438687 3149.84846505
430.209626705 3149.84846505
430.804866539 3149.84846505
431.400106373 3149.84846505
431.995346208 3149.84846505
432.590586042 3149.84846505
433.185825877 3149.84846505
433.781065711 3149.84846505
434.376305546 3149.84846505
434.97154538 3149.84846505
435.566785215 3149.84846505
436.162025049 3149.84846505
436.757264884 3149.84846505
437.352504718 3149.84846505
437.947744553 3149.84846505
438.542984387 3149.84846505
439.138224222 3149.84846505
439.733464056 3149.84846505
440.328703891 3149.84846505
440.923943725 3149.84846505
441.51918356 3149.84846505
442.114423394 3149.84846505
442.709663228 3149.84846505
443.304903063 3149.84846505
443.900142897 3149.84846505
444.495382732 3149.84846505
445.090622566 3149.84846505
445.685862401 3149.84846505
446.281102235 3149.84846505
446.87634207 3149.84846505
447.471581904 3149.84846505
448.066821739 3149.84846505
448.662061573 3149.84846505
449.257301408 3149.84846505
449.852541242 3149.84846505
450.447781077 3149.84846505
451.043020911 3149.84846505
451.638260746 3149.84846505
452.23350058 3149.84846505
452.828740415 3149.84846505
453.423980249 3149.84846505
454.019220083 3149.84846505
454.614459918 3149.84846505
455.209699752 3149.84846505
455.804939587 3149.84846505
456.400179421 3149.84846505
456.995419256 3149.84846505
457.59065909 2902.62897061
458.185898925 2902.62897061
458.781138759 2902.62897061
459.376378594 2902.62897061
459.971618428 2902.62897061
460.566858263 2902.62897061
461.162098097 2902.62897061
461.757337932 2902.62897061
462.352577766 2902.62897061
462.947817601 2902.62897061
463.543057435 2902.62897061
464.138297269 2902.62897061
464.733537104 2902.62897061
465.328776938 2902.62897061
465.924016773 2902.62897061
466.519256607 2902.62897061
467.114496442 2902.62897061
467.709736276 2902.62897061
468.304976111 2902.62897061
468.900215945 2902.62897061
469.49545578 2902.62897061
470.090695614 2902.62897061
470.685935449 2902.62897061
471.281175283 2902.62897061
471.876415118 2902.62897061
472.471654952 2902.62897061
473.066894787 2902.62897061
473.662134621 2902.62897061
474.257374456 2902.62897061
474.85261429 2902.62897061
475.447854124 2902.62897061
476.043093959 2902.62897061
476.638333793 2902.62897061
477.233573628 2902.62897061
477.828813462 2902.62897061
478.424053297 2902.62897061
479.019293131 2902.62897061
479.614532966 2902.62897061
480.2097728 2902.62897061
480.805012635 2902.62897061
481.400252469 2902.62897061
481.995492304 2902.62897061
482.590732138 2902.62897061
483.185971973 2902.62897061
483.781211807 2902.62897061
484.376451642 2902.62897061
484.971691476 2902.62897061
485.56693131 2902.62897061
486.162171145 2902.62897061
486.757410979 2902.62897061
487.352650814 2902.62897061
487.947890648 2902.62897061
488.543130483 2902.62897061
489.138370317 2902.62897061
489.733610152 2902.62897061
490.328849986 2902.62897061
490.924089821 2902.62897061
491.519329655 2902.62897061
492.11456949 2902.62897061
492.709809324 2902.62897061
493.305049159 2902.62897061
493.900288993 2902.62897061
494.495528828 2902.62897061
495.090768662 2902.62897061
495.686008497 2902.62897061
496.281248331 2902.62897061
496.876488165 2902.62897061
497.471728 2902.62897061
498.066967834 2902.62897061
498.662207669 2902.62897061
499.257447503 2902.62897061
499.852687338 2902.62897061
500.447927172 2902.62897061
501.043167007 2902.62897061
501.638406841 2902.62897061
502.233646676 2902.62897061
502.82888651 2902.62897061
503.424126345 2902.62897061
504.019366179 2902.62897061
504.614606014 2902.62897061
505.209845848 2902.62897061
505.805085683 2902.62897061
506.400325517 2902.62897061
506.995565352 2902.62897061
507.590805186 2902.62897061
508.18604502 2902.62897061
508.781284855 2902.62897061
509.376524689 2902.62897061
509.971764524 2902.62897061
510.567004358 2902.62897061
511.162244193 2902.62897061
511.757484027 2902.62897061
512.352723862 2902.62897061
512.947963696 2902.62897061
513.543203531 2902.62897061
514.138443365 2902.62897061
514.7336832 2902.62897061
515.328923034 2902.62897061
515.924162869 2902.62897061
516.519402703 2902.62897061
517.114642538 2902.62897061
517.709882372 2902.62897061
518.305122206 2902.62897061
518.900362041 2902.62897061
519.495601875 2902.62897061
520.09084171 2902.62897061
520.686081544 2902.62897061
521.281321379 2902.62897061
521.876561213 2902.62897061
522.471801048 2902.62897061
523.067040882 2902.62897061
523.662280717 2902.62897061
524.257520551 2902.62897061
524.852760386 2902.62897061
525.44800022 2902.62897061
526.043240055 2902.62897061
526.638479889 2902.62897061
527.233719724 2902.62897061
527.828959558 2902.62897061
528.424199393 2902.62897061
529.019439227 2902.62897061
529.614679061 2902.62897061
530.209918896 2902.62897061
530.80515873 2902.62897061
531.400398565 2902.62897061
531.995638399 2902.62897061
532.590878234 2902.62897061
533.186118068 2902.62897061
533.781357903 3397.06795949
534.376597737 3397.06795949
534.971837572 3397.06795949
535.567077406 3397.06795949
536.162317241 3397.06795949
536.757557075 3397.06795949
537.35279691 3397.06795949
537.948036744 3397.06795949
538.543276579 3397.06795949
539.138516413 3397.06795949
539.733756248 3397.06795949
540.328996082 3397.06795949
540.924235916 3397.06795949
541.519475751 3397.06795949
542.114715585 3397.06795949
542.70995542 3397.06795949
543.305195254 3397.06795949
543.900435089 3397.06795949
544.495674923 3397.06795949
545.090914758 3397.06795949
545.686154592 3397.06795949
546.281394427 3397.06795949
546.876634261 3397.06795949
547.471874096 3397.06795949
548.06711393 3397.06795949
548.662353765 3397.06795949
549.257593599 3397.06795949
549.852833434 3397.06795949
550.448073268 3397.06795949
551.043313102 3397.06795949
551.638552937 3397.06795949
552.233792771 3397.06795949
552.829032606 3397.06795949
553.42427244 3397.06795949
554.019512275 3397.06795949
554.614752109 3397.06795949
555.209991944 3397.06795949
555.805231778 3397.06795949
556.400471613 3397.06795949
556.995711447 3397.06795949
557.590951282 3397.06795949
558.186191116 3397.06795949
558.781430951 3397.06795949
559.376670785 3397.06795949
559.97191062 3397.06795949
560.567150454 3397.06795949
561.162390289 3397.06795949
561.757630123 3397.06795949
562.352869957 3397.06795949
562.948109792 3397.06795949
563.543349626 3397.06795949
564.138589461 3397.06795949
564.733829295 3397.06795949
565.32906913 3397.06795949
565.924308964 3397.06795949
566.519548799 3397.06795949
567.114788633 3397.06795949
567.710028468 3397.06795949
568.305268302 3397.06795949
568.900508137 3397.06795949
569.495747971 3397.06795949
570.090987806 3397.06795949
570.68622764 3397.06795949
571.281467475 3397.06795949
571.876707309 3397.06795949
572.471947144 3397.06795949
573.067186978 3397.06795949
573.662426812 3397.06795949
574.257666647 3397.06795949
574.852906481 3397.06795949
575.448146316 3397.06795949
576.04338615 3397.06795949
576.638625985 3397.06795949
577.233865819 3397.06795949
577.829105654 3397.06795949
578.424345488 3397.06795949
579.019585323 3397.06795949
579.614825157 3397.06795949
580.210064992 3397.06795949
580.805304826 3397.06795949
581.400544661 3397.06795949
581.995784495 3397.06795949
582.59102433 3397.06795949
583.186264164 3397.06795949
583.781503998 3397.06795949
584.376743833 3397.06795949
584.971983667 3397.06795949
585.567223502 3397.06795949
586.162463336 3397.06795949
586.757703171 3397.06795949
587.352943005 3397.06795949
587.94818284 3397.06795949
588.543422674 3397.06795949
589.138662509 3397.06795949
589.733902343 3397.06795949
590.329142178 3397.06795949
590.924382012 3397.06795949
591.519621847 3397.06795949
592.114861681 3397.06795949
592.710101516 3397.06795949
593.30534135 3397.06795949
593.900581185 3397.06795949
594.495821019 3397.06795949
595.091060853 3397.06795949
595.686300688 3397.06795949
596.281540522 3397.06795949
596.876780357 3397.06795949
597.472020191 3397.06795949
598.067260026 3397.06795949
598.66249986 3397.06795949
599.257739695 3397.06795949
599.852979529 3397.06795949
600.448219364 3397.06795949
601.043459198 3397.06795949
601.638699033 3397.06795949
602.233938867 3397.06795949
602.829178702 3397.06795949
603.424418536 3397.06795949
604.019658371 3397.06795949
604.614898205 3397.06795949
605.21013804 3397.06795949
605.805377874 3397.06795949
606.400617708 3397.06795949
606.995857543 3397.06795949
607.591097377 3397.06795949
608.186337212 3397.06795949
608.781577046 3397.06795949
609.376816881 3397.06795949
609.972056715 3871.16788702
610.56729655 3871.16788702
611.162536384 3871.16788702
611.757776219 3871.16788702
612.353016053 3871.16788702
612.948255888 3871.16788702
613.543495722 3871.16788702
614.138735557 3871.16788702
614.733975391 3871.16788702
615.329215226 3871.16788702
615.92445506 3871.16788702
616.519694894 3871.16788702
617.114934729 3871.16788702
617.710174563 3871.16788702
618.305414398 3871.16788702
618.900654232 3871.16788702
619.495894067 3871.16788702
620.091133901 3871.16788702
620.686373736 3871.16788702
621.28161357 3871.16788702
621.876853405 3871.16788702
622.472093239 3871.16788702
623.067333074 3871.16788702
623.662572908 3871.16788702
624.257812743 3871.16788702
624.853052577 3871.16788702
625.448292412 3871.16788702
626.043532246 3871.16788702
626.638772081 3871.16788702
627.234011915 3871.16788702
627.829251749 3871.16788702
628.424491584 3871.16788702
629.019731418 3871.16788702
629.614971253 3871.16788702
630.210211087 3871.16788702
630.805450922 3871.16788702
631.400690756 3871.16788702
631.995930591 3871.16788702
632.591170425 3871.16788702
633.18641026 3871.16788702
633.781650094 3871.16788702
634.376889929 3871.16788702
634.972129763 3871.16788702
635.567369598 3871.16788702
636.162609432 3871.16788702
636.757849267 3871.16788702
637.353089101 3871.16788702
637.948328935 3871.16788702
638.54356877 4711.19102455
639.138808604 4711.19102455
639.734048439 4711.19102455
640.329288273 4711.19102455
640.924528108 4711.19102455
641.519767942 4711.19102455
642.115007777 4711.19102455
642.710247611 4711.19102455
643.305487446 3031.14474948
643.90072728 3031.14474948
644.495967115 3031.14474948
645.091206949 3031.14474948
645.686446784 3031.14474948
646.281686618 3031.14474948
646.876926453 3031.14474948
647.472166287 3031.14474948
648.067406122 3871.16788702
648.662645956 3871.16788702
649.25788579 3871.16788702
649.853125625 3871.16788702
650.448365459 3871.16788702
651.043605294 3871.16788702
651.638845128 3871.16788702
652.234084963 3871.16788702
652.829324797 3871.16788702
653.424564632 3871.16788702
654.019804466 3871.16788702
654.615044301 3871.16788702
655.210284135 3871.16788702
655.80552397 3871.16788702
656.400763804 3871.16788702
656.996003639 3871.16788702
657.591243473 3871.16788702
658.186483308 3871.16788702
658.781723142 3871.16788702
659.376962977 3871.16788702
659.972202811 3871.16788702
660.567442645 3871.16788702
661.16268248 3871.16788702
661.757922314 3871.16788702
662.353162149 3871.16788702
662.948401983 3871.16788702
663.543641818 3871.16788702
664.138881652 3871.16788702
664.734121487 3871.16788702
665.329361321 3871.16788702
665.924601156 3871.16788702
666.51984099 3871.16788702
667.115080825 3871.16788702
667.710320659 3871.16788702
668.305560494 3871.16788702
668.900800328 3871.16788702
669.496040163 3871.16788702
670.091279997 3871.16788702
670.686519831 3871.16788702
671.281759666 3871.16788702
671.8769995 3871.16788702
672.472239335 3871.16788702
673.067479169 3871.16788702
673.662719004 3871.16788702
674.257958838 3871.16788702
674.853198673 3871.16788702
675.448438507 3871.16788702
676.043678342 3871.16788702
676.638918176 3871.16788702
677.234158011 3871.16788702
677.829397845 3871.16788702
678.42463768 3871.16788702
679.019877514 3871.16788702
679.615117349 3871.16788702
680.210357183 3871.16788702
680.805597018 3871.16788702
681.400836852 3871.16788702
681.996076686 3871.16788702
682.591316521 3871.16788702
683.186556355 3871.16788702
683.78179619 3871.16788702
684.377036024 3871.16788702
684.972275859 3871.16788702
685.567515693 3871.16788702
686.162755528 2569.8879188
686.757995362 2569.8879188
687.353235197 2569.8879188
687.948475031 2569.8879188
688.543714866 2569.8879188
689.1389547 2569.8879188
689.734194535 2569.8879188
690.329434369 2569.8879188
690.924674204 2569.8879188
691.519914038 2569.8879188
692.115153873 2569.8879188
692.710393707 2569.8879188
693.305633541 2569.8879188
693.900873376 2569.8879188
694.49611321 2569.8879188
695.091353045 2569.8879188
695.686592879 2569.8879188
696.281832714 2569.8879188
696.877072548 2569.8879188
697.472312383 2569.8879188
698.067552217 2569.8879188
698.662792052 2569.8879188
699.258031886 2569.8879188
699.853271721 2569.8879188
700.448511555 2569.8879188
701.04375139 2569.8879188
701.638991224 2569.8879188
702.234231059 2569.8879188
702.829470893 2569.8879188
703.424710727 2569.8879188
704.019950562 2569.8879188
704.615190396 2569.8879188
705.210430231 4331.16022439
705.805670065 4331.16022439
706.4009099 4331.16022439
706.996149734 4331.16022439
707.591389569 4331.16022439
708.186629403 4331.16022439
708.781869238 4331.16022439
709.377109072 4331.16022439
709.972348907 4331.16022439
710.567588741 4331.16022439
711.162828576 4331.16022439
711.75806841 4331.16022439
712.353308245 4331.16022439
712.948548079 4331.16022439
713.543787914 4331.16022439
714.139027748 4331.16022439
714.734267582 4331.16022439
715.329507417 4331.16022439
715.924747251 4331.16022439
716.519987086 4331.16022439
717.11522692 4331.16022439
717.710466755 4331.16022439
718.305706589 4331.16022439
718.900946424 4331.16022439
719.496186258 4331.16022439
720.091426093 4331.16022439
720.686665927 4331.16022439
721.281905762 4331.16022439
721.877145596 4331.16022439
722.472385431 4331.16022439
723.067625265 4331.16022439
723.6628651 4331.16022439
724.258104934 4291.81170245
724.853344769 4291.81170245
725.448584603 4291.81170245
726.043824437 4291.81170245
726.639064272 4291.81170245
727.234304106 4291.81170245
727.829543941 4291.81170245
728.424783775 4291.81170245
729.02002361 4291.81170245
729.615263444 4291.81170245
730.210503279 4291.81170245
730.805743113 4291.81170245
731.400982948 4291.81170245
731.996222782 4291.81170245
732.591462617 4291.81170245
733.186702451 4291.81170245
733.781942286 4291.81170245
734.37718212 4291.81170245
734.972421955 4291.81170245
735.567661789 4291.81170245
736.162901623 4291.81170245
736.758141458 4291.81170245
737.353381292 4291.81170245
737.948621127 4291.81170245
738.543860961 4291.81170245
739.139100796 4291.81170245
739.73434063 4291.81170245
740.329580465 4291.81170245
740.924820299 4291.81170245
741.520060134 4291.81170245
742.115299968 4291.81170245
742.710539803 4291.81170245
743.305779637 4291.81170245
743.901019472 4291.81170245
744.496259306 4291.81170245
745.091499141 4291.81170245
745.686738975 4291.81170245
746.28197881 4291.81170245
746.877218644 4291.81170245
747.472458478 4291.81170245
748.067698313 4291.81170245
748.662938147 4291.81170245
749.258177982 4291.81170245
749.853417816 4291.81170245
750.448657651 4291.81170245
751.043897485 4291.81170245
751.63913732 4291.81170245
752.234377154 4291.81170245
752.829616989 4291.81170245
753.424856823 4291.81170245
754.020096658 4291.81170245
754.615336492 4291.81170245
755.210576327 4291.81170245
755.805816161 4291.81170245
756.401055996 4291.81170245
756.99629583 4291.81170245
757.591535665 4291.81170245
758.186775499 4291.81170245
758.782015333 4291.81170245
759.377255168 4291.81170245
759.972495002 4291.81170245
760.567734837 4291.81170245
761.162974671 4291.81170245
761.758214506 4291.81170245
762.35345434 3963.32157387
762.948694175 3963.32157387
763.543934009 3963.32157387
764.139173844 3963.32157387
764.734413678 3963.32157387
765.329653513 3963.32157387
765.924893347 3963.32157387
766.520133182 3963.32157387
767.115373016 3963.32157387
767.710612851 3963.32157387
768.305852685 3963.32157387
768.901092519 3963.32157387
769.496332354 3963.32157387
770.091572188 3963.32157387
770.686812023 3963.32157387
771.282051857 3963.32157387
771.877291692 3963.32157387
772.472531526 3963.32157387
773.067771361 3963.32157387
773.663011195 3963.32157387
774.25825103 3963.32157387
774.853490864 3963.32157387
775.448730699 3963.32157387
776.043970533 3963.32157387
776.639210368 3963.32157387
777.234450202 3963.32157387
777.829690037 3963.32157387
778.424929871 3963.32157387
779.020169706 3963.32157387
779.61540954 3963.32157387
780.210649374 3963.32157387
780.805889209 3963.32157387
781.401129043 3963.32157387
781.996368878 3963.32157387
782.591608712 3963.32157387
783.186848547 3963.32157387
783.782088381 3963.32157387
784.377328216 3963.32157387
784.97256805 3963.32157387
785.567807885 3963.32157387
786.163047719 3963.32157387
786.758287554 3963.32157387
787.353527388 3963.32157387
787.948767223 3963.32157387
788.544007057 3963.32157387
789.139246892 3963.32157387
789.734486726 3963.32157387
790.32972656 3963.32157387
790.924966395 3963.32157387
791.520206229 3963.32157387
792.115446064 3963.32157387
792.710685898 3963.32157387
793.305925733 3963.32157387
793.901165567 3963.32157387
794.496405402 3963.32157387
795.091645236 3963.32157387
795.686885071 3963.32157387
796.282124905 3963.32157387
796.87736474 3963.32157387
797.472604574 3963.32157387
798.067844409 3963.32157387
798.663084243 3963.32157387
799.258324078 3963.32157387
799.853563912 3963.32157387
800.448803747 3035.5782363
801.044043581 3035.5782363
801.639283415 3035.5782363
802.23452325 3035.5782363
802.829763084 3035.5782363
803.425002919 3035.5782363
804.020242753 3035.5782363
804.615482588 3035.5782363
805.210722422 3035.5782363
805.805962257 3035.5782363
806.401202091 3035.5782363
806.996441926 3035.5782363
807.59168176 3035.5782363
808.186921595 3035.5782363
808.782161429 3035.5782363
809.377401264 3035.5782363
809.972641098 3035.5782363
810.567880933 3035.5782363
811.163120767 3035.5782363
811.758360602 3035.5782363
812.353600436 3035.5782363
812.94884027 3035.5782363
813.544080105 3035.5782363
814.139319939 3035.5782363
814.734559774 3035.5782363
815.329799608 3035.5782363
815.925039443 3035.5782363
816.520279277 3035.5782363
817.115519112 3035.5782363
817.710758946 3035.5782363
818.305998781 3035.5782363
818.901238615 3035.5782363
819.49647845 3035.5782363
820.091718284 3035.5782363
820.686958119 3035.5782363
821.282197953 3035.5782363
821.877437788 3035.5782363
822.472677622 3035.5782363
823.067917456 3035.5782363
823.663157291 3035.5782363
824.258397125 3035.5782363
824.85363696 3035.5782363
825.448876794 3035.5782363
826.044116629 3035.5782363
826.639356463 3035.5782363
827.234596298 3035.5782363
827.829836132 3035.5782363
828.425075967 3035.5782363
829.020315801 3035.5782363
829.615555636 3035.5782363
830.21079547 3035.5782363
830.806035305 3035.5782363
831.401275139 3035.5782363
831.996514974 3035.5782363
832.591754808 3035.5782363
833.186994643 3035.5782363
833.782234477 3035.5782363
834.377474311 3035.5782363
834.972714146 3035.5782363
835.56795398 3035.5782363
836.163193815 3035.5782363
836.758433649 3035.5782363
837.353673484 3035.5782363
837.948913318 3035.5782363
838.544153153 4242.88586895
839.139392987 4242.88586895
839.734632822 4242.88586895
840.329872656 4242.88586895
840.925112491 4242.88586895
841.520352325 4242.88586895
842.11559216 4242.88586895
842.710831994 4242.88586895
843.306071829 4242.88586895
843.901311663 4242.88586895
844.496551498 4242.88586895
845.091791332 4242.88586895
845.687031166 4242.88586895
846.282271001 4242.88586895
846.877510835 4242.88586895
847.47275067 4242.88586895
848.067990504 4242.88586895
848.663230339 4242.88586895
849.258470173 4242.88586895
849.853710008 4242.88586895
850.448949842 4242.88586895
851.044189677 4242.88586895
851.639429511 4242.88586895
852.234669346 4242.88586895
852.82990918 4242.88586895
853.425149015 4242.88586895
854.020388849 4242.88586895
854.615628684 4242.88586895
855.210868518 4242.88586895
855.806108352 4242.88586895
856.401348187 4242.88586895
856.996588021 4242.88586895
857.591827856 4242.88586895
858.18706769 4242.88586895
858.782307525 4242.88586895
859.377547359 4242.88586895
859.972787194 4242.88586895
860.568027028 4242.88586895
861.163266863 4242.88586895
861.758506697 4242.88586895
862.353746532 4242.88586895
862.948986366 4242.88586895
863.544226201 4242.88586895
864.139466035 4242.88586895
864.73470587 4242.88586895
865.329945704 4242.88586895
865.925185539 4242.88586895
866.520425373 4242.88586895
867.115665207 4242.88586895
867.710905042 4242.88586895
868.306144876 4242.88586895
868.901384711 4242.88586895
869.496624545 4242.88586895
870.09186438 4242.88586895
870.687104214 4242.88586895
871.282344049 4242.88586895
871.877583883 4242.88586895
872.472823718 4242.88586895
873.068063552 4242.88586895
873.663303387 4242.88586895
874.258543221 4242.88586895
874.853783056 4242.88586895
875.44902289 4242.88586895
876.044262725 4242.88586895
876.639502559 4242.88586895
877.234742394 4242.88586895
877.829982228 4242.88586895
878.425222062 4242.88586895
879.020461897 4242.88586895
879.615701731 4242.88586895
880.210941566 4242.88586895
880.8061814 4242.88586895
881.401421235 4242.88586895
881.996661069 4242.88586895
882.591900904 4242.88586895
883.187140738 4242.88586895
883.782380573 4242.88586895
884.377620407 4242.88586895
884.972860242 4242.88586895
885.568100076 4242.88586895
886.163339911 4242.88586895
886.758579745 4242.88586895
887.35381958 4242.88586895
887.949059414 4242.88586895
888.544299248 4242.88586895
889.139539083 4242.88586895
889.734778917 4242.88586895
890.330018752 4242.88586895
890.925258586 4242.88586895
891.520498421 4242.88586895
892.115738255 4242.88586895
892.71097809 4242.88586895
893.306217924 4242.88586895
893.901457759 4242.88586895
894.496697593 4242.88586895
895.091937428 4242.88586895
895.687177262 4242.88586895
896.282417097 4242.88586895
896.877656931 4242.88586895
897.472896766 4242.88586895
898.0681366 4242.88586895
898.663376435 4242.88586895
899.258616269 4242.88586895
899.853856103 4242.88586895
900.449095938 4242.88586895
901.044335772 4242.88586895
901.639575607 4242.88586895
902.234815441 4242.88586895
902.830055276 4242.88586895
903.42529511 4242.88586895
904.020534945 4242.88586895
904.615774779 4242.88586895
905.211014614 4242.88586895
905.806254448 4242.88586895
906.401494283 4242.88586895
906.996734117 4242.88586895
907.591973952 4242.88586895
908.187213786 4242.88586895
908.782453621 4242.88586895
909.377693455 4242.88586895
909.97293329 4242.88586895
910.568173124 4242.88586895
911.163412958 4242.88586895
911.758652793 4242.88586895
912.353892627 4242.88586895
912.949132462 4242.88586895
913.544372296 4242.88586895
914.139612131 4242.88586895
914.734851965 4915.06002456
915.3300918 4915.06002456
915.925331634 4915.06002456
916.520571469 4915.06002456
917.115811303 4915.06002456
917.711051138 4915.06002456
918.306290972 4915.06002456
918.901530807 4915.06002456
919.496770641 4915.06002456
920.092010476 4915.06002456
920.68725031 4915.06002456
921.282490144 4915.06002456
921.877729979 4915.06002456
922.472969813 4915.06002456
923.068209648 4915.06002456
923.663449482 4915.06002456
924.258689317 4915.06002456
924.853929151 4915.06002456
925.449168986 4915.06002456
926.04440882 4915.06002456
926.639648655 4915.06002456
927.234888489 4915.06002456
927.830128324 4915.06002456
928.425368158 4915.06002456
929.020607993 4915.06002456
929.615847827 4915.06002456
930.211087662 4915.06002456
930.806327496 4915.06002456
931.401567331 4915.06002456
931.996807165 4915.06002456
932.592046999 4915.06002456
933.187286834 4915.06002456
933.782526668 4915.06002456
934.377766503 4915.06002456
934.973006337 4915.06002456
935.568246172 4915.06002456
936.163486006 4915.06002456
936.758725841 4915.06002456
937.353965675 4915.06002456
937.94920551 4915.06002456
938.544445344 4915.06002456
939.139685179 4915.06002456
939.734925013 4915.06002456
940.330164848 4915.06002456
940.925404682 4915.06002456
941.520644517 4915.06002456
942.115884351 4915.06002456
942.711124185 4915.06002456
943.30636402 4915.06002456
943.901603854 4915.06002456
944.496843689 4915.06002456
945.092083523 4915.06002456
945.687323358 4915.06002456
946.282563192 4915.06002456
946.877803027 4915.06002456
947.473042861 4915.06002456
948.068282696 4915.06002456
948.66352253 4915.06002456
949.258762365 4915.06002456
949.854002199 4915.06002456
950.449242034 4915.06002456
951.044481868 4915.06002456
951.639721703 4915.06002456
952.234961537 4915.06002456
952.830201372 4915.06002456
953.425441206 4915.06002456
954.02068104 4915.06002456
954.615920875 4915.06002456
955.211160709 4915.06002456
955.806400544 4915.06002456
956.401640378 4915.06002456
956.996880213 4915.06002456
957.592120047 4915.06002456
958.187359882 4915.06002456
958.782599716 4915.06002456
959.377839551 4915.06002456
959.973079385 4915.06002456
960.56831922 4915.06002456
961.163559054 4915.06002456
961.758798889 4915.06002456
962.354038723 4915.06002456
962.949278558 4915.06002456
963.544518392 4915.06002456
964.139758227 4915.06002456
964.734998061 4915.06002456
965.330237895 4915.06002456
965.92547773 4915.06002456
966.520717564 4915.06002456
967.115957399 4915.06002456
967.711197233 4915.06002456
968.306437068 4915.06002456
968.901676902 4915.06002456
969.496916737 4915.06002456
970.092156571 4915.06002456
970.687396406 4915.06002456
971.28263624 4915.06002456
971.877876075 4915.06002456
972.473115909 4915.06002456
973.068355744 4915.06002456
973.663595578 4915.06002456
974.258835413 4915.06002456
974.854075247 4915.06002456
975.449315081 4915.06002456
976.044554916 4915.06002456
976.63979475 4915.06002456
977.235034585 4915.06002456
977.830274419 4915.06002456
978.425514254 4915.06002456
979.020754088 4915.06002456
979.615993923 4915.06002456
980.211233757 4915.06002456
980.806473592 4915.06002456
981.401713426 4915.06002456
981.996953261 4915.06002456
982.592193095 4915.06002456
983.18743293 4915.06002456
983.782672764 4915.06002456
984.377912599 4915.06002456
984.973152433 4915.06002456
985.568392268 4915.06002456
986.163632102 4915.06002456
986.758871936 4915.06002456
987.354111771 4915.06002456
987.949351605 4915.06002456
988.54459144 4915.06002456
989.139831274 4915.06002456
989.735071109 4915.06002456
990.330310943 4915.06002456
990.925550778 4915.06002456
991.520790612 4915.06002456
992.116030447 4915.06002456
992.711270281 4915.06002456
993.306510116 4915.06002456
993.90174995 4915.06002456
994.496989785 4915.06002456
995.092229619 4915.06002456
995.687469454 4915.06002456
996.282709288 4915.06002456
996.877949123 4915.06002456
997.473188957 4915.06002456
998.068428791 4915.06002456
998.663668626 4915.06002456
999.25890846 4915.06002456
999.854148295 4915.06002456
1000.44938813 4915.06002456
1001.04462796 4915.06002456
1001.6398678 4915.06002456
1002.23510763 4915.06002456
1002.83034747 4915.06002456
1003.4255873 4915.06002456
1004.02082714 4915.06002456
1004.61606697 4915.06002456
1005.21130681 4915.06002456
1005.80654664 4915.06002456
1006.40178647 4915.06002456
1006.99702631 4915.06002456
1007.59226614 4915.06002456
1008.18750598 4915.06002456
1008.78274581 4915.06002456
1009.37798565 4915.06002456
1009.97322548 4915.06002456
1010.56846532 4915.06002456
1011.16370515 4915.06002456
1011.75894498 4915.06002456
1012.35418482 4915.06002456
1012.94942465 4915.06002456
1013.54466449 4915.06002456
1014.13990432 4915.06002456
1014.73514416 4915.06002456
1015.33038399 4915.06002456
1015.92562383 4915.06002456
1016.52086366 4915.06002456
1017.11610349 4915.06002456
1017.71134333 4915.06002456
1018.30658316 4915.06002456
1018.901823 4915.06002456
1019.49706283 4915.06002456
1020.09230267 4915.06002456
1020.6875425 4915.06002456
1021.28278234 4915.06002456
1021.87802217 4915.06002456
1022.473262 4915.06002456
1023.06850184 4915.06002456
1023.66374167 4915.06002456
1024.25898151 4915.06002456
1024.85422134 4915.06002456
1025.44946118 4915.06002456
1026.04470101 4915.06002456
1026.63994085 4915.06002456
1027.23518068 4915.06002456
1027.83042052 4915.06002456
1028.42566035 4915.06002456
1029.02090018 4915.06002456
1029.61614002 4915.06002456
1030.21137985 4915.06002456
1030.80661969 4915.06002456
1031.40185952 4915.06002456
1031.99709936 4915.06002456
1032.59233919 4915.06002456
1033.18757903 4915.06002456
1033.78281886 4915.06002456
1034.37805869 4915.06002456
1034.97329853 4915.06002456
1035.56853836 4915.06002456
1036.1637782 4915.06002456
1036.75901803 4915.06002456
1037.35425787 4915.06002456
1037.9494977 4915.06002456
1038.54473754 4915.06002456
1039.13997737 4915.06002456
1039.7352172 4915.06002456
1040.33045704 4915.06002456
1040.92569687 4915.06002456
1041.52093671 4915.06002456
1042.11617654 4915.06002456
1042.71141638 4915.06002456
1043.30665621 4915.06002456
1043.90189605 4915.06002456
1044.49713588 4915.06002456
1045.09237571 4915.06002456
1045.68761555 4915.06002456
1046.28285538 4915.06002456
1046.87809522 4915.06002456
1047.47333505 4915.06002456
1048.06857489 4915.06002456
1048.66381472 4915.06002456
1049.25905456 4915.06002456
1049.85429439 4915.06002456
1050.44953423 4915.06002456
1051.04477406 4915.06002456
1051.64001389 4915.06002456
1052.23525373 4915.06002456
1052.83049356 4915.06002456
1053.4257334 4915.06002456
1054.02097323 4915.06002456
1054.61621307 4915.06002456
1055.2114529 4915.06002456
1055.80669274 4915.06002456
1056.40193257 4915.06002456
1056.9971724 4915.06002456
1057.59241224 4915.06002456
1058.18765207 4915.06002456
1058.78289191 4915.06002456
1059.37813174 4915.06002456
1059.97337158 4915.06002456
1060.56861141 4915.06002456
1061.16385125 4915.06002456
1061.75909108 4915.06002456
1062.35433091 4915.06002456
1062.94957075 4915.06002456
1063.54481058 4915.06002456
1064.14005042 4915.06002456
1064.73529025 4915.06002456
1065.33053009 4915.06002456
1065.92576992 4915.06002456
1066.52100976 4915.06002456
1067.11624959 4915.06002456
1067.71148942 4915.06002456
1068.30672926 4915.06002456
1068.90196909 4915.06002456
1069.49720893 4915.06002456
1070.09244876 4915.06002456
1070.6876886 4915.06002456
1071.28292843 4915.06002456
1071.87816827 4915.06002456
1072.4734081 4915.06002456
1073.06864794 4915.06002456
1073.66388777 4915.06002456
1074.2591276 4915.06002456
1074.85436744 4915.06002456
1075.44960727 4915.06002456
1076.04484711 4915.06002456
1076.64008694 4915.06002456
1077.23532678 4915.06002456
1077.83056661 4915.06002456
1078.42580645 4915.06002456
1079.02104628 4915.06002456
1079.61628611 4915.06002456
1080.21152595 4915.06002456
1080.80676578 4915.06002456
1081.40200562 4915.06002456
1081.99724545 4915.06002456
1082.59248529 4915.06002456
1083.18772512 4915.06002456
1083.78296496 4915.06002456
1084.37820479 4915.06002456
1084.97344462 4915.06002456
1085.56868446 4915.06002456
1086.16392429 4915.06002456
1086.75916413 4915.06002456
1087.35440396 4915.06002456
1087.9496438 4915.06002456
1088.54488363 4915.06002456
1089.14012347 4915.06002456
1089.7353633 4915.06002456
1090.33060313 4915.06002456
1090.92584297 4915.06002456
1091.5210828 4915.06002456
1092.11632264 4915.06002456
1092.71156247 4915.06002456
1093.30680231 4915.06002456
1093.90204214 4915.06002456
1094.49728198 4915.06002456
1095.09252181 4915.06002456
1095.68776164 4915.06002456
1096.28300148 4915.06002456
1096.87824131 4915.06002456
1097.47348115 4915.06002456
1098.06872098 4915.06002456
1098.66396082 4915.06002456
1099.25920065 4915.06002456
1099.85444049 4915.06002456
1100.44968032 4915.06002456
1101.04492016 4915.06002456
1101.64015999 4915.06002456
1102.23539982 4915.06002456
1102.83063966 4915.06002456
1103.42587949 4915.06002456
1104.02111933 4915.06002456
1104.61635916 4915.06002456
1105.211599 4915.06002456
1105.80683883 4915.06002456
1106.40207867 4915.06002456
1106.9973185 4915.06002456
1107.59255833 4915.06002456
1108.18779817 4915.06002456
1108.783038 4915.06002456
1109.37827784 4915.06002456
1109.97351767 4915.06002456
1110.56875751 4915.06002456
1111.16399734 4915.06002456
1111.75923718 4915.06002456
1112.35447701 4915.06002456
1112.94971684 4915.06002456
1113.54495668 4915.06002456
1114.14019651 4915.06002456
1114.73543635 4915.06002456
1115.33067618 4915.06002456
1115.92591602 4915.06002456
1116.52115585 4915.06002456
1117.11639569 4915.06002456
1117.71163552 4915.06002456
1118.30687535 4915.06002456
1118.90211519 4915.06002456
1119.49735502 4915.06002456
1120.09259486 4915.06002456
1120.68783469 4915.06002456
1121.28307453 4915.06002456
1121.87831436 4915.06002456
1122.4735542 4915.06002456
1123.06879403 4915.06002456
1123.66403387 4915.06002456
1124.2592737 4915.06002456
1124.85451353 4915.06002456
1125.44975337 4915.06002456
1126.0449932 4915.06002456
1126.64023304 4915.06002456
1127.23547287 4915.06002456
1127.83071271 4915.06002456
1128.42595254 4915.06002456
1129.02119238 4915.06002456
1129.61643221 4915.06002456
1130.21167204 4915.06002456
1130.80691188 4915.06002456
1131.40215171 4915.06002456
1131.99739155 4915.06002456
1132.59263138 4915.06002456
1133.18787122 4915.06002456
1133.78311105 4915.06002456
1134.37835089 4915.06002456
1134.97359072 4915.06002456
1135.56883055 4915.06002456
1136.16407039 4915.06002456
1136.75931022 4915.06002456
1137.35455006 4915.06002456
1137.94978989 4915.06002456
1138.54502973 4915.06002456
1139.14026956 4915.06002456
1139.7355094 4915.06002456
1140.33074923 4915.06002456
1140.92598906 4915.06002456
1141.5212289 4915.06002456
1142.11646873 4915.06002456
1142.71170857 4915.06002456
1143.3069484 4915.06002456
1143.90218824 4915.06002456
1144.49742807 4915.06002456
1145.09266791 4915.06002456
1145.68790774 4915.06002456
1146.28314758 4915.06002456
1146.87838741 4915.06002456
1147.47362724 4915.06002456
1148.06886708 4915.06002456
1148.66410691 4915.06002456
1149.25934675 4915.06002456
1149.85458658 4915.06002456
1150.44982642 4915.06002456
1151.04506625 4915.06002456
1151.64030609 4915.06002456
1152.23554592 4915.06002456
1152.83078575 4915.06002456
1153.42602559 4915.06002456
1154.02126542 4915.06002456
1154.61650526 4915.06002456
1155.21174509 4915.06002456
1155.80698493 4915.06002456
1156.40222476 4915.06002456
1156.9974646 4915.06002456
1157.59270443 4915.06002456
1158.18794426 4915.06002456
1158.7831841 4915.06002456
1159.37842393 4915.06002456
1159.97366377 4915.06002456
1160.5689036 4915.06002456
1161.16414344 4915.06002456
1161.75938327 4915.06002456
1162.35462311 4915.06002456
1162.94986294 4915.06002456
1163.54510277 4915.06002456
1164.14034261 4915.06002456
1164.73558244 4915.06002456
1165.33082228 4915.06002456
1165.92606211 4915.06002456
1166.52130195 4915.06002456
1167.11654178 4915.06002456
1167.71178162 4915.06002456
1168.30702145 4915.06002456
1168.90226129 4915.06002456
1169.49750112 4915.06002456
1170.09274095 4915.06002456
1170.68798079 4915.06002456
1171.28322062 4915.06002456
1171.87846046 4915.06002456
1172.47370029 4915.06002456
1173.06894013 4915.06002456
1173.66417996 4915.06002456
1174.2594198 4915.06002456
1174.85465963 4915.06002456
1175.44989946 4915.06002456
1176.0451393 4915.06002456
1176.64037913 4915.06002456
1177.23561897 4915.06002456
1177.8308588 4915.06002456
1178.42609864 4915.06002456
1179.02133847 4915.06002456
1179.61657831 4915.06002456
1180.21181814 4915.06002456
1180.80705797 4915.06002456
1181.40229781 4915.06002456
1181.99753764 4915.06002456
1182.59277748 4915.06002456
1183.18801731 4915.06002456
1183.78325715 4915.06002456
1184.37849698 4915.06002456
1184.97373682 4915.06002456
1185.56897665 4915.06002456
1186.16421648 4915.06002456
1186.75945632 4915.06002456
1187.35469615 4915.06002456
1187.94993599 4915.06002456
1188.54517582 4915.06002456
1189.14041566 4915.06002456
1189.73565549 4915.06002456
1190.33089533 4915.06002456
1190.92613516 4915.06002456
1191.521375 4915.06002456
1192.11661483 4915.06002456
1192.71185466 4915.06002456
1193.3070945 4915.06002456
1193.90233433 4915.06002456
1194.49757417 4915.06002456
1195.092814 4915.06002456
1195.68805384 4915.06002456
1196.28329367 4915.06002456
1196.87853351 4915.06002456
1197.47377334 4915.06002456
1198.06901317 4915.06002456
1198.66425301 4915.06002456
1199.25949284 4915.06002456
1199.85473268 4915.06002456
1200.44997251 4915.06002456
1201.04521235 4915.06002456
1201.64045218 4915.06002456
1202.23569202 4915.06002456
1202.83093185 4915.06002456
1203.42617168 4915.06002456
1204.02141152 4915.06002456
1204.61665135 4915.06002456
1205.21189119 4915.06002456
1205.80713102 4915.06002456
1206.40237086 4915.06002456
1206.99761069 4915.06002456
1207.59285053 4915.06002456
1208.18809036 4915.06002456
1208.78333019 4915.06002456
1209.37857003 4915.06002456
1209.97380986 4915.06002456
1210.5690497 4915.06002456
1211.16428953 4915.06002456
1211.75952937 4915.06002456
1212.3547692 4915.06002456
1212.95000904 4915.06002456
1213.54524887 4915.06002456
1214.14048871 4915.06002456
1214.73572854 4915.06002456
1215.33096837 4915.06002456
1215.92620821 4915.06002456
1216.52144804 4915.06002456
1217.11668788 4915.06002456
1217.71192771 4915.06002456
1218.30716755 4915.06002456
1218.90240738 4915.06002456
