0.446466215283 4156.66869808
1.04170604976 4156.66869808
1.63694588423 4156.66869808
2.2321857187 4156.66869808
2.82742555317 4156.66869808
3.42266538765 4156.66869808
4.01790522212 4156.66869808
4.61314505659 4156.66869808
5.20838489106 4156.66869808
5.80362472554 4156.66869808
6.39886456001 4156.66869808
6.99410439448 4156.66869808
7.58934422895 4156.66869808
8.18458406343 4156.66869808
8.7798238979 4156.66869808
9.37506373237 4156.66869808
9.97030356685 4156.66869808
10.5655434013 4156.66869808
11.1607832358 4156.66869808
11.7560230703 4156.66869808
12.3512629047 4156.66869808
12.9465027392 4156.66869808
13.5417425737 4156.66869808
14.1369824082 4156.66869808
14.7322222426 4156.66869808
15.3274620771 4156.66869808
15.9227019116 4156.66869808
16.517941746 4156.66869808
17.1131815805 4156.66869808
17.708421415 4156.66869808
18.3036612495 4156.66869808
18.8989010839 4156.66869808
19.4941409184 4156.66869808
20.0893807529 4156.66869808
20.6846205874 4156.66869808
21.2798604218 4156.66869808
21.8751002563 4156.66869808
22.4703400908 4156.66869808
23.0655799252 4156.66869808
23.6608197597 4156.66869808
24.2560595942 4156.66869808
24.8512994287 4156.66869808
25.4465392631 4156.66869808
26.0417790976 4156.66869808
26.6370189321 4156.66869808
27.2322587666 4156.66869808
27.827498601 4156.66869808
28.4227384355 4156.66869808
29.01797827 4156.66869808
29.6132181044 4156.66869808
30.2084579389 4156.66869808
30.8036977734 4156.66869808
31.3989376079 4156.66869808
31.9941774423 4156.66869808
32.5894172768 4156.66869808
33.1846571113 4156.66869808
33.7798969458 4156.66869808
34.3751367802 4156.66869808
34.9703766147 4156.66869808
35.5656164492 4156.66869808
36.1608562836 4156.66869808
36.7560961181 4156.66869808
37.3513359526 4156.66869808
37.9465757871 4156.66869808
38.5418156215 4156.66869808
39.137055456 4156.66869808
39.7322952905 4156.66869808
40.327535125 4156.66869808
40.9227749594 4156.66869808
41.5180147939 4156.66869808
42.1132546284 4156.66869808
42.7084944628 4156.66869808
43.3037342973 4156.66869808
43.8989741318 4156.66869808
44.4942139663 4156.66869808
45.0894538007 4156.66869808
45.6846936352 4156.66869808
46.2799334697 4156.66869808
46.8751733041 4156.66869808
47.4704131386 4156.66869808
48.0656529731 4156.66869808
48.6608928076 4156.66869808
49.256132642 4156.66869808
49.8513724765 4156.66869808
50.446612311 4156.66869808
51.0418521455 4156.66869808
51.6370919799 4156.66869808
52.2323318144 4156.66869808
52.8275716489 4156.66869808
53.4228114833 4156.66869808
54.0180513178 4156.66869808
54.6132911523 4156.66869808
55.2085309868 4156.66869808
55.8037708212 4156.66869808
56.3990106557 4156.66869808
56.9942504902 4156.66869808
57.5894903247 4156.66869808
58.1847301591 4156.66869808
58.7799699936 4156.66869808
59.3752098281 4156.66869808
59.9704496625 4156.66869808
60.565689497 4156.66869808
61.1609293315 4156.66869808
61.756169166 4156.66869808
62.3514090004 4156.66869808
62.9466488349 4156.66869808
63.5418886694 4156.66869808
64.1371285039 4156.66869808
64.7323683383 4156.66869808
65.3276081728 4156.66869808
65.9228480073 4156.66869808
66.5180878417 4156.66869808
67.1133276762 4156.66869808
67.7085675107 4156.66869808
68.3038073452 4156.66869808
68.8990471796 4156.66869808
69.4942870141 4156.66869808
70.0895268486 4156.66869808
70.6847666831 4156.66869808
71.2800065175 4156.66869808
71.875246352 4156.66869808
72.4704861865 4156.66869808
73.0657260209 4156.66869808
73.6609658554 4156.66869808
74.2562056899 4156.66869808
74.8514455244 4156.66869808
75.4466853588 4156.66869808
76.0419251933 4156.66869808
76.6371650278 4156.66869808
77.2324048623 4156.66869808
77.8276446967 4156.66869808
78.4228845312 4156.66869808
79.0181243657 4156.66869808
79.6133642001 4156.66869808
80.2086040346 4156.66869808
80.8038438691 4156.66869808
81.3990837036 4156.66869808
81.994323538 4156.66869808
82.5895633725 4156.66869808
83.184803207 4156.66869808
83.7800430415 4156.66869808
84.3752828759 4156.66869808
84.9705227104 4156.66869808
85.5657625449 4156.66869808
86.1610023793 4156.66869808
86.7562422138 4156.66869808
87.3514820483 4156.66869808
87.9467218828 4156.66869808
88.5419617172 4156.66869808
89.1372015517 4156.66869808
89.7324413862 4156.66869808
90.3276812207 4156.66869808
90.9229210551 4156.66869808
91.5181608896 4156.66869808
92.1134007241 4156.66869808
92.7086405585 4156.66869808
93.303880393 4156.66869808
93.8991202275 4156.66869808
94.494360062 4156.66869808
95.0895998964 4156.66869808
95.6848397309 4156.66869808
96.2800795654 4156.66869808
96.8753193999 4156.66869808
97.4705592343 4156.66869808
98.0657990688 4156.66869808
98.6610389033 4156.66869808
99.2562787377 4156.66869808
99.8515185722 4156.66869808
100.446758407 4156.66869808
101.041998241 4156.66869808
101.637238076 4156.66869808
102.23247791 4156.66869808
102.827717745 4156.66869808
103.422957579 4156.66869808
104.018197414 4156.66869808
104.613437248 4156.66869808
105.208677082 4156.66869808
105.803916917 4156.66869808
106.399156751 4156.66869808
106.994396586 4156.66869808
107.58963642 4156.66869808
108.184876255 4156.66869808
108.780116089 4156.66869808
109.375355924 4156.66869808
109.970595758 4156.66869808
110.565835593 4156.66869808
111.161075427 4156.66869808
111.756315262 4156.66869808
112.351555096 4156.66869808
112.946794931 4156.66869808
113.542034765 4156.66869808
114.1372746 4156.66869808
114.732514434 4156.66869808
115.327754269 4156.66869808
115.922994103 4156.66869808
116.518233937 4156.66869808
117.113473772 4156.66869808
117.708713606 4156.66869808
118.303953441 4156.66869808
118.899193275 4156.66869808
119.49443311 4156.66869808
120.089672944 4156.66869808
120.684912779 4156.66869808
121.280152613 4156.66869808
121.875392448 4156.66869808
122.470632282 4156.66869808
123.065872117 4156.66869808
123.661111951 4156.66869808
124.256351786 4156.66869808
124.85159162 4156.66869808
125.446831455 4156.66869808
126.042071289 4156.66869808
126.637311123 4156.66869808
127.232550958 4156.66869808
127.827790792 4156.66869808
128.423030627 4156.66869808
129.018270461 4156.66869808
129.613510296 4156.66869808
130.20875013 4156.66869808
130.803989965 4156.66869808
131.399229799 4156.66869808
131.994469634 4156.66869808
132.589709468 4156.66869808
133.184949303 4156.66869808
133.780189137 4156.66869808
134.375428972 4156.66869808
134.970668806 4156.66869808
135.565908641 4156.66869808
136.161148475 4156.66869808
136.75638831 4156.66869808
137.351628144 4156.66869808
137.946867978 4156.66869808
138.542107813 4156.66869808
139.137347647 4156.66869808
139.732587482 4156.66869808
140.327827316 4156.66869808
140.923067151 4156.66869808
141.518306985 4156.66869808
142.11354682 4156.66869808
142.708786654 4156.66869808
143.304026489 4156.66869808
143.899266323 4156.66869808
144.494506158 4156.66869808
145.089745992 4156.66869808
145.684985827 4156.66869808
146.280225661 4156.66869808
146.875465496 4156.66869808
147.47070533 4156.66869808
148.065945165 4156.66869808
148.661184999 4156.66869808
149.256424833 4156.66869808
149.851664668 4156.66869808
150.446904502 4156.66869808
151.042144337 4156.66869808
151.637384171 4156.66869808
152.232624006 4156.66869808
152.82786384 4156.66869808
153.423103675 4156.66869808
154.018343509 4156.66869808
154.613583344 4156.66869808
155.208823178 4156.66869808
155.804063013 4156.66869808
156.399302847 4156.66869808
156.994542682 4156.66869808
157.589782516 4156.66869808
158.185022351 4156.66869808
158.780262185 4156.66869808
159.375502019 4156.66869808
159.970741854 4156.66869808
160.565981688 4156.66869808
161.161221523 4156.66869808
161.756461357 4156.66869808
162.351701192 4156.66869808
162.946941026 4156.66869808
163.542180861 4156.66869808
164.137420695 4156.66869808
164.73266053 4156.66869808
165.327900364 4156.66869808
165.923140199 4156.66869808
166.518380033 4156.66869808
167.113619868 4156.66869808
167.708859702 4156.66869808
168.304099537 4156.66869808
168.899339371 4156.66869808
169.494579206 4156.66869808
170.08981904 4156.66869808
170.685058874 4156.66869808
171.280298709 4156.66869808
171.875538543 4156.66869808
172.470778378 4156.66869808
173.066018212 4156.66869808
173.661258047 4156.66869808
174.256497881 4156.66869808
174.851737716 4156.66869808
175.44697755 4156.66869808
176.042217385 4156.66869808
176.637457219 4156.66869808
177.232697054 4156.66869808
177.827936888 4156.66869808
178.423176723 4156.66869808
179.018416557 4156.66869808
179.613656392 4156.66869808
180.208896226 4156.66869808
180.80413606 4156.66869808
181.399375895 4156.66869808
181.994615729 4156.66869808
182.589855564 4156.66869808
183.185095398 4156.66869808
183.780335233 4156.66869808
184.375575067 4156.66869808
184.970814902 4156.66869808
185.566054736 4156.66869808
186.161294571 4156.66869808
186.756534405 4156.66869808
187.35177424 4156.66869808
187.947014074 4156.66869808
188.542253909 4156.66869808
189.137493743 4156.66869808
189.732733578 4156.66869808
190.327973412 4156.66869808
190.923213247 4156.66869808
191.518453081 4156.66869808
192.113692915 4156.66869808
192.70893275 4156.66869808
193.304172584 4156.66869808
193.899412419 4156.66869808
194.494652253 4156.66869808
195.089892088 4156.66869808
195.685131922 4156.66869808
196.280371757 4156.66869808
196.875611591 4156.66869808
197.470851426 4156.66869808
198.06609126 4156.66869808
198.661331095 4156.66869808
199.256570929 4156.66869808
199.851810764 4156.66869808
200.447050598 4156.66869808
201.042290433 4156.66869808
201.637530267 4156.66869808
202.232770102 4156.66869808
202.828009936 4156.66869808
203.42324977 4156.66869808
204.018489605 4156.66869808
204.613729439 4156.66869808
205.208969274 4156.66869808
205.804209108 4156.66869808
206.399448943 4156.66869808
206.994688777 4156.66869808
207.589928612 4156.66869808
208.185168446 4156.66869808
208.780408281 4156.66869808
209.375648115 4156.66869808
209.97088795 4156.66869808
210.566127784 4156.66869808
211.161367619 4156.66869808
211.756607453 4156.66869808
212.351847288 4156.66869808
212.947087122 4156.66869808
213.542326956 4156.66869808
214.137566791 4156.66869808
214.732806625 4156.66869808
215.32804646 4156.66869808
215.923286294 4156.66869808
216.518526129 4156.66869808
217.113765963 4156.66869808
217.709005798 4156.66869808
218.304245632 4156.66869808
218.899485467 4156.66869808
219.494725301 4156.66869808
220.089965136 4156.66869808
220.68520497 4156.66869808
221.280444805 4156.66869808
221.875684639 4156.66869808
222.470924474 4156.66869808
223.066164308 4156.66869808
223.661404143 4156.66869808
224.256643977 4156.66869808
224.851883811 4156.66869808
225.447123646 4156.66869808
226.04236348 4156.66869808
226.637603315 4156.66869808
227.232843149 4156.66869808
227.828082984 4156.66869808
228.423322818 4156.66869808
229.018562653 4156.66869808
229.613802487 4156.66869808
230.209042322 4156.66869808
230.804282156 4156.66869808
231.399521991 4156.66869808
231.994761825 4156.66869808
232.59000166 4156.66869808
233.185241494 4156.66869808
233.780481329 4156.66869808
234.375721163 4156.66869808
234.970960998 4156.66869808
235.566200832 4156.66869808
236.161440666 4156.66869808
236.756680501 4156.66869808
237.351920335 4156.66869808
237.94716017 4156.66869808
238.542400004 4156.66869808
239.137639839 4156.66869808
239.732879673 4156.66869808
240.328119508 4156.66869808
240.923359342 4156.66869808
241.518599177 4156.66869808
242.113839011 4156.66869808
242.709078846 4156.66869808
243.30431868 4156.66869808
243.899558515 4156.66869808
244.494798349 4156.66869808
245.090038184 4156.66869808
245.685278018 4156.66869808
246.280517852 4156.66869808
246.875757687 4156.66869808
247.470997521 4156.66869808
248.066237356 4156.66869808
248.66147719 4156.66869808
249.256717025 4156.66869808
249.851956859 4156.66869808
250.447196694 4156.66869808
251.042436528 4156.66869808
251.637676363 4156.66869808
252.232916197 4156.66869808
252.828156032 4156.66869808
253.423395866 4156.66869808
254.018635701 4156.66869808
254.613875535 4156.66869808
255.20911537 4156.66869808
255.804355204 4156.66869808
256.399595039 4156.66869808
256.994834873 4156.66869808
257.590074707 4156.66869808
258.185314542 4156.66869808
258.780554376 4156.66869808
259.375794211 4156.66869808
259.971034045 4156.66869808
260.56627388 4156.66869808
261.161513714 4156.66869808
261.756753549 4156.66869808
262.351993383 4156.66869808
262.947233218 4156.66869808
263.542473052 4156.66869808
264.137712887 4156.66869808
264.732952721 4156.66869808
265.328192556 4156.66869808
265.92343239 4156.66869808
266.518672225 4156.66869808
267.113912059 4156.66869808
267.709151894 4156.66869808
268.304391728 4156.66869808
268.899631562 4156.66869808
269.494871397 4156.66869808
270.090111231 4156.66869808
270.685351066 4156.66869808
271.2805909 4156.66869808
271.875830735 4156.66869808
272.471070569 4156.66869808
273.066310404 4156.66869808
273.661550238 4156.66869808
274.256790073 4156.66869808
274.852029907 4156.66869808
275.447269742 4156.66869808
276.042509576 4156.66869808
276.637749411 4156.66869808
277.232989245 4156.66869808
277.82822908 4156.66869808
278.423468914 4156.66869808
279.018708748 4156.66869808
279.613948583 4156.66869808
280.209188417 4156.66869808
280.804428252 4156.66869808
281.399668086 4156.66869808
281.994907921 4156.66869808
282.590147755 4156.66869808
283.18538759 4156.66869808
283.780627424 4156.66869808
284.375867259 4156.66869808
284.971107093 4156.66869808
285.566346928 4156.66869808
286.161586762 4156.66869808
286.756826597 4156.66869808
287.352066431 4156.66869808
287.947306266 4156.66869808
288.5425461 4156.66869808
289.137785935 4156.66869808
289.733025769 4156.66869808
290.328265603 4156.66869808
290.923505438 4156.66869808
291.518745272 4156.66869808
292.113985107 4156.66869808
292.709224941 4156.66869808
293.304464776 4156.66869808
293.89970461 4156.66869808
294.494944445 4156.66869808
295.090184279 4156.66869808
295.685424114 4156.66869808
296.280663948 4156.66869808
296.875903783 4156.66869808
297.471143617 4156.66869808
298.066383452 4156.66869808
298.661623286 4156.66869808
299.256863121 4156.66869808
299.852102955 4156.66869808
300.44734279 4156.66869808
301.042582624 4156.66869808
301.637822458 4156.66869808
302.233062293 4156.66869808
302.828302127 4156.66869808
303.423541962 4156.66869808
304.018781796 4156.66869808
304.614021631 4156.66869808
305.209261465 4057.33776715
305.8045013 4057.33776715
306.399741134 4057.33776715
306.994980969 4057.33776715
307.590220803 4057.33776715
308.185460638 4057.33776715
308.780700472 4057.33776715
309.375940307 4057.33776715
309.971180141 4057.33776715
310.566419976 4057.33776715
311.16165981 4057.33776715
311.756899644 4057.33776715
312.352139479 4057.33776715
312.947379313 4057.33776715
313.542619148 4057.33776715
314.137858982 4057.33776715
314.733098817 4057.33776715
315.328338651 4057.33776715
315.923578486 4057.33776715
316.51881832 4057.33776715
317.114058155 4057.33776715
317.709297989 4057.33776715
318.304537824 4057.33776715
318.899777658 4057.33776715
319.495017493 4057.33776715
320.090257327 4057.33776715
320.685497162 4057.33776715
321.280736996 4057.33776715
321.875976831 4057.33776715
322.471216665 4057.33776715
323.066456499 4057.33776715
323.661696334 4057.33776715
324.256936168 4057.33776715
324.852176003 4057.33776715
325.447415837 4057.33776715
326.042655672 4057.33776715
326.637895506 4057.33776715
327.233135341 4057.33776715
327.828375175 4057.33776715
328.42361501 4057.33776715
329.018854844 4057.33776715
329.614094679 4057.33776715
330.209334513 4057.33776715
330.804574348 4057.33776715
331.399814182 4057.33776715
331.995054017 4057.33776715
332.590293851 4057.33776715
333.185533685 4057.33776715
333.78077352 4057.33776715
334.376013354 4057.33776715
334.971253189 4057.33776715
335.566493023 4057.33776715
336.161732858 4057.33776715
336.756972692 4057.33776715
337.352212527 4057.33776715
337.947452361 4057.33776715
338.542692196 4057.33776715
339.13793203 4057.33776715
339.733171865 4057.33776715
340.328411699 4057.33776715
340.923651534 4057.33776715
341.518891368 4057.33776715
342.114131203 4057.33776715
342.709371037 4057.33776715
343.304610872 4057.33776715
343.899850706 4057.33776715
344.49509054 4057.33776715
345.090330375 4057.33776715
345.685570209 4057.33776715
346.280810044 4057.33776715
346.876049878 4057.33776715
347.471289713 4057.33776715
348.066529547 4057.33776715
348.661769382 4057.33776715
349.257009216 4057.33776715
349.852249051 4057.33776715
350.447488885 4057.33776715
351.04272872 4057.33776715
351.637968554 4057.33776715
352.233208389 4057.33776715
352.828448223 4057.33776715
353.423688058 4057.33776715
354.018927892 4057.33776715
354.614167727 4057.33776715
355.209407561 4057.33776715
355.804647395 4057.33776715
356.39988723 4057.33776715
356.995127064 4057.33776715
357.590366899 4057.33776715
358.185606733 4057.33776715
358.780846568 4057.33776715
359.376086402 4057.33776715
359.971326237 4057.33776715
360.566566071 4057.33776715
361.161805906 4057.33776715
361.75704574 4057.33776715
362.352285575 4057.33776715
362.947525409 4057.33776715
363.542765244 4057.33776715
364.138005078 4057.33776715
364.733244913 4057.33776715
365.328484747 4057.33776715
365.923724581 4057.33776715
366.518964416 4057.33776715
367.11420425 4057.33776715
367.709444085 4057.33776715
368.304683919 4057.33776715
368.899923754 4057.33776715
369.495163588 4057.33776715
370.090403423 4057.33776715
370.685643257 4057.33776715
371.280883092 4057.33776715
371.876122926 4057.33776715
372.471362761 4057.33776715
373.066602595 4057.33776715
373.66184243 4057.33776715
374.257082264 4057.33776715
374.852322099 4057.33776715
375.447561933 4057.33776715
376.042801768 4057.33776715
376.638041602 4057.33776715
377.233281436 4057.33776715
377.828521271 4057.33776715
378.423761105 4057.33776715
379.01900094 4057.33776715
379.614240774 4057.33776715
380.209480609 4057.33776715
380.804720443 4057.33776715
381.399960278 4057.33776715
381.995200112 4057.33776715
382.590439947 4057.33776715
383.185679781 4057.33776715
383.780919616 4057.33776715
384.37615945 4057.33776715
384.971399285 4057.33776715
385.566639119 4057.33776715
386.161878954 4057.33776715
386.757118788 4057.33776715
387.352358623 4057.33776715
387.947598457 4057.33776715
388.542838291 4057.33776715
389.138078126 4057.33776715
389.73331796 4057.33776715
390.328557795 4057.33776715
390.923797629 4057.33776715
391.519037464 4057.33776715
392.114277298 4057.33776715
392.709517133 4057.33776715
393.304756967 4057.33776715
393.899996802 4057.33776715
394.495236636 4057.33776715
395.090476471 4057.33776715
395.685716305 4057.33776715
396.28095614 4057.33776715
396.876195974 4057.33776715
397.471435809 4057.33776715
398.066675643 4057.33776715
398.661915477 4057.33776715
399.257155312 4057.33776715
399.852395146 4057.33776715
400.447634981 4057.33776715
401.042874815 4057.33776715
401.63811465 4057.33776715
402.233354484 4057.33776715
402.828594319 4057.33776715
403.423834153 4057.33776715
404.019073988 4057.33776715
404.614313822 4057.33776715
405.209553657 4057.33776715
405.804793491 4057.33776715
406.400033326 4057.33776715
406.99527316 4057.33776715
407.590512995 4057.33776715
408.185752829 4057.33776715
408.780992664 4057.33776715
409.376232498 4057.33776715
409.971472332 4057.33776715
410.566712167 4057.33776715
411.161952001 4057.33776715
411.757191836 4057.33776715
412.35243167 4057.33776715
412.947671505 4057.33776715
413.542911339 4057.33776715
414.138151174 4057.33776715
414.733391008 4057.33776715
415.328630843 4057.33776715
415.923870677 4057.33776715
416.519110512 4057.33776715
417.114350346 4057.33776715
417.709590181 4057.33776715
418.304830015 4057.33776715
418.90006985 4057.33776715
419.495309684 4057.33776715
420.090549519 4057.33776715
420.685789353 4057.33776715
421.281029187 4057.33776715
421.876269022 4057.33776715
422.471508856 4057.33776715
423.066748691 4057.33776715
423.661988525 4057.33776715
424.25722836 4057.33776715
424.852468194 4057.33776715
425.447708029 4057.33776715
426.042947863 4057.33776715
426.638187698 4057.33776715
427.233427532 4057.33776715
427.828667367 4057.33776715
428.423907201 4057.33776715
429.019147036 4057.33776715
429.61438687 4057.33776715
430.209626705 4057.33776715
430.804866539 4057.33776715
431.400106373 4057.33776715
431.995346208 4057.33776715
432.590586042 4057.33776715
433.185825877 4057.33776715
433.781065711 4057.33776715
434.376305546 4057.33776715
434.97154538 4057.33776715
435.566785215 4057.33776715
436.162025049 4057.33776715
436.757264884 4057.33776715
437.352504718 4057.33776715
437.947744553 4057.33776715
438.542984387 4057.33776715
439.138224222 4057.33776715
439.733464056 4057.33776715
440.328703891 4057.33776715
440.923943725 4057.33776715
441.51918356 4057.33776715
442.114423394 4057.33776715
442.709663228 4057.33776715
443.304903063 4057.33776715
443.900142897 4057.33776715
444.495382732 4057.33776715
445.090622566 4057.33776715
445.685862401 4057.33776715
446.281102235 4057.33776715
446.87634207 4057.33776715
447.471581904 4057.33776715
448.066821739 4057.33776715
448.662061573 4057.33776715
449.257301408 4057.33776715
449.852541242 4057.33776715
450.447781077 4057.33776715
451.043020911 4057.33776715
451.638260746 4057.33776715
452.23350058 4057.33776715
452.828740415 4057.33776715
453.423980249 4057.33776715
454.019220083 4057.33776715
454.614459918 4057.33776715
455.209699752 4057.33776715
455.804939587 4057.33776715
456.400179421 4057.33776715
456.995419256 4057.33776715
457.59065909 3855.51704151
458.185898925 3855.51704151
458.781138759 3855.51704151
459.376378594 3855.51704151
459.971618428 3855.51704151
460.566858263 3855.51704151
461.162098097 3855.51704151
461.757337932 3855.51704151
462.352577766 3855.51704151
462.947817601 3855.51704151
463.543057435 3855.51704151
464.138297269 3855.51704151
464.733537104 3855.51704151
465.328776938 3855.51704151
465.924016773 3855.51704151
466.519256607 3855.51704151
467.114496442 3855.51704151
467.709736276 3855.51704151
468.304976111 3855.51704151
468.900215945 3855.51704151
469.49545578 3855.51704151
470.090695614 3855.51704151
470.685935449 3855.51704151
471.281175283 3855.51704151
471.876415118 3855.51704151
472.471654952 3855.51704151
473.066894787 3855.51704151
473.662134621 3855.51704151
474.257374456 3855.51704151
474.85261429 3855.51704151
475.447854124 3855.51704151
476.043093959 3855.51704151
476.638333793 3855.51704151
477.233573628 3855.51704151
477.828813462 3855.51704151
478.424053297 3855.51704151
479.019293131 3855.51704151
479.614532966 3855.51704151
480.2097728 3855.51704151
480.805012635 3855.51704151
481.400252469 3855.51704151
481.995492304 3855.51704151
482.590732138 3855.51704151
483.185971973 3855.51704151
483.781211807 3855.51704151
484.376451642 3855.51704151
484.971691476 3855.51704151
485.56693131 3855.51704151
486.162171145 3855.51704151
486.757410979 3855.51704151
487.352650814 3855.51704151
487.947890648 3855.51704151
488.543130483 3855.51704151
489.138370317 3855.51704151
489.733610152 3855.51704151
490.328849986 3855.51704151
490.924089821 3855.51704151
491.519329655 3855.51704151
492.11456949 3855.51704151
492.709809324 3855.51704151
493.305049159 3855.51704151
493.900288993 3855.51704151
494.495528828 3855.51704151
495.090768662 3855.51704151
495.686008497 3855.51704151
496.281248331 3855.51704151
496.876488165 3855.51704151
497.471728 3855.51704151
498.066967834 3855.51704151
498.662207669 3855.51704151
499.257447503 3855.51704151
499.852687338 3855.51704151
500.447927172 3855.51704151
501.043167007 3855.51704151
501.638406841 3855.51704151
502.233646676 3855.51704151
502.82888651 3855.51704151
503.424126345 3855.51704151
504.019366179 3855.51704151
504.614606014 3855.51704151
505.209845848 3855.51704151
505.805085683 3855.51704151
506.400325517 3855.51704151
506.995565352 3855.51704151
507.590805186 3855.51704151
508.18604502 3855.51704151
508.781284855 3855.51704151
509.376524689 3855.51704151
509.971764524 3855.51704151
510.567004358 3855.51704151
511.162244193 3855.51704151
511.757484027 3855.51704151
512.352723862 3855.51704151
512.947963696 3855.51704151
513.543203531 3855.51704151
514.138443365 3855.51704151
514.7336832 3855.51704151
515.328923034 3855.51704151
515.924162869 3855.51704151
516.519402703 3855.51704151
517.114642538 3855.51704151
517.709882372 3855.51704151
518.305122206 3855.51704151
518.900362041 3855.51704151
519.495601875 3855.51704151
520.09084171 3855.51704151
520.686081544 3855.51704151
521.281321379 3855.51704151
521.876561213 3855.51704151
522.471801048 3855.51704151
523.067040882 3855.51704151
523.662280717 3855.51704151
524.257520551 3855.51704151
524.852760386 3855.51704151
525.44800022 3855.51704151
526.043240055 3855.51704151
526.638479889 3855.51704151
527.233719724 3855.51704151
527.828959558 3855.51704151
528.424199393 3855.51704151
529.019439227 3855.51704151
529.614679061 3855.51704151
530.209918896 3855.51704151
530.80515873 3855.51704151
531.400398565 3855.51704151
531.995638399 3855.51704151
532.590878234 3855.51704151
533.186118068 3855.51704151
533.781357903 4259.15849279
534.376597737 4259.15849279
534.971837572 4259.15849279
535.567077406 4259.15849279
536.162317241 4259.15849279
536.757557075 4259.15849279
537.35279691 4259.15849279
537.948036744 4259.15849279
538.543276579 4259.15849279
539.138516413 4259.15849279
539.733756248 4259.15849279
540.328996082 4259.15849279
540.924235916 4259.15849279
541.519475751 4259.15849279
542.114715585 4259.15849279
542.70995542 4259.15849279
543.305195254 4259.15849279
543.900435089 4259.15849279
544.495674923 4259.15849279
545.090914758 4259.15849279
545.686154592 4259.15849279
546.281394427 4259.15849279
546.876634261 4259.15849279
547.471874096 4259.15849279
548.06711393 4259.15849279
548.662353765 4259.15849279
549.257593599 4259.15849279
549.852833434 4259.15849279
550.448073268 4259.15849279
551.043313102 4259.15849279
551.638552937 4259.15849279
552.233792771 4259.15849279
552.829032606 4259.15849279
553.42427244 4259.15849279
554.019512275 4259.15849279
554.614752109 4259.15849279
555.209991944 4259.15849279
555.805231778 4259.15849279
556.400471613 4259.15849279
556.995711447 4259.15849279
557.590951282 4259.15849279
558.186191116 4259.15849279
558.781430951 4259.15849279
559.376670785 4259.15849279
559.97191062 4259.15849279
560.567150454 4259.15849279
561.162390289 4259.15849279
561.757630123 4259.15849279
562.352869957 4259.15849279
562.948109792 4259.15849279
563.543349626 4259.15849279
564.138589461 4259.15849279
564.733829295 4259.15849279
565.32906913 4259.15849279
565.924308964 4259.15849279
566.519548799 4259.15849279
567.114788633 4259.15849279
567.710028468 4259.15849279
568.305268302 4259.15849279
568.900508137 4259.15849279
569.495747971 4259.15849279
570.090987806 4259.15849279
570.68622764 4259.15849279
571.281467475 4259.15849279
571.876707309 4259.15849279
572.471947144 4259.15849279
573.067186978 4259.15849279
573.662426812 4259.15849279
574.257666647 4259.15849279
574.852906481 4259.15849279
575.448146316 4259.15849279
576.04338615 4259.15849279
576.638625985 4259.15849279
577.233865819 4259.15849279
577.829105654 4259.15849279
578.424345488 4259.15849279
579.019585323 4259.15849279
579.614825157 4259.15849279
580.210064992 4259.15849279
580.805304826 4259.15849279
581.400544661 4259.15849279
581.995784495 4259.15849279
582.59102433 4259.15849279
583.186264164 4259.15849279
583.781503998 4259.15849279
584.376743833 4259.15849279
584.971983667 4259.15849279
585.567223502 4259.15849279
586.162463336 4259.15849279
586.757703171 4259.15849279
587.352943005 4259.15849279
587.94818284 4259.15849279
588.543422674 4259.15849279
589.138662509 4259.15849279
589.733902343 4259.15849279
590.329142178 4259.15849279
590.924382012 4259.15849279
591.519621847 4259.15849279
592.114861681 4259.15849279
592.710101516 4259.15849279
593.30534135 4259.15849279
593.900581185 4259.15849279
594.495821019 4259.15849279
595.091060853 4259.15849279
595.686300688 4259.15849279
596.281540522 4259.15849279
596.876780357 4259.15849279
597.472020191 4259.15849279
598.067260026 4259.15849279
598.66249986 4259.15849279
599.257739695 4259.15849279
599.852979529 4259.15849279
600.448219364 4259.15849279
601.043459198 4259.15849279
601.638699033 4259.15849279
602.233938867 4259.15849279
602.829178702 4259.15849279
603.424418536 4259.15849279
604.019658371 4259.15849279
604.614898205 4259.15849279
605.21013804 4259.15849279
605.805377874 4259.15849279
606.400617708 4259.15849279
606.995857543 4259.15849279
607.591097377 4259.15849279
608.186337212 4259.15849279
608.781577046 4259.15849279
609.376816881 4259.15849279
609.972056715 4747.41147073
610.56729655 4747.41147073
611.162536384 4747.41147073
611.757776219 4747.41147073
612.353016053 4747.41147073
612.948255888 4747.41147073
613.543495722 4747.41147073
614.138735557 4747.41147073
614.733975391 4747.41147073
615.329215226 4747.41147073
615.92445506 4747.41147073
616.519694894 4747.41147073
617.114934729 4747.41147073
617.710174563 4747.41147073
618.305414398 4747.41147073
618.900654232 4747.41147073
619.495894067 4747.41147073
620.091133901 4747.41147073
620.686373736 4747.41147073
621.28161357 4747.41147073
621.876853405 4747.41147073
622.472093239 4747.41147073
623.067333074 4747.41147073
623.662572908 4747.41147073
624.257812743 4747.41147073
624.853052577 4747.41147073
625.448292412 4747.41147073
626.043532246 4747.41147073
626.638772081 4747.41147073
627.234011915 4747.41147073
627.829251749 4747.41147073
628.424491584 4747.41147073
629.019731418 4747.41147073
629.614971253 4747.41147073
630.210211087 4747.41147073
630.805450922 4747.41147073
631.400690756 4747.41147073
631.995930591 4747.41147073
632.591170425 4747.41147073
633.18641026 4747.41147073
633.781650094 4747.41147073
634.376889929 4747.41147073
634.972129763 4747.41147073
635.567369598 4747.41147073
636.162609432 4747.41147073
636.757849267 4747.41147073
637.353089101 4747.41147073
637.948328935 4747.41147073
638.54356877 5827.77552635
639.138808604 5827.77552635
639.734048439 5827.77552635
640.329288273 5827.77552635
640.924528108 5827.77552635
641.519767942 5827.77552635
642.115007777 5827.77552635
642.710247611 5827.77552635
643.305487446 3667.04741511
643.90072728 3667.04741511
644.495967115 3667.04741511
645.091206949 3667.04741511
645.686446784 3667.04741511
646.281686618 3667.04741511
646.876926453 3667.04741511
647.472166287 3667.04741511
648.067406122 4747.41147073
648.662645956 4747.41147073
649.25788579 4747.41147073
649.853125625 4747.41147073
650.448365459 4747.41147073
651.043605294 4747.41147073
651.638845128 4747.41147073
652.234084963 4747.41147073
652.829324797 4747.41147073
653.424564632 4747.41147073
654.019804466 4747.41147073
654.615044301 4747.41147073
655.210284135 4747.41147073
655.80552397 4747.41147073
656.400763804 4747.41147073
656.996003639 4747.41147073
657.591243473 4747.41147073
658.186483308 4747.41147073
658.781723142 4747.41147073
659.376962977 4747.41147073
659.972202811 4747.41147073
660.567442645 4747.41147073
661.16268248 4747.41147073
661.757922314 4747.41147073
662.353162149 4747.41147073
662.948401983 4747.41147073
663.543641818 4747.41147073
664.138881652 4747.41147073
664.734121487 4747.41147073
665.329361321 4747.41147073
665.924601156 4747.41147073
666.51984099 4747.41147073
667.115080825 4747.41147073
667.710320659 4747.41147073
668.305560494 4747.41147073
668.900800328 4747.41147073
669.496040163 4747.41147073
670.091279997 4747.41147073
670.686519831 4747.41147073
671.281759666 4747.41147073
671.8769995 4747.41147073
672.472239335 4747.41147073
673.067479169 4747.41147073
673.662719004 4747.41147073
674.257958838 4747.41147073
674.853198673 4747.41147073
675.448438507 4747.41147073
676.043678342 4747.41147073
676.638918176 4747.41147073
677.234158011 4747.41147073
677.829397845 4747.41147073
678.42463768 4747.41147073
679.019877514 4747.41147073
679.615117349 4747.41147073
680.210357183 4747.41147073
680.805597018 4747.41147073
681.400836852 4747.41147073
681.996076686 4747.41147073
682.591316521 4747.41147073
683.186556355 4747.41147073
683.78179619 4747.41147073
684.377036024 4747.41147073
684.972275859 4747.41147073
685.567515693 4747.41147073
686.162755528 3624.42144861
686.757995362 3624.42144861
687.353235197 3624.42144861
687.948475031 3624.42144861
688.543714866 3624.42144861
689.1389547 3624.42144861
689.734194535 3624.42144861
690.329434369 3624.42144861
690.924674204 3624.42144861
691.519914038 3624.42144861
692.115153873 3624.42144861
692.710393707 3624.42144861
693.305633541 3624.42144861
693.900873376 3624.42144861
694.49611321 3624.42144861
695.091353045 3624.42144861
695.686592879 3624.42144861
696.281832714 3624.42144861
696.877072548 3624.42144861
697.472312383 3624.42144861
698.067552217 3624.42144861
698.662792052 3624.42144861
699.258031886 3624.42144861
699.853271721 3624.42144861
700.448511555 3624.42144861
701.04375139 3624.42144861
701.638991224 3624.42144861
702.234231059 3624.42144861
702.829470893 3624.42144861
703.424710727 3624.42144861
704.019950562 3624.42144861
704.615190396 3624.42144861
705.210430231 5066.60853767
705.805670065 5066.60853767
706.4009099 5066.60853767
706.996149734 5066.60853767
707.591389569 5066.60853767
708.186629403 5066.60853767
708.781869238 5066.60853767
709.377109072 5066.60853767
709.972348907 5066.60853767
710.567588741 5066.60853767
711.162828576 5066.60853767
711.75806841 5066.60853767
712.353308245 5066.60853767
712.948548079 5066.60853767
713.543787914 5066.60853767
714.139027748 5066.60853767
714.734267582 5066.60853767
715.329507417 5066.60853767
715.924747251 5066.60853767
716.519987086 5066.60853767
717.11522692 5066.60853767
717.710466755 5066.60853767
718.305706589 5066.60853767
718.900946424 5066.60853767
719.496186258 5066.60853767
720.091426093 5066.60853767
720.686665927 5066.60853767
721.281905762 5066.60853767
721.877145596 5066.60853767
722.472385431 5066.60853767
723.067625265 5066.60853767
723.6628651 5066.60853767
724.258104934 5149.30794832
724.853344769 5149.30794832
725.448584603 5149.30794832
726.043824437 5149.30794832
726.639064272 5149.30794832
727.234304106 5149.30794832
727.829543941 5149.30794832
728.424783775 5149.30794832
729.02002361 5149.30794832
729.615263444 5149.30794832
730.210503279 5149.30794832
730.805743113 5149.30794832
731.400982948 5149.30794832
731.996222782 5149.30794832
732.591462617 5149.30794832
733.186702451 5149.30794832
733.781942286 5149.30794832
734.37718212 5149.30794832
734.972421955 5149.30794832
735.567661789 5149.30794832
736.162901623 5149.30794832
736.758141458 5149.30794832
737.353381292 5149.30794832
737.948621127 5149.30794832
738.543860961 5149.30794832
739.139100796 5149.30794832
739.73434063 5149.30794832
740.329580465 5149.30794832
740.924820299 5149.30794832
741.520060134 5149.30794832
742.115299968 5149.30794832
742.710539803 5149.30794832
743.305779637 5149.30794832
743.901019472 5149.30794832
744.496259306 5149.30794832
745.091499141 5149.30794832
745.686738975 5149.30794832
746.28197881 5149.30794832
746.877218644 5149.30794832
747.472458478 5149.30794832
748.067698313 5149.30794832
748.662938147 5149.30794832
749.258177982 5149.30794832
749.853417816 5149.30794832
750.448657651 5149.30794832
751.043897485 5149.30794832
751.63913732 5149.30794832
752.234377154 5149.30794832
752.829616989 5149.30794832
753.424856823 5149.30794832
754.020096658 5149.30794832
754.615336492 5149.30794832
755.210576327 5149.30794832
755.805816161 5149.30794832
756.401055996 5149.30794832
756.99629583 5149.30794832
757.591535665 5149.30794832
758.186775499 5149.30794832
758.782015333 5149.30794832
759.377255168 5149.30794832
759.972495002 5149.30794832
760.567734837 5149.30794832
761.162974671 5149.30794832
761.758214506 5149.30794832
762.35345434 4754.00396287
762.948694175 4754.00396287
763.543934009 4754.00396287
764.139173844 4754.00396287
764.734413678 4754.00396287
765.329653513 4754.00396287
765.924893347 4754.00396287
766.520133182 4754.00396287
767.115373016 4754.00396287
767.710612851 4754.00396287
768.305852685 4754.00396287
768.901092519 4754.00396287
769.496332354 4754.00396287
770.091572188 4754.00396287
770.686812023 4754.00396287
771.282051857 4754.00396287
771.877291692 4754.00396287
772.472531526 4754.00396287
773.067771361 4754.00396287
773.663011195 4754.00396287
774.25825103 4754.00396287
774.853490864 4754.00396287
775.448730699 4754.00396287
776.043970533 4754.00396287
776.639210368 4754.00396287
777.234450202 4754.00396287
777.829690037 4754.00396287
778.424929871 4754.00396287
779.020169706 4754.00396287
779.61540954 4754.00396287
780.210649374 4754.00396287
780.805889209 4754.00396287
781.401129043 4754.00396287
781.996368878 4754.00396287
782.591608712 4754.00396287
783.186848547 4754.00396287
783.782088381 4754.00396287
784.377328216 4754.00396287
784.97256805 4754.00396287
785.567807885 4754.00396287
786.163047719 4754.00396287
786.758287554 4754.00396287
787.353527388 4754.00396287
787.948767223 4754.00396287
788.544007057 4754.00396287
789.139246892 4754.00396287
789.734486726 4754.00396287
790.32972656 4754.00396287
790.924966395 4754.00396287
791.520206229 4754.00396287
792.115446064 4754.00396287
792.710685898 4754.00396287
793.305925733 4754.00396287
793.901165567 4754.00396287
794.496405402 4754.00396287
795.091645236 4754.00396287
795.686885071 4754.00396287
796.282124905 4754.00396287
796.87736474 4754.00396287
797.472604574 4754.00396287
798.067844409 4754.00396287
798.663084243 4754.00396287
799.258324078 4754.00396287
799.853563912 4754.00396287
800.448803747 3890.11527576
801.044043581 3890.11527576
801.639283415 3890.11527576
802.23452325 3890.11527576
802.829763084 3890.11527576
803.425002919 3890.11527576
804.020242753 3890.11527576
804.615482588 3890.11527576
805.210722422 3890.11527576
805.805962257 3890.11527576
806.401202091 3890.11527576
806.996441926 3890.11527576
807.59168176 3890.11527576
808.186921595 3890.11527576
808.782161429 3890.11527576
809.377401264 3890.11527576
809.972641098 3890.11527576
810.567880933 3890.11527576
811.163120767 3890.11527576
811.758360602 3890.11527576
812.353600436 3890.11527576
812.94884027 3890.11527576
813.544080105 3890.11527576
814.139319939 3890.11527576
814.734559774 3890.11527576
815.329799608 3890.11527576
815.925039443 3890.11527576
816.520279277 3890.11527576
817.115519112 3890.11527576
817.710758946 3890.11527576
818.305998781 3890.11527576
818.901238615 3890.11527576
819.49647845 3890.11527576
820.091718284 3890.11527576
820.686958119 3890.11527576
821.282197953 3890.11527576
821.877437788 3890.11527576
822.472677622 3890.11527576
823.067917456 3890.11527576
823.663157291 3890.11527576
824.258397125 3890.11527576
824.85363696 3890.11527576
825.448876794 3890.11527576
826.044116629 3890.11527576
826.639356463 3890.11527576
827.234596298 3890.11527576
827.829836132 3890.11527576
828.425075967 3890.11527576
829.020315801 3890.11527576
829.615555636 3890.11527576
830.21079547 3890.11527576
830.806035305 3890.11527576
831.401275139 3890.11527576
831.996514974 3890.11527576
832.591754808 3890.11527576
833.186994643 3890.11527576
833.782234477 3890.11527576
834.377474311 3890.11527576
834.972714146 3890.11527576
835.56795398 3890.11527576
836.163193815 3890.11527576
836.758433649 3890.11527576
837.353673484 3890.11527576
837.948913318 3890.11527576
838.544153153 5172.76332215
839.139392987 5172.76332215
839.734632822 5172.76332215
840.329872656 5172.76332215
840.925112491 5172.76332215
841.520352325 5172.76332215
842.11559216 5172.76332215
842.710831994 5172.76332215
843.306071829 5172.76332215
843.901311663 5172.76332215
844.496551498 5172.76332215
845.091791332 5172.76332215
845.687031166 5172.76332215
846.282271001 5172.76332215
846.877510835 5172.76332215
847.47275067 5172.76332215
848.067990504 5172.76332215
848.663230339 5172.76332215
849.258470173 5172.76332215
849.853710008 5172.76332215
850.448949842 5172.76332215
851.044189677 5172.76332215
851.639429511 5172.76332215
852.234669346 5172.76332215
852.82990918 5172.76332215
853.425149015 5172.76332215
854.020388849 5172.76332215
854.615628684 5172.76332215
855.210868518 5172.76332215
855.806108352 5172.76332215
856.401348187 5172.76332215
856.996588021 5172.76332215
857.591827856 5172.76332215
858.18706769 5172.76332215
858.782307525 5172.76332215
859.377547359 5172.76332215
859.972787194 5172.76332215
860.568027028 5172.76332215
861.163266863 5172.76332215
861.758506697 5172.76332215
862.353746532 5172.76332215
862.948986366 5172.76332215
863.544226201 5172.76332215
864.139466035 5172.76332215
864.73470587 5172.76332215
865.329945704 5172.76332215
865.925185539 5172.76332215
866.520425373 5172.76332215
867.115665207 5172.76332215
867.710905042 5172.76332215
868.306144876 5172.76332215
868.901384711 5172.76332215
869.496624545 5172.76332215
870.09186438 5172.76332215
870.687104214 5172.76332215
871.282344049 5172.76332215
871.877583883 5172.76332215
872.472823718 5172.76332215
873.068063552 5172.76332215
873.663303387 5172.76332215
874.258543221 5172.76332215
874.853783056 5172.76332215
875.44902289 5172.76332215
876.044262725 5172.76332215
876.639502559 5172.76332215
877.234742394 5172.76332215
877.829982228 5172.76332215
878.425222062 5172.76332215
879.020461897 5172.76332215
879.615701731 5172.76332215
880.210941566 5172.76332215
880.8061814 5172.76332215
881.401421235 5172.76332215
881.996661069 5172.76332215
882.591900904 5172.76332215
883.187140738 5172.76332215
883.782380573 5172.76332215
884.377620407 5172.76332215
884.972860242 5172.76332215
885.568100076 5172.76332215
886.163339911 5172.76332215
886.758579745 5172.76332215
887.35381958 5172.76332215
887.949059414 5172.76332215
888.544299248 5172.76332215
889.139539083 5172.76332215
889.734778917 5172.76332215
890.330018752 5172.76332215
890.925258586 5172.76332215
891.520498421 5172.76332215
892.115738255 5172.76332215
892.71097809 5172.76332215
893.306217924 5172.76332215
893.901457759 5172.76332215
894.496697593 5172.76332215
895.091937428 5172.76332215
895.687177262 5172.76332215
896.282417097 5172.76332215
896.877656931 5172.76332215
897.472896766 5172.76332215
898.0681366 5172.76332215
898.663376435 5172.76332215
899.258616269 5172.76332215
899.853856103 5172.76332215
900.449095938 5172.76332215
901.044335772 5172.76332215
901.639575607 5172.76332215
902.234815441 5172.76332215
902.830055276 5172.76332215
903.42529511 5172.76332215
904.020534945 5172.76332215
904.615774779 5172.76332215
905.211014614 5172.76332215
905.806254448 5172.76332215
906.401494283 5172.76332215
906.996734117 5172.76332215
907.591973952 5172.76332215
908.187213786 5172.76332215
908.782453621 5172.76332215
909.377693455 5172.76332215
909.97293329 5172.76332215
910.568173124 5172.76332215
911.163412958 5172.76332215
911.758652793 5172.76332215
912.353892627 5172.76332215
912.949132462 5172.76332215
913.544372296 5172.76332215
914.139612131 5172.76332215
914.734851965 3614.19263001
915.3300918 3614.19263001
915.925331634 3614.19263001
916.520571469 3614.19263001
917.115811303 3614.19263001
917.711051138 3614.19263001
918.306290972 3614.19263001
918.901530807 3614.19263001
919.496770641 3614.19263001
920.092010476 3614.19263001
920.68725031 3614.19263001
921.282490144 3614.19263001
921.877729979 3614.19263001
922.472969813 3614.19263001
923.068209648 3614.19263001
923.663449482 3614.19263001
924.258689317 3614.19263001
924.853929151 3614.19263001
925.449168986 3614.19263001
926.04440882 3614.19263001
926.639648655 3614.19263001
927.234888489 3614.19263001
927.830128324 3614.19263001
928.425368158 3614.19263001
929.020607993 3614.19263001
929.615847827 3614.19263001
930.211087662 3614.19263001
930.806327496 3614.19263001
931.401567331 3614.19263001
931.996807165 3614.19263001
932.592046999 3614.19263001
933.187286834 3614.19263001
933.782526668 3614.19263001
934.377766503 3614.19263001
934.973006337 3614.19263001
935.568246172 3614.19263001
936.163486006 3614.19263001
936.758725841 3614.19263001
937.353965675 3614.19263001
937.94920551 3614.19263001
938.544445344 3614.19263001
939.139685179 3614.19263001
939.734925013 3614.19263001
940.330164848 3614.19263001
940.925404682 3614.19263001
941.520644517 3614.19263001
942.115884351 3614.19263001
942.711124185 3614.19263001
943.30636402 3614.19263001
943.901603854 3614.19263001
944.496843689 3614.19263001
945.092083523 3614.19263001
945.687323358 3614.19263001
946.282563192 3614.19263001
946.877803027 3614.19263001
947.473042861 3614.19263001
948.068282696 3614.19263001
948.66352253 3614.19263001
949.258762365 3614.19263001
949.854002199 3614.19263001
950.449242034 3614.19263001
951.044481868 3614.19263001
951.639721703 3614.19263001
952.234961537 3614.19263001
952.830201372 3614.19263001
953.425441206 3614.19263001
954.02068104 3614.19263001
954.615920875 3614.19263001
955.211160709 3614.19263001
955.806400544 3614.19263001
956.401640378 3614.19263001
956.996880213 3614.19263001
957.592120047 3614.19263001
958.187359882 3614.19263001
958.782599716 3614.19263001
959.377839551 3614.19263001
959.973079385 3614.19263001
960.56831922 3614.19263001
961.163559054 3614.19263001
961.758798889 3614.19263001
962.354038723 3614.19263001
962.949278558 3614.19263001
963.544518392 3614.19263001
964.139758227 3614.19263001
964.734998061 3614.19263001
965.330237895 3614.19263001
965.92547773 3614.19263001
966.520717564 3614.19263001
967.115957399 3614.19263001
967.711197233 3614.19263001
968.306437068 3614.19263001
968.901676902 3614.19263001
969.496916737 3614.19263001
970.092156571 3614.19263001
970.687396406 3614.19263001
971.28263624 3614.19263001
971.877876075 3614.19263001
972.473115909 3614.19263001
973.068355744 3614.19263001
973.663595578 3614.19263001
974.258835413 3614.19263001
974.854075247 3614.19263001
975.449315081 3614.19263001
976.044554916 3614.19263001
976.63979475 3614.19263001
977.235034585 3614.19263001
977.830274419 3614.19263001
978.425514254 3614.19263001
979.020754088 3614.19263001
979.615993923 3614.19263001
980.211233757 3614.19263001
980.806473592 3614.19263001
981.401713426 3614.19263001
981.996953261 3614.19263001
982.592193095 3614.19263001
983.18743293 3614.19263001
983.782672764 3614.19263001
984.377912599 3614.19263001
984.973152433 3614.19263001
985.568392268 3614.19263001
986.163632102 3614.19263001
986.758871936 3614.19263001
987.354111771 3614.19263001
987.949351605 3614.19263001
988.54459144 3614.19263001
989.139831274 3614.19263001
989.735071109 3614.19263001
990.330310943 3614.19263001
990.925550778 3614.19263001
991.520790612 3614.19263001
992.116030447 3614.19263001
992.711270281 3614.19263001
993.306510116 3614.19263001
993.90174995 3614.19263001
994.496989785 3614.19263001
995.092229619 3614.19263001
995.687469454 3614.19263001
996.282709288 3614.19263001
996.877949123 3614.19263001
997.473188957 3614.19263001
998.068428791 3614.19263001
998.663668626 3614.19263001
999.25890846 3614.19263001
999.854148295 3614.19263001
1000.44938813 3614.19263001
1001.04462796 3614.19263001
1001.6398678 3614.19263001
1002.23510763 3614.19263001
1002.83034747 3614.19263001
1003.4255873 3614.19263001
1004.02082714 3614.19263001
1004.61606697 3614.19263001
1005.21130681 3614.19263001
1005.80654664 3614.19263001
1006.40178647 3614.19263001
1006.99702631 3614.19263001
1007.59226614 3614.19263001
1008.18750598 3614.19263001
1008.78274581 3614.19263001
1009.37798565 3614.19263001
1009.97322548 3614.19263001
1010.56846532 3614.19263001
1011.16370515 3614.19263001
1011.75894498 3614.19263001
1012.35418482 3614.19263001
1012.94942465 3614.19263001
1013.54466449 3614.19263001
1014.13990432 3614.19263001
1014.73514416 3614.19263001
1015.33038399 3614.19263001
1015.92562383 3614.19263001
1016.52086366 3614.19263001
1017.11610349 3614.19263001
1017.71134333 3614.19263001
1018.30658316 3614.19263001
1018.901823 3614.19263001
1019.49706283 3614.19263001
1020.09230267 3614.19263001
1020.6875425 3614.19263001
1021.28278234 3614.19263001
1021.87802217 3614.19263001
1022.473262 3614.19263001
1023.06850184 3614.19263001
1023.66374167 3614.19263001
1024.25898151 3614.19263001
1024.85422134 3614.19263001
1025.44946118 3614.19263001
1026.04470101 3614.19263001
1026.63994085 3614.19263001
1027.23518068 3614.19263001
1027.83042052 3614.19263001
1028.42566035 3614.19263001
1029.02090018 3614.19263001
1029.61614002 3614.19263001
1030.21137985 3614.19263001
1030.80661969 3614.19263001
1031.40185952 3614.19263001
1031.99709936 3614.19263001
1032.59233919 3614.19263001
1033.18757903 3614.19263001
1033.78281886 3614.19263001
1034.37805869 3614.19263001
1034.97329853 3614.19263001
1035.56853836 3614.19263001
1036.1637782 3614.19263001
1036.75901803 3614.19263001
1037.35425787 3614.19263001
1037.9494977 3614.19263001
1038.54473754 3614.19263001
1039.13997737 3614.19263001
1039.7352172 3614.19263001
1040.33045704 3614.19263001
1040.92569687 3614.19263001
1041.52093671 3614.19263001
1042.11617654 3614.19263001
1042.71141638 3614.19263001
1043.30665621 3614.19263001
1043.90189605 3614.19263001
1044.49713588 3614.19263001
1045.09237571 3614.19263001
1045.68761555 3614.19263001
1046.28285538 3614.19263001
1046.87809522 3614.19263001
1047.47333505 3614.19263001
1048.06857489 3614.19263001
1048.66381472 3614.19263001
1049.25905456 3614.19263001
1049.85429439 3614.19263001
1050.44953423 3614.19263001
1051.04477406 3614.19263001
1051.64001389 3614.19263001
1052.23525373 3614.19263001
1052.83049356 3614.19263001
1053.4257334 3614.19263001
1054.02097323 3614.19263001
1054.61621307 3614.19263001
1055.2114529 3614.19263001
1055.80669274 3614.19263001
1056.40193257 3614.19263001
1056.9971724 3614.19263001
1057.59241224 3614.19263001
1058.18765207 3614.19263001
1058.78289191 3614.19263001
1059.37813174 3614.19263001
1059.97337158 3614.19263001
1060.56861141 3614.19263001
1061.16385125 3614.19263001
1061.75909108 3614.19263001
1062.35433091 3614.19263001
1062.94957075 3614.19263001
1063.54481058 3614.19263001
1064.14005042 3614.19263001
1064.73529025 3614.19263001
1065.33053009 3614.19263001
1065.92576992 3614.19263001
1066.52100976 3614.19263001
1067.11624959 3614.19263001
1067.71148942 3614.19263001
1068.30672926 3614.19263001
1068.90196909 3614.19263001
1069.49720893 3614.19263001
1070.09244876 3614.19263001
1070.6876886 3614.19263001
1071.28292843 3614.19263001
1071.87816827 3614.19263001
1072.4734081 3614.19263001
1073.06864794 3614.19263001
1073.66388777 3614.19263001
1074.2591276 3614.19263001
1074.85436744 3614.19263001
1075.44960727 3614.19263001
1076.04484711 3614.19263001
1076.64008694 3614.19263001
1077.23532678 3614.19263001
1077.83056661 3614.19263001
1078.42580645 3614.19263001
1079.02104628 3614.19263001
1079.61628611 3614.19263001
1080.21152595 3614.19263001
1080.80676578 3614.19263001
1081.40200562 3614.19263001
1081.99724545 3614.19263001
1082.59248529 3614.19263001
1083.18772512 3614.19263001
1083.78296496 3614.19263001
1084.37820479 3614.19263001
1084.97344462 3614.19263001
1085.56868446 3614.19263001
1086.16392429 3614.19263001
1086.75916413 3614.19263001
1087.35440396 3614.19263001
1087.9496438 3614.19263001
1088.54488363 3614.19263001
1089.14012347 3614.19263001
1089.7353633 3614.19263001
1090.33060313 3614.19263001
1090.92584297 3614.19263001
1091.5210828 3614.19263001
1092.11632264 3614.19263001
1092.71156247 3614.19263001
1093.30680231 3614.19263001
1093.90204214 3614.19263001
1094.49728198 3614.19263001
1095.09252181 3614.19263001
1095.68776164 3614.19263001
1096.28300148 3614.19263001
1096.87824131 3614.19263001
1097.47348115 3614.19263001
1098.06872098 3614.19263001
1098.66396082 3614.19263001
1099.25920065 3614.19263001
1099.85444049 3614.19263001
1100.44968032 3614.19263001
1101.04492016 3614.19263001
1101.64015999 3614.19263001
1102.23539982 3614.19263001
1102.83063966 3614.19263001
1103.42587949 3614.19263001
1104.02111933 3614.19263001
1104.61635916 3614.19263001
1105.211599 3614.19263001
1105.80683883 3614.19263001
1106.40207867 3614.19263001
1106.9973185 3614.19263001
1107.59255833 3614.19263001
1108.18779817 3614.19263001
1108.783038 3614.19263001
1109.37827784 3614.19263001
1109.97351767 3614.19263001
1110.56875751 3614.19263001
1111.16399734 3614.19263001
1111.75923718 3614.19263001
1112.35447701 3614.19263001
1112.94971684 3614.19263001
1113.54495668 3614.19263001
1114.14019651 3614.19263001
1114.73543635 3614.19263001
1115.33067618 3614.19263001
1115.92591602 3614.19263001
1116.52115585 3614.19263001
1117.11639569 3614.19263001
1117.71163552 3614.19263001
1118.30687535 3614.19263001
1118.90211519 3614.19263001
1119.49735502 3614.19263001
1120.09259486 3614.19263001
1120.68783469 3614.19263001
1121.28307453 3614.19263001
1121.87831436 3614.19263001
1122.4735542 3614.19263001
1123.06879403 3614.19263001
1123.66403387 3614.19263001
1124.2592737 3614.19263001
1124.85451353 3614.19263001
1125.44975337 3614.19263001
1126.0449932 3614.19263001
1126.64023304 3614.19263001
1127.23547287 3614.19263001
1127.83071271 3614.19263001
1128.42595254 3614.19263001
1129.02119238 3614.19263001
1129.61643221 3614.19263001
1130.21167204 3614.19263001
1130.80691188 3614.19263001
1131.40215171 3614.19263001
1131.99739155 3614.19263001
1132.59263138 3614.19263001
1133.18787122 3614.19263001
1133.78311105 3614.19263001
1134.37835089 3614.19263001
1134.97359072 3614.19263001
1135.56883055 3614.19263001
1136.16407039 3614.19263001
1136.75931022 3614.19263001
1137.35455006 3614.19263001
1137.94978989 3614.19263001
1138.54502973 3614.19263001
1139.14026956 3614.19263001
1139.7355094 3614.19263001
1140.33074923 3614.19263001
1140.92598906 3614.19263001
1141.5212289 3614.19263001
1142.11646873 3614.19263001
1142.71170857 3614.19263001
1143.3069484 3614.19263001
1143.90218824 3614.19263001
1144.49742807 3614.19263001
1145.09266791 3614.19263001
1145.68790774 3614.19263001
1146.28314758 3614.19263001
1146.87838741 3614.19263001
1147.47362724 3614.19263001
1148.06886708 3614.19263001
1148.66410691 3614.19263001
1149.25934675 3614.19263001
1149.85458658 3614.19263001
1150.44982642 3614.19263001
1151.04506625 3614.19263001
1151.64030609 3614.19263001
1152.23554592 3614.19263001
1152.83078575 3614.19263001
1153.42602559 3614.19263001
1154.02126542 3614.19263001
1154.61650526 3614.19263001
1155.21174509 3614.19263001
1155.80698493 3614.19263001
1156.40222476 3614.19263001
1156.9974646 3614.19263001
1157.59270443 3614.19263001
1158.18794426 3614.19263001
1158.7831841 3614.19263001
1159.37842393 3614.19263001
1159.97366377 3614.19263001
1160.5689036 3614.19263001
1161.16414344 3614.19263001
1161.75938327 3614.19263001
1162.35462311 3614.19263001
1162.94986294 3614.19263001
1163.54510277 3614.19263001
1164.14034261 3614.19263001
1164.73558244 3614.19263001
1165.33082228 3614.19263001
1165.92606211 3614.19263001
1166.52130195 3614.19263001
1167.11654178 3614.19263001
1167.71178162 3614.19263001
1168.30702145 3614.19263001
1168.90226129 3614.19263001
1169.49750112 3614.19263001
1170.09274095 3614.19263001
1170.68798079 3614.19263001
1171.28322062 3614.19263001
1171.87846046 3614.19263001
1172.47370029 3614.19263001
1173.06894013 3614.19263001
1173.66417996 3614.19263001
1174.2594198 3614.19263001
1174.85465963 3614.19263001
1175.44989946 3614.19263001
1176.0451393 3614.19263001
1176.64037913 3614.19263001
1177.23561897 3614.19263001
1177.8308588 3614.19263001
1178.42609864 3614.19263001
1179.02133847 3614.19263001
1179.61657831 3614.19263001
1180.21181814 3614.19263001
1180.80705797 3614.19263001
1181.40229781 3614.19263001
1181.99753764 3614.19263001
1182.59277748 3614.19263001
1183.18801731 3614.19263001
1183.78325715 3614.19263001
1184.37849698 3614.19263001
1184.97373682 3614.19263001
1185.56897665 3614.19263001
1186.16421648 3614.19263001
1186.75945632 3614.19263001
1187.35469615 3614.19263001
1187.94993599 3614.19263001
1188.54517582 3614.19263001
1189.14041566 3614.19263001
1189.73565549 3614.19263001
1190.33089533 3614.19263001
1190.92613516 3614.19263001
1191.521375 3614.19263001
1192.11661483 3614.19263001
1192.71185466 3614.19263001
1193.3070945 3614.19263001
1193.90233433 3614.19263001
1194.49757417 3614.19263001
1195.092814 3614.19263001
1195.68805384 3614.19263001
1196.28329367 3614.19263001
1196.87853351 3614.19263001
1197.47377334 3614.19263001
1198.06901317 3614.19263001
1198.66425301 3614.19263001
1199.25949284 3614.19263001
1199.85473268 3614.19263001
1200.44997251 3614.19263001
1201.04521235 3614.19263001
1201.64045218 3614.19263001
1202.23569202 3614.19263001
1202.83093185 3614.19263001
1203.42617168 3614.19263001
1204.02141152 3614.19263001
1204.61665135 3614.19263001
1205.21189119 3614.19263001
1205.80713102 3614.19263001
1206.40237086 3614.19263001
1206.99761069 3614.19263001
1207.59285053 3614.19263001
1208.18809036 3614.19263001
1208.78333019 3614.19263001
1209.37857003 3614.19263001
1209.97380986 3614.19263001
1210.5690497 3614.19263001
1211.16428953 3614.19263001
1211.75952937 3614.19263001
1212.3547692 3614.19263001
1212.95000904 3614.19263001
1213.54524887 3614.19263001
1214.14048871 3614.19263001
1214.73572854 3614.19263001
1215.33096837 3614.19263001
1215.92620821 3614.19263001
1216.52144804 3614.19263001
1217.11668788 3614.19263001
1217.71192771 3614.19263001
1218.30716755 3614.19263001
1218.90240738 3614.19263001
