0.446466215283 1862.59963202
1.04170604976 1862.59963202
1.63694588423 1862.59963202
2.2321857187 1862.59963202
2.82742555317 1862.59963202
3.42266538765 1862.59963202
4.01790522212 1862.59963202
4.61314505659 1862.59963202
5.20838489106 1862.59963202
5.80362472554 1862.59963202
6.39886456001 1862.59963202
6.99410439448 1862.59963202
7.58934422895 1862.59963202
8.18458406343 1862.59963202
8.7798238979 1862.59963202
9.37506373237 1862.59963202
9.97030356685 1862.59963202
10.5655434013 1862.59963202
11.1607832358 1862.59963202
11.7560230703 1862.59963202
12.3512629047 1862.59963202
12.9465027392 1862.59963202
13.5417425737 1862.59963202
14.1369824082 1862.59963202
14.7322222426 1862.59963202
15.3274620771 1862.59963202
15.9227019116 1862.59963202
16.517941746 1862.59963202
17.1131815805 1862.59963202
17.708421415 1862.59963202
18.3036612495 1862.59963202
18.8989010839 1862.59963202
19.4941409184 1862.59963202
20.0893807529 1862.59963202
20.6846205874 1862.59963202
21.2798604218 1862.59963202
21.8751002563 1862.59963202
22.4703400908 1862.59963202
23.0655799252 1862.59963202
23.6608197597 1862.59963202
24.2560595942 1862.59963202
24.8512994287 1862.59963202
25.4465392631 1862.59963202
26.0417790976 1862.59963202
26.6370189321 1862.59963202
27.2322587666 1862.59963202
27.827498601 1862.59963202
28.4227384355 1862.59963202
29.01797827 1862.59963202
29.6132181044 1862.59963202
30.2084579389 1862.59963202
30.8036977734 1862.59963202
31.3989376079 1862.59963202
31.9941774423 1862.59963202
32.5894172768 1862.59963202
33.1846571113 1862.59963202
33.7798969458 1862.59963202
34.3751367802 1862.59963202
34.9703766147 1862.59963202
35.5656164492 1862.59963202
36.1608562836 1862.59963202
36.7560961181 1862.59963202
37.3513359526 1862.59963202
37.9465757871 1862.59963202
38.5418156215 1862.59963202
39.137055456 1862.59963202
39.7322952905 1862.59963202
40.327535125 1862.59963202
40.9227749594 1862.59963202
41.5180147939 1862.59963202
42.1132546284 1862.59963202
42.7084944628 1862.59963202
43.3037342973 1862.59963202
43.8989741318 1862.59963202
44.4942139663 1862.59963202
45.0894538007 1862.59963202
45.6846936352 1862.59963202
46.2799334697 1862.59963202
46.8751733041 1862.59963202
47.4704131386 1862.59963202
48.0656529731 1862.59963202
48.6608928076 1862.59963202
49.256132642 1862.59963202
49.8513724765 1862.59963202
50.446612311 1862.59963202
51.0418521455 1862.59963202
51.6370919799 1862.59963202
52.2323318144 1862.59963202
52.8275716489 1862.59963202
53.4228114833 1862.59963202
54.0180513178 1862.59963202
54.6132911523 1862.59963202
55.2085309868 1862.59963202
55.8037708212 1862.59963202
56.3990106557 1862.59963202
56.9942504902 1862.59963202
57.5894903247 1862.59963202
58.1847301591 1862.59963202
58.7799699936 1862.59963202
59.3752098281 1862.59963202
59.9704496625 1862.59963202
60.565689497 1862.59963202
61.1609293315 1862.59963202
61.756169166 1862.59963202
62.3514090004 1862.59963202
62.9466488349 1862.59963202
63.5418886694 1862.59963202
64.1371285039 1862.59963202
64.7323683383 1862.59963202
65.3276081728 1862.59963202
65.9228480073 1862.59963202
66.5180878417 1862.59963202
67.1133276762 1862.59963202
67.7085675107 1862.59963202
68.3038073452 1862.59963202
68.8990471796 1862.59963202
69.4942870141 1862.59963202
70.0895268486 1862.59963202
70.6847666831 1862.59963202
71.2800065175 1862.59963202
71.875246352 1862.59963202
72.4704861865 1862.59963202
73.0657260209 1862.59963202
73.6609658554 1862.59963202
74.2562056899 1862.59963202
74.8514455244 1862.59963202
75.4466853588 1862.59963202
76.0419251933 1862.59963202
76.6371650278 1862.59963202
77.2324048623 1862.59963202
77.8276446967 1862.59963202
78.4228845312 1862.59963202
79.0181243657 1862.59963202
79.6133642001 1862.59963202
80.2086040346 1862.59963202
80.8038438691 1862.59963202
81.3990837036 1862.59963202
81.994323538 1862.59963202
82.5895633725 1862.59963202
83.184803207 1862.59963202
83.7800430415 1862.59963202
84.3752828759 1862.59963202
84.9705227104 1862.59963202
85.5657625449 1862.59963202
86.1610023793 1862.59963202
86.7562422138 1862.59963202
87.3514820483 1862.59963202
87.9467218828 1862.59963202
88.5419617172 1862.59963202
89.1372015517 1862.59963202
89.7324413862 1862.59963202
90.3276812207 1862.59963202
90.9229210551 1862.59963202
91.5181608896 1862.59963202
92.1134007241 1862.59963202
92.7086405585 1862.59963202
93.303880393 1862.59963202
93.8991202275 1862.59963202
94.494360062 1862.59963202
95.0895998964 1862.59963202
95.6848397309 1862.59963202
96.2800795654 1862.59963202
96.8753193999 1862.59963202
97.4705592343 1862.59963202
98.0657990688 1862.59963202
98.6610389033 1862.59963202
99.2562787377 1862.59963202
99.8515185722 1862.59963202
100.446758407 1862.59963202
101.041998241 1862.59963202
101.637238076 1862.59963202
102.23247791 1862.59963202
102.827717745 1862.59963202
103.422957579 1862.59963202
104.018197414 1862.59963202
104.613437248 1862.59963202
105.208677082 1862.59963202
105.803916917 1862.59963202
106.399156751 1862.59963202
106.994396586 1862.59963202
107.58963642 1862.59963202
108.184876255 1862.59963202
108.780116089 1862.59963202
109.375355924 1862.59963202
109.970595758 1862.59963202
110.565835593 1862.59963202
111.161075427 1862.59963202
111.756315262 1862.59963202
112.351555096 1862.59963202
112.946794931 1862.59963202
113.542034765 1862.59963202
114.1372746 1862.59963202
114.732514434 1862.59963202
115.327754269 1862.59963202
115.922994103 1862.59963202
116.518233937 1862.59963202
117.113473772 1862.59963202
117.708713606 1862.59963202
118.303953441 1862.59963202
118.899193275 1862.59963202
119.49443311 1862.59963202
120.089672944 1862.59963202
120.684912779 1862.59963202
121.280152613 1862.59963202
121.875392448 1862.59963202
122.470632282 1862.59963202
123.065872117 1862.59963202
123.661111951 1862.59963202
124.256351786 1862.59963202
124.85159162 1862.59963202
125.446831455 1862.59963202
126.042071289 1862.59963202
126.637311123 1862.59963202
127.232550958 1862.59963202
127.827790792 1862.59963202
128.423030627 1862.59963202
129.018270461 1862.59963202
129.613510296 1862.59963202
130.20875013 1862.59963202
130.803989965 1862.59963202
131.399229799 1862.59963202
131.994469634 1862.59963202
132.589709468 1862.59963202
133.184949303 1862.59963202
133.780189137 1862.59963202
134.375428972 1862.59963202
134.970668806 1862.59963202
135.565908641 1862.59963202
136.161148475 1862.59963202
136.75638831 1862.59963202
137.351628144 1862.59963202
137.946867978 1862.59963202
138.542107813 1862.59963202
139.137347647 1862.59963202
139.732587482 1862.59963202
140.327827316 1862.59963202
140.923067151 1862.59963202
141.518306985 1862.59963202
142.11354682 1862.59963202
142.708786654 1862.59963202
143.304026489 1862.59963202
143.899266323 1862.59963202
144.494506158 1862.59963202
145.089745992 1862.59963202
145.684985827 1862.59963202
146.280225661 1862.59963202
146.875465496 1862.59963202
147.47070533 1862.59963202
148.065945165 1862.59963202
148.661184999 1862.59963202
149.256424833 1862.59963202
149.851664668 1862.59963202
150.446904502 1862.59963202
151.042144337 1862.59963202
151.637384171 1862.59963202
152.232624006 1862.59963202
152.82786384 1862.59963202
153.423103675 1862.59963202
154.018343509 1862.59963202
154.613583344 1862.59963202
155.208823178 1862.59963202
155.804063013 1862.59963202
156.399302847 1862.59963202
156.994542682 1862.59963202
157.589782516 1862.59963202
158.185022351 1862.59963202
158.780262185 1862.59963202
159.375502019 1862.59963202
159.970741854 1862.59963202
160.565981688 1862.59963202
161.161221523 1862.59963202
161.756461357 1862.59963202
162.351701192 1862.59963202
162.946941026 1862.59963202
163.542180861 1862.59963202
164.137420695 1862.59963202
164.73266053 1862.59963202
165.327900364 1862.59963202
165.923140199 1862.59963202
166.518380033 1862.59963202
167.113619868 1862.59963202
167.708859702 1862.59963202
168.304099537 1862.59963202
168.899339371 1862.59963202
169.494579206 1862.59963202
170.08981904 1862.59963202
170.685058874 1862.59963202
171.280298709 1862.59963202
171.875538543 1862.59963202
172.470778378 1862.59963202
173.066018212 1862.59963202
173.661258047 1862.59963202
174.256497881 1862.59963202
174.851737716 1862.59963202
175.44697755 1862.59963202
176.042217385 1862.59963202
176.637457219 1862.59963202
177.232697054 1862.59963202
177.827936888 1862.59963202
178.423176723 1862.59963202
179.018416557 1862.59963202
179.613656392 1862.59963202
180.208896226 1862.59963202
180.80413606 1862.59963202
181.399375895 1862.59963202
181.994615729 1862.59963202
182.589855564 1862.59963202
183.185095398 1862.59963202
183.780335233 1862.59963202
184.375575067 1862.59963202
184.970814902 1862.59963202
185.566054736 1862.59963202
186.161294571 1862.59963202
186.756534405 1862.59963202
187.35177424 1862.59963202
187.947014074 1862.59963202
188.542253909 1862.59963202
189.137493743 1862.59963202
189.732733578 1862.59963202
190.327973412 1862.59963202
190.923213247 1862.59963202
191.518453081 1862.59963202
192.113692915 1862.59963202
192.70893275 1862.59963202
193.304172584 1862.59963202
193.899412419 1862.59963202
194.494652253 1862.59963202
195.089892088 1862.59963202
195.685131922 1862.59963202
196.280371757 1862.59963202
196.875611591 1862.59963202
197.470851426 1862.59963202
198.06609126 1862.59963202
198.661331095 1862.59963202
199.256570929 1862.59963202
199.851810764 1862.59963202
200.447050598 1862.59963202
201.042290433 1862.59963202
201.637530267 1862.59963202
202.232770102 1862.59963202
202.828009936 1862.59963202
203.42324977 1862.59963202
204.018489605 1862.59963202
204.613729439 1862.59963202
205.208969274 1862.59963202
205.804209108 1862.59963202
206.399448943 1862.59963202
206.994688777 1862.59963202
207.589928612 1862.59963202
208.185168446 1862.59963202
208.780408281 1862.59963202
209.375648115 1862.59963202
209.97088795 1862.59963202
210.566127784 1862.59963202
211.161367619 1862.59963202
211.756607453 1862.59963202
212.351847288 1862.59963202
212.947087122 1862.59963202
213.542326956 1862.59963202
214.137566791 1862.59963202
214.732806625 1862.59963202
215.32804646 1862.59963202
215.923286294 1862.59963202
216.518526129 1862.59963202
217.113765963 1862.59963202
217.709005798 1862.59963202
218.304245632 1862.59963202
218.899485467 1862.59963202
219.494725301 1862.59963202
220.089965136 1862.59963202
220.68520497 1862.59963202
221.280444805 1862.59963202
221.875684639 1862.59963202
222.470924474 1862.59963202
223.066164308 1862.59963202
223.661404143 1862.59963202
224.256643977 1862.59963202
224.851883811 1862.59963202
225.447123646 1862.59963202
226.04236348 1862.59963202
226.637603315 1862.59963202
227.232843149 1862.59963202
227.828082984 1862.59963202
228.423322818 1862.59963202
229.018562653 1862.59963202
229.613802487 1862.59963202
230.209042322 1862.59963202
230.804282156 1862.59963202
231.399521991 1862.59963202
231.994761825 1862.59963202
232.59000166 1862.59963202
233.185241494 1862.59963202
233.780481329 1862.59963202
234.375721163 1862.59963202
234.970960998 1862.59963202
235.566200832 1862.59963202
236.161440666 1862.59963202
236.756680501 1862.59963202
237.351920335 1862.59963202
237.94716017 1862.59963202
238.542400004 1862.59963202
239.137639839 1862.59963202
239.732879673 1862.59963202
240.328119508 1862.59963202
240.923359342 1862.59963202
241.518599177 1862.59963202
242.113839011 1862.59963202
242.709078846 1862.59963202
243.30431868 1862.59963202
243.899558515 1862.59963202
244.494798349 1862.59963202
245.090038184 1862.59963202
245.685278018 1862.59963202
246.280517852 1862.59963202
246.875757687 1862.59963202
247.470997521 1862.59963202
248.066237356 1862.59963202
248.66147719 1862.59963202
249.256717025 1862.59963202
249.851956859 1862.59963202
250.447196694 1862.59963202
251.042436528 1862.59963202
251.637676363 1862.59963202
252.232916197 1862.59963202
252.828156032 1862.59963202
253.423395866 1862.59963202
254.018635701 1862.59963202
254.613875535 1862.59963202
255.20911537 1862.59963202
255.804355204 1862.59963202
256.399595039 1862.59963202
256.994834873 1862.59963202
257.590074707 1862.59963202
258.185314542 1862.59963202
258.780554376 1862.59963202
259.375794211 1862.59963202
259.971034045 1862.59963202
260.56627388 1862.59963202
261.161513714 1862.59963202
261.756753549 1862.59963202
262.351993383 1862.59963202
262.947233218 1862.59963202
263.542473052 1862.59963202
264.137712887 1862.59963202
264.732952721 1862.59963202
265.328192556 1862.59963202
265.92343239 1862.59963202
266.518672225 1862.59963202
267.113912059 1862.59963202
267.709151894 1862.59963202
268.304391728 1862.59963202
268.899631562 1862.59963202
269.494871397 1862.59963202
270.090111231 1862.59963202
270.685351066 1862.59963202
271.2805909 1862.59963202
271.875830735 1862.59963202
272.471070569 1862.59963202
273.066310404 1862.59963202
273.661550238 1862.59963202
274.256790073 1862.59963202
274.852029907 1862.59963202
275.447269742 1862.59963202
276.042509576 1862.59963202
276.637749411 1862.59963202
277.232989245 1862.59963202
277.82822908 1862.59963202
278.423468914 1862.59963202
279.018708748 1862.59963202
279.613948583 1862.59963202
280.209188417 1862.59963202
280.804428252 1862.59963202
281.399668086 1862.59963202
281.994907921 1862.59963202
282.590147755 1862.59963202
283.18538759 1862.59963202
283.780627424 1862.59963202
284.375867259 1862.59963202
284.971107093 1862.59963202
285.566346928 1862.59963202
286.161586762 1862.59963202
286.756826597 1862.59963202
287.352066431 1862.59963202
287.947306266 1862.59963202
288.5425461 1862.59963202
289.137785935 1862.59963202
289.733025769 1862.59963202
290.328265603 1862.59963202
290.923505438 1862.59963202
291.518745272 1862.59963202
292.113985107 1862.59963202
292.709224941 1862.59963202
293.304464776 1862.59963202
293.89970461 1862.59963202
294.494944445 1862.59963202
295.090184279 1862.59963202
295.685424114 1862.59963202
296.280663948 1862.59963202
296.875903783 1862.59963202
297.471143617 1862.59963202
298.066383452 1862.59963202
298.661623286 1862.59963202
299.256863121 1862.59963202
299.852102955 1862.59963202
300.44734279 1862.59963202
301.042582624 1862.59963202
301.637822458 1862.59963202
302.233062293 1862.59963202
302.828302127 1862.59963202
303.423541962 1862.59963202
304.018781796 1862.59963202
304.614021631 1862.59963202
305.209261465 2297.63831221
305.8045013 2297.63831221
306.399741134 2297.63831221
306.994980969 2297.63831221
307.590220803 2297.63831221
308.185460638 2297.63831221
308.780700472 2297.63831221
309.375940307 2297.63831221
309.971180141 2297.63831221
310.566419976 2297.63831221
311.16165981 2297.63831221
311.756899644 2297.63831221
312.352139479 2297.63831221
312.947379313 2297.63831221
313.542619148 2297.63831221
314.137858982 2297.63831221
314.733098817 2297.63831221
315.328338651 2297.63831221
315.923578486 2297.63831221
316.51881832 2297.63831221
317.114058155 2297.63831221
317.709297989 2297.63831221
318.304537824 2297.63831221
318.899777658 2297.63831221
319.495017493 2297.63831221
320.090257327 2297.63831221
320.685497162 2297.63831221
321.280736996 2297.63831221
321.875976831 2297.63831221
322.471216665 2297.63831221
323.066456499 2297.63831221
323.661696334 2297.63831221
324.256936168 2297.63831221
324.852176003 2297.63831221
325.447415837 2297.63831221
326.042655672 2297.63831221
326.637895506 2297.63831221
327.233135341 2297.63831221
327.828375175 2297.63831221
328.42361501 2297.63831221
329.018854844 2297.63831221
329.614094679 2297.63831221
330.209334513 2297.63831221
330.804574348 2297.63831221
331.399814182 2297.63831221
331.995054017 2297.63831221
332.590293851 2297.63831221
333.185533685 2297.63831221
333.78077352 2297.63831221
334.376013354 2297.63831221
334.971253189 2297.63831221
335.566493023 2297.63831221
336.161732858 2297.63831221
336.756972692 2297.63831221
337.352212527 2297.63831221
337.947452361 2297.63831221
338.542692196 2297.63831221
339.13793203 2297.63831221
339.733171865 2297.63831221
340.328411699 2297.63831221
340.923651534 2297.63831221
341.518891368 2297.63831221
342.114131203 2297.63831221
342.709371037 2297.63831221
343.304610872 2297.63831221
343.899850706 2297.63831221
344.49509054 2297.63831221
345.090330375 2297.63831221
345.685570209 2297.63831221
346.280810044 2297.63831221
346.876049878 2297.63831221
347.471289713 2297.63831221
348.066529547 2297.63831221
348.661769382 2297.63831221
349.257009216 2297.63831221
349.852249051 2297.63831221
350.447488885 2297.63831221
351.04272872 2297.63831221
351.637968554 2297.63831221
352.233208389 2297.63831221
352.828448223 2297.63831221
353.423688058 2297.63831221
354.018927892 2297.63831221
354.614167727 2297.63831221
355.209407561 2297.63831221
355.804647395 2297.63831221
356.39988723 2297.63831221
356.995127064 2297.63831221
357.590366899 2297.63831221
358.185606733 2297.63831221
358.780846568 2297.63831221
359.376086402 2297.63831221
359.971326237 2297.63831221
360.566566071 2297.63831221
361.161805906 2297.63831221
361.75704574 2297.63831221
362.352285575 2297.63831221
362.947525409 2297.63831221
363.542765244 2297.63831221
364.138005078 2297.63831221
364.733244913 2297.63831221
365.328484747 2297.63831221
365.923724581 2297.63831221
366.518964416 2297.63831221
367.11420425 2297.63831221
367.709444085 2297.63831221
368.304683919 2297.63831221
368.899923754 2297.63831221
369.495163588 2297.63831221
370.090403423 2297.63831221
370.685643257 2297.63831221
371.280883092 2297.63831221
371.876122926 2297.63831221
372.471362761 2297.63831221
373.066602595 2297.63831221
373.66184243 2297.63831221
374.257082264 2297.63831221
374.852322099 2297.63831221
375.447561933 2297.63831221
376.042801768 2297.63831221
376.638041602 2297.63831221
377.233281436 2297.63831221
377.828521271 2297.63831221
378.423761105 2297.63831221
379.01900094 2297.63831221
379.614240774 2297.63831221
380.209480609 2297.63831221
380.804720443 2297.63831221
381.399960278 2297.63831221
381.995200112 2297.63831221
382.590439947 2297.63831221
383.185679781 2297.63831221
383.780919616 2297.63831221
384.37615945 2297.63831221
384.971399285 2297.63831221
385.566639119 2297.63831221
386.161878954 2297.63831221
386.757118788 2297.63831221
387.352358623 2297.63831221
387.947598457 2297.63831221
388.542838291 2297.63831221
389.138078126 2297.63831221
389.73331796 2297.63831221
390.328557795 2297.63831221
390.923797629 2297.63831221
391.519037464 2297.63831221
392.114277298 2297.63831221
392.709517133 2297.63831221
393.304756967 2297.63831221
393.899996802 2297.63831221
394.495236636 2297.63831221
395.090476471 2297.63831221
395.685716305 2297.63831221
396.28095614 2297.63831221
396.876195974 2297.63831221
397.471435809 2297.63831221
398.066675643 2297.63831221
398.661915477 2297.63831221
399.257155312 2297.63831221
399.852395146 2297.63831221
400.447634981 2297.63831221
401.042874815 2297.63831221
401.63811465 2297.63831221
402.233354484 2297.63831221
402.828594319 2297.63831221
403.423834153 2297.63831221
404.019073988 2297.63831221
404.614313822 2297.63831221
405.209553657 2297.63831221
405.804793491 2297.63831221
406.400033326 2297.63831221
406.99527316 2297.63831221
407.590512995 2297.63831221
408.185752829 2297.63831221
408.780992664 2297.63831221
409.376232498 2297.63831221
409.971472332 2297.63831221
410.566712167 2297.63831221
411.161952001 2297.63831221
411.757191836 2297.63831221
412.35243167 2297.63831221
412.947671505 2297.63831221
413.542911339 2297.63831221
414.138151174 2297.63831221
414.733391008 2297.63831221
415.328630843 2297.63831221
415.923870677 2297.63831221
416.519110512 2297.63831221
417.114350346 2297.63831221
417.709590181 2297.63831221
418.304830015 2297.63831221
418.90006985 2297.63831221
419.495309684 2297.63831221
420.090549519 2297.63831221
420.685789353 2297.63831221
421.281029187 2297.63831221
421.876269022 2297.63831221
422.471508856 2297.63831221
423.066748691 2297.63831221
423.661988525 2297.63831221
424.25722836 2297.63831221
424.852468194 2297.63831221
425.447708029 2297.63831221
426.042947863 2297.63831221
426.638187698 2297.63831221
427.233427532 2297.63831221
427.828667367 2297.63831221
428.423907201 2297.63831221
429.019147036 2297.63831221
429.61438687 2297.63831221
430.209626705 2297.63831221
430.804866539 2297.63831221
431.400106373 2297.63831221
431.995346208 2297.63831221
432.590586042 2297.63831221
433.185825877 2297.63831221
433.781065711 2297.63831221
434.376305546 2297.63831221
434.97154538 2297.63831221
435.566785215 2297.63831221
436.162025049 2297.63831221
436.757264884 2297.63831221
437.352504718 2297.63831221
437.947744553 2297.63831221
438.542984387 2297.63831221
439.138224222 2297.63831221
439.733464056 2297.63831221
440.328703891 2297.63831221
440.923943725 2297.63831221
441.51918356 2297.63831221
442.114423394 2297.63831221
442.709663228 2297.63831221
443.304903063 2297.63831221
443.900142897 2297.63831221
444.495382732 2297.63831221
445.090622566 2297.63831221
445.685862401 2297.63831221
446.281102235 2297.63831221
446.87634207 2297.63831221
447.471581904 2297.63831221
448.066821739 2297.63831221
448.662061573 2297.63831221
449.257301408 2297.63831221
449.852541242 2297.63831221
450.447781077 2297.63831221
451.043020911 2297.63831221
451.638260746 2297.63831221
452.23350058 2297.63831221
452.828740415 2297.63831221
453.423980249 2297.63831221
454.019220083 2297.63831221
454.614459918 2297.63831221
455.209699752 2297.63831221
455.804939587 2297.63831221
456.400179421 2297.63831221
456.995419256 2297.63831221
457.59065909 2186.69652383
458.185898925 2186.69652383
458.781138759 2186.69652383
459.376378594 2186.69652383
459.971618428 2186.69652383
460.566858263 2186.69652383
461.162098097 2186.69652383
461.757337932 2186.69652383
462.352577766 2186.69652383
462.947817601 2186.69652383
463.543057435 2186.69652383
464.138297269 2186.69652383
464.733537104 2186.69652383
465.328776938 2186.69652383
465.924016773 2186.69652383
466.519256607 2186.69652383
467.114496442 2186.69652383
467.709736276 2186.69652383
468.304976111 2186.69652383
468.900215945 2186.69652383
469.49545578 2186.69652383
470.090695614 2186.69652383
470.685935449 2186.69652383
471.281175283 2186.69652383
471.876415118 2186.69652383
472.471654952 2186.69652383
473.066894787 2186.69652383
473.662134621 2186.69652383
474.257374456 2186.69652383
474.85261429 2186.69652383
475.447854124 2186.69652383
476.043093959 2186.69652383
476.638333793 2186.69652383
477.233573628 2186.69652383
477.828813462 2186.69652383
478.424053297 2186.69652383
479.019293131 2186.69652383
479.614532966 2186.69652383
480.2097728 2186.69652383
480.805012635 2186.69652383
481.400252469 2186.69652383
481.995492304 2186.69652383
482.590732138 2186.69652383
483.185971973 2186.69652383
483.781211807 2186.69652383
484.376451642 2186.69652383
484.971691476 2186.69652383
485.56693131 2186.69652383
486.162171145 2186.69652383
486.757410979 2186.69652383
487.352650814 2186.69652383
487.947890648 2186.69652383
488.543130483 2186.69652383
489.138370317 2186.69652383
489.733610152 2186.69652383
490.328849986 2186.69652383
490.924089821 2186.69652383
491.519329655 2186.69652383
492.11456949 2186.69652383
492.709809324 2186.69652383
493.305049159 2186.69652383
493.900288993 2186.69652383
494.495528828 2186.69652383
495.090768662 2186.69652383
495.686008497 2186.69652383
496.281248331 2186.69652383
496.876488165 2186.69652383
497.471728 2186.69652383
498.066967834 2186.69652383
498.662207669 2186.69652383
499.257447503 2186.69652383
499.852687338 2186.69652383
500.447927172 2186.69652383
501.043167007 2186.69652383
501.638406841 2186.69652383
502.233646676 2186.69652383
502.82888651 2186.69652383
503.424126345 2186.69652383
504.019366179 2186.69652383
504.614606014 2186.69652383
505.209845848 2186.69652383
505.805085683 2186.69652383
506.400325517 2186.69652383
506.995565352 2186.69652383
507.590805186 2186.69652383
508.18604502 2186.69652383
508.781284855 2186.69652383
509.376524689 2186.69652383
509.971764524 2186.69652383
510.567004358 2186.69652383
511.162244193 2186.69652383
511.757484027 2186.69652383
512.352723862 2186.69652383
512.947963696 2186.69652383
513.543203531 2186.69652383
514.138443365 2186.69652383
514.7336832 2186.69652383
515.328923034 2186.69652383
515.924162869 2186.69652383
516.519402703 2186.69652383
517.114642538 2186.69652383
517.709882372 2186.69652383
518.305122206 2186.69652383
518.900362041 2186.69652383
519.495601875 2186.69652383
520.09084171 2186.69652383
520.686081544 2186.69652383
521.281321379 2186.69652383
521.876561213 2186.69652383
522.471801048 2186.69652383
523.067040882 2186.69652383
523.662280717 2186.69652383
524.257520551 2186.69652383
524.852760386 2186.69652383
525.44800022 2186.69652383
526.043240055 2186.69652383
526.638479889 2186.69652383
527.233719724 2186.69652383
527.828959558 2186.69652383
528.424199393 2186.69652383
529.019439227 2186.69652383
529.614679061 2186.69652383
530.209918896 2186.69652383
530.80515873 2186.69652383
531.400398565 2186.69652383
531.995638399 2186.69652383
532.590878234 2186.69652383
533.186118068 2186.69652383
533.781357903 2408.58010059
534.376597737 2408.58010059
534.971837572 2408.58010059
535.567077406 2408.58010059
536.162317241 2408.58010059
536.757557075 2408.58010059
537.35279691 2408.58010059
537.948036744 2408.58010059
538.543276579 2408.58010059
539.138516413 2408.58010059
539.733756248 2408.58010059
540.328996082 2408.58010059
540.924235916 2408.58010059
541.519475751 2408.58010059
542.114715585 2408.58010059
542.70995542 2408.58010059
543.305195254 2408.58010059
543.900435089 2408.58010059
544.495674923 2408.58010059
545.090914758 2408.58010059
545.686154592 2408.58010059
546.281394427 2408.58010059
546.876634261 2408.58010059
547.471874096 2408.58010059
548.06711393 2408.58010059
548.662353765 2408.58010059
549.257593599 2408.58010059
549.852833434 2408.58010059
550.448073268 2408.58010059
551.043313102 2408.58010059
551.638552937 2408.58010059
552.233792771 2408.58010059
552.829032606 2408.58010059
553.42427244 2408.58010059
554.019512275 2408.58010059
554.614752109 2408.58010059
555.209991944 2408.58010059
555.805231778 2408.58010059
556.400471613 2408.58010059
556.995711447 2408.58010059
557.590951282 2408.58010059
558.186191116 2408.58010059
558.781430951 2408.58010059
559.376670785 2408.58010059
559.97191062 2408.58010059
560.567150454 2408.58010059
561.162390289 2408.58010059
561.757630123 2408.58010059
562.352869957 2408.58010059
562.948109792 2408.58010059
563.543349626 2408.58010059
564.138589461 2408.58010059
564.733829295 2408.58010059
565.32906913 2408.58010059
565.924308964 2408.58010059
566.519548799 2408.58010059
567.114788633 2408.58010059
567.710028468 2408.58010059
568.305268302 2408.58010059
568.900508137 2408.58010059
569.495747971 2408.58010059
570.090987806 2408.58010059
570.68622764 2408.58010059
571.281467475 2408.58010059
571.876707309 2408.58010059
572.471947144 2408.58010059
573.067186978 2408.58010059
573.662426812 2408.58010059
574.257666647 2408.58010059
574.852906481 2408.58010059
575.448146316 2408.58010059
576.04338615 2408.58010059
576.638625985 2408.58010059
577.233865819 2408.58010059
577.829105654 2408.58010059
578.424345488 2408.58010059
579.019585323 2408.58010059
579.614825157 2408.58010059
580.210064992 2408.58010059
580.805304826 2408.58010059
581.400544661 2408.58010059
581.995784495 2408.58010059
582.59102433 2408.58010059
583.186264164 2408.58010059
583.781503998 2408.58010059
584.376743833 2408.58010059
584.971983667 2408.58010059
585.567223502 2408.58010059
586.162463336 2408.58010059
586.757703171 2408.58010059
587.352943005 2408.58010059
587.94818284 2408.58010059
588.543422674 2408.58010059
589.138662509 2408.58010059
589.733902343 2408.58010059
590.329142178 2408.58010059
590.924382012 2408.58010059
591.519621847 2408.58010059
592.114861681 2408.58010059
592.710101516 2408.58010059
593.30534135 2408.58010059
593.900581185 2408.58010059
594.495821019 2408.58010059
595.091060853 2408.58010059
595.686300688 2408.58010059
596.281540522 2408.58010059
596.876780357 2408.58010059
597.472020191 2408.58010059
598.067260026 2408.58010059
598.66249986 2408.58010059
599.257739695 2408.58010059
599.852979529 2408.58010059
600.448219364 2408.58010059
601.043459198 2408.58010059
601.638699033 2408.58010059
602.233938867 2408.58010059
602.829178702 2408.58010059
603.424418536 2408.58010059
604.019658371 2408.58010059
604.614898205 2408.58010059
605.21013804 2408.58010059
605.805377874 2408.58010059
606.400617708 2408.58010059
606.995857543 2408.58010059
607.591097377 2408.58010059
608.186337212 2408.58010059
608.781577046 2408.58010059
609.376816881 2408.58010059
609.972056715 2304.46174985
610.56729655 2304.46174985
611.162536384 2304.46174985
611.757776219 2304.46174985
612.353016053 2304.46174985
612.948255888 2304.46174985
613.543495722 2304.46174985
614.138735557 2304.46174985
614.733975391 2304.46174985
615.329215226 2304.46174985
615.92445506 2304.46174985
616.519694894 2304.46174985
617.114934729 2304.46174985
617.710174563 2304.46174985
618.305414398 2304.46174985
618.900654232 2304.46174985
619.495894067 2304.46174985
620.091133901 2304.46174985
620.686373736 2304.46174985
621.28161357 2304.46174985
621.876853405 2304.46174985
622.472093239 2304.46174985
623.067333074 2304.46174985
623.662572908 2304.46174985
624.257812743 2304.46174985
624.853052577 2304.46174985
625.448292412 2304.46174985
626.043532246 2304.46174985
626.638772081 2304.46174985
627.234011915 2304.46174985
627.829251749 2304.46174985
628.424491584 2304.46174985
629.019731418 2304.46174985
629.614971253 2304.46174985
630.210211087 2304.46174985
630.805450922 2304.46174985
631.400690756 2304.46174985
631.995930591 2304.46174985
632.591170425 2304.46174985
633.18641026 2304.46174985
633.781650094 2304.46174985
634.376889929 2304.46174985
634.972129763 2304.46174985
635.567369598 2304.46174985
636.162609432 2304.46174985
636.757849267 2304.46174985
637.353089101 2304.46174985
637.948328935 2304.46174985
638.54356877 1656.54791343
639.138808604 1656.54791343
639.734048439 1656.54791343
640.329288273 1656.54791343
640.924528108 1656.54791343
641.519767942 1656.54791343
642.115007777 1656.54791343
642.710247611 1656.54791343
643.305487446 2952.37558626
643.90072728 2952.37558626
644.495967115 2952.37558626
645.091206949 2952.37558626
645.686446784 2952.37558626
646.281686618 2952.37558626
646.876926453 2952.37558626
647.472166287 2952.37558626
648.067406122 2304.46174985
648.662645956 2304.46174985
649.25788579 2304.46174985
649.853125625 2304.46174985
650.448365459 2304.46174985
651.043605294 2304.46174985
651.638845128 2304.46174985
652.234084963 2304.46174985
652.829324797 2304.46174985
653.424564632 2304.46174985
654.019804466 2304.46174985
654.615044301 2304.46174985
655.210284135 2304.46174985
655.80552397 2304.46174985
656.400763804 2304.46174985
656.996003639 2304.46174985
657.591243473 2304.46174985
658.186483308 2304.46174985
658.781723142 2304.46174985
659.376962977 2304.46174985
659.972202811 2304.46174985
660.567442645 2304.46174985
661.16268248 2304.46174985
661.757922314 2304.46174985
662.353162149 2304.46174985
662.948401983 2304.46174985
663.543641818 2304.46174985
664.138881652 2304.46174985
664.734121487 2304.46174985
665.329361321 2304.46174985
665.924601156 2304.46174985
666.51984099 2304.46174985
667.115080825 2304.46174985
667.710320659 2304.46174985
668.305560494 2304.46174985
668.900800328 2304.46174985
669.496040163 2304.46174985
670.091279997 2304.46174985
670.686519831 2304.46174985
671.281759666 2304.46174985
671.8769995 2304.46174985
672.472239335 2304.46174985
673.067479169 2304.46174985
673.662719004 2304.46174985
674.257958838 2304.46174985
674.853198673 2304.46174985
675.448438507 2304.46174985
676.043678342 2304.46174985
676.638918176 2304.46174985
677.234158011 2304.46174985
677.829397845 2304.46174985
678.42463768 2304.46174985
679.019877514 2304.46174985
679.615117349 2304.46174985
680.210357183 2304.46174985
680.805597018 2304.46174985
681.400836852 2304.46174985
681.996076686 2304.46174985
682.591316521 2304.46174985
683.186556355 2304.46174985
683.78179619 2304.46174985
684.377036024 2304.46174985
684.972275859 2304.46174985
685.567515693 2304.46174985
686.162755528 2916.22224563
686.757995362 2916.22224563
687.353235197 2916.22224563
687.948475031 2916.22224563
688.543714866 2916.22224563
689.1389547 2916.22224563
689.734194535 2916.22224563
690.329434369 2916.22224563
690.924674204 2916.22224563
691.519914038 2916.22224563
692.115153873 2916.22224563
692.710393707 2916.22224563
693.305633541 2916.22224563
693.900873376 2916.22224563
694.49611321 2916.22224563
695.091353045 2916.22224563
695.686592879 2916.22224563
696.281832714 2916.22224563
696.877072548 2916.22224563
697.472312383 2916.22224563
698.067552217 2916.22224563
698.662792052 2916.22224563
699.258031886 2916.22224563
699.853271721 2916.22224563
700.448511555 2916.22224563
701.04375139 2916.22224563
701.638991224 2916.22224563
702.234231059 2916.22224563
702.829470893 2916.22224563
703.424710727 2916.22224563
704.019950562 2916.22224563
704.615190396 2916.22224563
705.210430231 2175.38386211
705.805670065 2175.38386211
706.4009099 2175.38386211
706.996149734 2175.38386211
707.591389569 2175.38386211
708.186629403 2175.38386211
708.781869238 2175.38386211
709.377109072 2175.38386211
709.972348907 2175.38386211
710.567588741 2175.38386211
711.162828576 2175.38386211
711.75806841 2175.38386211
712.353308245 2175.38386211
712.948548079 2175.38386211
713.543787914 2175.38386211
714.139027748 2175.38386211
714.734267582 2175.38386211
715.329507417 2175.38386211
715.924747251 2175.38386211
716.519987086 2175.38386211
717.11522692 2175.38386211
717.710466755 2175.38386211
718.305706589 2175.38386211
718.900946424 2175.38386211
719.496186258 2175.38386211
720.091426093 2175.38386211
720.686665927 2175.38386211
721.281905762 2175.38386211
721.877145596 2175.38386211
722.472385431 2175.38386211
723.067625265 2175.38386211
723.6628651 2175.38386211
724.258104934 2063.12044582
724.853344769 2063.12044582
725.448584603 2063.12044582
726.043824437 2063.12044582
726.639064272 2063.12044582
727.234304106 2063.12044582
727.829543941 2063.12044582
728.424783775 2063.12044582
729.02002361 2063.12044582
729.615263444 2063.12044582
730.210503279 2063.12044582
730.805743113 2063.12044582
731.400982948 2063.12044582
731.996222782 2063.12044582
732.591462617 2063.12044582
733.186702451 2063.12044582
733.781942286 2063.12044582
734.37718212 2063.12044582
734.972421955 2063.12044582
735.567661789 2063.12044582
736.162901623 2063.12044582
736.758141458 2063.12044582
737.353381292 2063.12044582
737.948621127 2063.12044582
738.543860961 2063.12044582
739.139100796 2063.12044582
739.73434063 2063.12044582
740.329580465 2063.12044582
740.924820299 2063.12044582
741.520060134 2063.12044582
742.115299968 2063.12044582
742.710539803 2063.12044582
743.305779637 2063.12044582
743.901019472 2063.12044582
744.496259306 2063.12044582
745.091499141 2063.12044582
745.686738975 2063.12044582
746.28197881 2063.12044582
746.877218644 2063.12044582
747.472458478 2063.12044582
748.067698313 2063.12044582
748.662938147 2063.12044582
749.258177982 2063.12044582
749.853417816 2063.12044582
750.448657651 2063.12044582
751.043897485 2063.12044582
751.63913732 2063.12044582
752.234377154 2063.12044582
752.829616989 2063.12044582
753.424856823 2063.12044582
754.020096658 2063.12044582
754.615336492 2063.12044582
755.210576327 2063.12044582
755.805816161 2063.12044582
756.401055996 2063.12044582
756.99629583 2063.12044582
757.591535665 2063.12044582
758.186775499 2063.12044582
758.782015333 2063.12044582
759.377255168 2063.12044582
759.972495002 2063.12044582
760.567734837 2063.12044582
761.162974671 2063.12044582
761.758214506 2063.12044582
762.35345434 2118.90536967
762.948694175 2118.90536967
763.543934009 2118.90536967
764.139173844 2118.90536967
764.734413678 2118.90536967
765.329653513 2118.90536967
765.924893347 2118.90536967
766.520133182 2118.90536967
767.115373016 2118.90536967
767.710612851 2118.90536967
768.305852685 2118.90536967
768.901092519 2118.90536967
769.496332354 2118.90536967
770.091572188 2118.90536967
770.686812023 2118.90536967
771.282051857 2118.90536967
771.877291692 2118.90536967
772.472531526 2118.90536967
773.067771361 2118.90536967
773.663011195 2118.90536967
774.25825103 2118.90536967
774.853490864 2118.90536967
775.448730699 2118.90536967
776.043970533 2118.90536967
776.639210368 2118.90536967
777.234450202 2118.90536967
777.829690037 2118.90536967
778.424929871 2118.90536967
779.020169706 2118.90536967
779.61540954 2118.90536967
780.210649374 2118.90536967
780.805889209 2118.90536967
781.401129043 2118.90536967
781.996368878 2118.90536967
782.591608712 2118.90536967
783.186848547 2118.90536967
783.782088381 2118.90536967
784.377328216 2118.90536967
784.97256805 2118.90536967
785.567807885 2118.90536967
786.163047719 2118.90536967
786.758287554 2118.90536967
787.353527388 2118.90536967
787.948767223 2118.90536967
788.544007057 2118.90536967
789.139246892 2118.90536967
789.734486726 2118.90536967
790.32972656 2118.90536967
790.924966395 2118.90536967
791.520206229 2118.90536967
792.115446064 2118.90536967
792.710685898 2118.90536967
793.305925733 2118.90536967
793.901165567 2118.90536967
794.496405402 2118.90536967
795.091645236 2118.90536967
795.686885071 2118.90536967
796.282124905 2118.90536967
796.87736474 2118.90536967
797.472604574 2118.90536967
798.067844409 2118.90536967
798.663084243 2118.90536967
799.258324078 2118.90536967
799.853563912 2118.90536967
800.448803747 2863.71046688
801.044043581 2863.71046688
801.639283415 2863.71046688
802.23452325 2863.71046688
802.829763084 2863.71046688
803.425002919 2863.71046688
804.020242753 2863.71046688
804.615482588 2863.71046688
805.210722422 2863.71046688
805.805962257 2863.71046688
806.401202091 2863.71046688
806.996441926 2863.71046688
807.59168176 2863.71046688
808.186921595 2863.71046688
808.782161429 2863.71046688
809.377401264 2863.71046688
809.972641098 2863.71046688
810.567880933 2863.71046688
811.163120767 2863.71046688
811.758360602 2863.71046688
812.353600436 2863.71046688
812.94884027 2863.71046688
813.544080105 2863.71046688
814.139319939 2863.71046688
814.734559774 2863.71046688
815.329799608 2863.71046688
815.925039443 2863.71046688
816.520279277 2863.71046688
817.115519112 2863.71046688
817.710758946 2863.71046688
818.305998781 2863.71046688
818.901238615 2863.71046688
819.49647845 2863.71046688
820.091718284 2863.71046688
820.686958119 2863.71046688
821.282197953 2863.71046688
821.877437788 2863.71046688
822.472677622 2863.71046688
823.067917456 2863.71046688
823.663157291 2863.71046688
824.258397125 2863.71046688
824.85363696 2863.71046688
825.448876794 2863.71046688
826.044116629 2863.71046688
826.639356463 2863.71046688
827.234596298 2863.71046688
827.829836132 2863.71046688
828.425075967 2863.71046688
829.020315801 2863.71046688
829.615555636 2863.71046688
830.21079547 2863.71046688
830.806035305 2863.71046688
831.401275139 2863.71046688
831.996514974 2863.71046688
832.591754808 2863.71046688
833.186994643 2863.71046688
833.782234477 2863.71046688
834.377474311 2863.71046688
834.972714146 2863.71046688
835.56795398 2863.71046688
836.163193815 2863.71046688
836.758433649 2863.71046688
837.353673484 2863.71046688
837.948913318 2863.71046688
838.544153153 2117.61558141
839.139392987 2117.61558141
839.734632822 2117.61558141
840.329872656 2117.61558141
840.925112491 2117.61558141
841.520352325 2117.61558141
842.11559216 2117.61558141
842.710831994 2117.61558141
843.306071829 2117.61558141
843.901311663 2117.61558141
844.496551498 2117.61558141
845.091791332 2117.61558141
845.687031166 2117.61558141
846.282271001 2117.61558141
846.877510835 2117.61558141
847.47275067 2117.61558141
848.067990504 2117.61558141
848.663230339 2117.61558141
849.258470173 2117.61558141
849.853710008 2117.61558141
850.448949842 2117.61558141
851.044189677 2117.61558141
851.639429511 2117.61558141
852.234669346 2117.61558141
852.82990918 2117.61558141
853.425149015 2117.61558141
854.020388849 2117.61558141
854.615628684 2117.61558141
855.210868518 2117.61558141
855.806108352 2117.61558141
856.401348187 2117.61558141
856.996588021 2117.61558141
857.591827856 2117.61558141
858.18706769 2117.61558141
858.782307525 2117.61558141
859.377547359 2117.61558141
859.972787194 2117.61558141
860.568027028 2117.61558141
861.163266863 2117.61558141
861.758506697 2117.61558141
862.353746532 2117.61558141
862.948986366 2117.61558141
863.544226201 2117.61558141
864.139466035 2117.61558141
864.73470587 2117.61558141
865.329945704 2117.61558141
865.925185539 2117.61558141
866.520425373 2117.61558141
867.115665207 2117.61558141
867.710905042 2117.61558141
868.306144876 2117.61558141
868.901384711 2117.61558141
869.496624545 2117.61558141
870.09186438 2117.61558141
870.687104214 2117.61558141
871.282344049 2117.61558141
871.877583883 2117.61558141
872.472823718 2117.61558141
873.068063552 2117.61558141
873.663303387 2117.61558141
874.258543221 2117.61558141
874.853783056 2117.61558141
875.44902289 2117.61558141
876.044262725 2117.61558141
876.639502559 2117.61558141
877.234742394 2117.61558141
877.829982228 2117.61558141
878.425222062 2117.61558141
879.020461897 2117.61558141
879.615701731 2117.61558141
880.210941566 2117.61558141
880.8061814 2117.61558141
881.401421235 2117.61558141
881.996661069 2117.61558141
882.591900904 2117.61558141
883.187140738 2117.61558141
883.782380573 2117.61558141
884.377620407 2117.61558141
884.972860242 2117.61558141
885.568100076 2117.61558141
886.163339911 2117.61558141
886.758579745 2117.61558141
887.35381958 2117.61558141
887.949059414 2117.61558141
888.544299248 2117.61558141
889.139539083 2117.61558141
889.734778917 2117.61558141
890.330018752 2117.61558141
890.925258586 2117.61558141
891.520498421 2117.61558141
892.115738255 2117.61558141
892.71097809 2117.61558141
893.306217924 2117.61558141
893.901457759 2117.61558141
894.496697593 2117.61558141
895.091937428 2117.61558141
895.687177262 2117.61558141
896.282417097 2117.61558141
896.877656931 2117.61558141
897.472896766 2117.61558141
898.0681366 2117.61558141
898.663376435 2117.61558141
899.258616269 2117.61558141
899.853856103 2117.61558141
900.449095938 2117.61558141
901.044335772 2117.61558141
901.639575607 2117.61558141
902.234815441 2117.61558141
902.830055276 2117.61558141
903.42529511 2117.61558141
904.020534945 2117.61558141
904.615774779 2117.61558141
905.211014614 2117.61558141
905.806254448 2117.61558141
906.401494283 2117.61558141
906.996734117 2117.61558141
907.591973952 2117.61558141
908.187213786 2117.61558141
908.782453621 2117.61558141
909.377693455 2117.61558141
909.97293329 2117.61558141
910.568173124 2117.61558141
911.163412958 2117.61558141
911.758652793 2117.61558141
912.353892627 2117.61558141
912.949132462 2117.61558141
913.544372296 2117.61558141
914.139612131 2117.61558141
914.734851965 2665.47588417
915.3300918 2665.47588417
915.925331634 2665.47588417
916.520571469 2665.47588417
917.115811303 2665.47588417
917.711051138 2665.47588417
918.306290972 2665.47588417
918.901530807 2665.47588417
919.496770641 2665.47588417
920.092010476 2665.47588417
920.68725031 2665.47588417
921.282490144 2665.47588417
921.877729979 2665.47588417
922.472969813 2665.47588417
923.068209648 2665.47588417
923.663449482 2665.47588417
924.258689317 2665.47588417
924.853929151 2665.47588417
925.449168986 2665.47588417
926.04440882 2665.47588417
926.639648655 2665.47588417
927.234888489 2665.47588417
927.830128324 2665.47588417
928.425368158 2665.47588417
929.020607993 2665.47588417
929.615847827 2665.47588417
930.211087662 2665.47588417
930.806327496 2665.47588417
931.401567331 2665.47588417
931.996807165 2665.47588417
932.592046999 2665.47588417
933.187286834 2665.47588417
933.782526668 2665.47588417
934.377766503 2665.47588417
934.973006337 2665.47588417
935.568246172 2665.47588417
936.163486006 2665.47588417
936.758725841 2665.47588417
937.353965675 2665.47588417
937.94920551 2665.47588417
938.544445344 2665.47588417
939.139685179 2665.47588417
939.734925013 2665.47588417
940.330164848 2665.47588417
940.925404682 2665.47588417
941.520644517 2665.47588417
942.115884351 2665.47588417
942.711124185 2665.47588417
943.30636402 2665.47588417
943.901603854 2665.47588417
944.496843689 2665.47588417
945.092083523 2665.47588417
945.687323358 2665.47588417
946.282563192 2665.47588417
946.877803027 2665.47588417
947.473042861 2665.47588417
948.068282696 2665.47588417
948.66352253 2665.47588417
949.258762365 2665.47588417
949.854002199 2665.47588417
950.449242034 2665.47588417
951.044481868 2665.47588417
951.639721703 2665.47588417
952.234961537 2665.47588417
952.830201372 2665.47588417
953.425441206 2665.47588417
954.02068104 2665.47588417
954.615920875 2665.47588417
955.211160709 2665.47588417
955.806400544 2665.47588417
956.401640378 2665.47588417
956.996880213 2665.47588417
957.592120047 2665.47588417
958.187359882 2665.47588417
958.782599716 2665.47588417
959.377839551 2665.47588417
959.973079385 2665.47588417
960.56831922 2665.47588417
961.163559054 2665.47588417
961.758798889 2665.47588417
962.354038723 2665.47588417
962.949278558 2665.47588417
963.544518392 2665.47588417
964.139758227 2665.47588417
964.734998061 2665.47588417
965.330237895 2665.47588417
965.92547773 2665.47588417
966.520717564 2665.47588417
967.115957399 2665.47588417
967.711197233 2665.47588417
968.306437068 2665.47588417
968.901676902 2665.47588417
969.496916737 2665.47588417
970.092156571 2665.47588417
970.687396406 2665.47588417
971.28263624 2665.47588417
971.877876075 2665.47588417
972.473115909 2665.47588417
973.068355744 2665.47588417
973.663595578 2665.47588417
974.258835413 2665.47588417
974.854075247 2665.47588417
975.449315081 2665.47588417
976.044554916 2665.47588417
976.63979475 2665.47588417
977.235034585 2665.47588417
977.830274419 2665.47588417
978.425514254 2665.47588417
979.020754088 2665.47588417
979.615993923 2665.47588417
980.211233757 2665.47588417
980.806473592 2665.47588417
981.401713426 2665.47588417
981.996953261 2665.47588417
982.592193095 2665.47588417
983.18743293 2665.47588417
983.782672764 2665.47588417
984.377912599 2665.47588417
984.973152433 2665.47588417
985.568392268 2665.47588417
986.163632102 2665.47588417
986.758871936 2665.47588417
987.354111771 2665.47588417
987.949351605 2665.47588417
988.54459144 2665.47588417
989.139831274 2665.47588417
989.735071109 2665.47588417
990.330310943 2665.47588417
990.925550778 2665.47588417
991.520790612 2665.47588417
992.116030447 2665.47588417
992.711270281 2665.47588417
993.306510116 2665.47588417
993.90174995 2665.47588417
994.496989785 2665.47588417
995.092229619 2665.47588417
995.687469454 2665.47588417
996.282709288 2665.47588417
996.877949123 2665.47588417
997.473188957 2665.47588417
998.068428791 2665.47588417
998.663668626 2665.47588417
999.25890846 2665.47588417
999.854148295 2665.47588417
1000.44938813 2665.47588417
1001.04462796 2665.47588417
1001.6398678 2665.47588417
1002.23510763 2665.47588417
1002.83034747 2665.47588417
1003.4255873 2665.47588417
1004.02082714 2665.47588417
1004.61606697 2665.47588417
1005.21130681 2665.47588417
1005.80654664 2665.47588417
1006.40178647 2665.47588417
1006.99702631 2665.47588417
1007.59226614 2665.47588417
1008.18750598 2665.47588417
1008.78274581 2665.47588417
1009.37798565 2665.47588417
1009.97322548 2665.47588417
1010.56846532 2665.47588417
1011.16370515 2665.47588417
1011.75894498 2665.47588417
1012.35418482 2665.47588417
1012.94942465 2665.47588417
1013.54466449 2665.47588417
1014.13990432 2665.47588417
1014.73514416 2665.47588417
1015.33038399 2665.47588417
1015.92562383 2665.47588417
1016.52086366 2665.47588417
1017.11610349 2665.47588417
1017.71134333 2665.47588417
1018.30658316 2665.47588417
1018.901823 2665.47588417
1019.49706283 2665.47588417
1020.09230267 2665.47588417
1020.6875425 2665.47588417
1021.28278234 2665.47588417
1021.87802217 2665.47588417
1022.473262 2665.47588417
1023.06850184 2665.47588417
1023.66374167 2665.47588417
1024.25898151 2665.47588417
1024.85422134 2665.47588417
1025.44946118 2665.47588417
1026.04470101 2665.47588417
1026.63994085 2665.47588417
1027.23518068 2665.47588417
1027.83042052 2665.47588417
1028.42566035 2665.47588417
1029.02090018 2665.47588417
1029.61614002 2665.47588417
1030.21137985 2665.47588417
1030.80661969 2665.47588417
1031.40185952 2665.47588417
1031.99709936 2665.47588417
1032.59233919 2665.47588417
1033.18757903 2665.47588417
1033.78281886 2665.47588417
1034.37805869 2665.47588417
1034.97329853 2665.47588417
1035.56853836 2665.47588417
1036.1637782 2665.47588417
1036.75901803 2665.47588417
1037.35425787 2665.47588417
1037.9494977 2665.47588417
1038.54473754 2665.47588417
1039.13997737 2665.47588417
1039.7352172 2665.47588417
1040.33045704 2665.47588417
1040.92569687 2665.47588417
1041.52093671 2665.47588417
1042.11617654 2665.47588417
1042.71141638 2665.47588417
1043.30665621 2665.47588417
1043.90189605 2665.47588417
1044.49713588 2665.47588417
1045.09237571 2665.47588417
1045.68761555 2665.47588417
1046.28285538 2665.47588417
1046.87809522 2665.47588417
1047.47333505 2665.47588417
1048.06857489 2665.47588417
1048.66381472 2665.47588417
1049.25905456 2665.47588417
1049.85429439 2665.47588417
1050.44953423 2665.47588417
1051.04477406 2665.47588417
1051.64001389 2665.47588417
1052.23525373 2665.47588417
1052.83049356 2665.47588417
1053.4257334 2665.47588417
1054.02097323 2665.47588417
1054.61621307 2665.47588417
1055.2114529 2665.47588417
1055.80669274 2665.47588417
1056.40193257 2665.47588417
1056.9971724 2665.47588417
1057.59241224 2665.47588417
1058.18765207 2665.47588417
1058.78289191 2665.47588417
1059.37813174 2665.47588417
1059.97337158 2665.47588417
1060.56861141 2665.47588417
1061.16385125 2665.47588417
1061.75909108 2665.47588417
1062.35433091 2665.47588417
1062.94957075 2665.47588417
1063.54481058 2665.47588417
1064.14005042 2665.47588417
1064.73529025 2665.47588417
1065.33053009 2665.47588417
1065.92576992 2665.47588417
1066.52100976 2665.47588417
1067.11624959 2665.47588417
1067.71148942 2665.47588417
1068.30672926 2665.47588417
1068.90196909 2665.47588417
1069.49720893 2665.47588417
1070.09244876 2665.47588417
1070.6876886 2665.47588417
1071.28292843 2665.47588417
1071.87816827 2665.47588417
1072.4734081 2665.47588417
1073.06864794 2665.47588417
1073.66388777 2665.47588417
1074.2591276 2665.47588417
1074.85436744 2665.47588417
1075.44960727 2665.47588417
1076.04484711 2665.47588417
1076.64008694 2665.47588417
1077.23532678 2665.47588417
1077.83056661 2665.47588417
1078.42580645 2665.47588417
1079.02104628 2665.47588417
1079.61628611 2665.47588417
1080.21152595 2665.47588417
1080.80676578 2665.47588417
1081.40200562 2665.47588417
1081.99724545 2665.47588417
1082.59248529 2665.47588417
1083.18772512 2665.47588417
1083.78296496 2665.47588417
1084.37820479 2665.47588417
1084.97344462 2665.47588417
1085.56868446 2665.47588417
1086.16392429 2665.47588417
1086.75916413 2665.47588417
1087.35440396 2665.47588417
1087.9496438 2665.47588417
1088.54488363 2665.47588417
1089.14012347 2665.47588417
1089.7353633 2665.47588417
1090.33060313 2665.47588417
1090.92584297 2665.47588417
1091.5210828 2665.47588417
1092.11632264 2665.47588417
1092.71156247 2665.47588417
1093.30680231 2665.47588417
1093.90204214 2665.47588417
1094.49728198 2665.47588417
1095.09252181 2665.47588417
1095.68776164 2665.47588417
1096.28300148 2665.47588417
1096.87824131 2665.47588417
1097.47348115 2665.47588417
1098.06872098 2665.47588417
1098.66396082 2665.47588417
1099.25920065 2665.47588417
1099.85444049 2665.47588417
1100.44968032 2665.47588417
1101.04492016 2665.47588417
1101.64015999 2665.47588417
1102.23539982 2665.47588417
1102.83063966 2665.47588417
1103.42587949 2665.47588417
1104.02111933 2665.47588417
1104.61635916 2665.47588417
1105.211599 2665.47588417
1105.80683883 2665.47588417
1106.40207867 2665.47588417
1106.9973185 2665.47588417
1107.59255833 2665.47588417
1108.18779817 2665.47588417
1108.783038 2665.47588417
1109.37827784 2665.47588417
1109.97351767 2665.47588417
1110.56875751 2665.47588417
1111.16399734 2665.47588417
1111.75923718 2665.47588417
1112.35447701 2665.47588417
1112.94971684 2665.47588417
1113.54495668 2665.47588417
1114.14019651 2665.47588417
1114.73543635 2665.47588417
1115.33067618 2665.47588417
1115.92591602 2665.47588417
1116.52115585 2665.47588417
1117.11639569 2665.47588417
1117.71163552 2665.47588417
1118.30687535 2665.47588417
1118.90211519 2665.47588417
1119.49735502 2665.47588417
1120.09259486 2665.47588417
1120.68783469 2665.47588417
1121.28307453 2665.47588417
1121.87831436 2665.47588417
1122.4735542 2665.47588417
1123.06879403 2665.47588417
1123.66403387 2665.47588417
1124.2592737 2665.47588417
1124.85451353 2665.47588417
1125.44975337 2665.47588417
1126.0449932 2665.47588417
1126.64023304 2665.47588417
1127.23547287 2665.47588417
1127.83071271 2665.47588417
1128.42595254 2665.47588417
1129.02119238 2665.47588417
1129.61643221 2665.47588417
1130.21167204 2665.47588417
1130.80691188 2665.47588417
1131.40215171 2665.47588417
1131.99739155 2665.47588417
1132.59263138 2665.47588417
1133.18787122 2665.47588417
1133.78311105 2665.47588417
1134.37835089 2665.47588417
1134.97359072 2665.47588417
1135.56883055 2665.47588417
1136.16407039 2665.47588417
1136.75931022 2665.47588417
1137.35455006 2665.47588417
1137.94978989 2665.47588417
1138.54502973 2665.47588417
1139.14026956 2665.47588417
1139.7355094 2665.47588417
1140.33074923 2665.47588417
1140.92598906 2665.47588417
1141.5212289 2665.47588417
1142.11646873 2665.47588417
1142.71170857 2665.47588417
1143.3069484 2665.47588417
1143.90218824 2665.47588417
1144.49742807 2665.47588417
1145.09266791 2665.47588417
1145.68790774 2665.47588417
1146.28314758 2665.47588417
1146.87838741 2665.47588417
1147.47362724 2665.47588417
1148.06886708 2665.47588417
1148.66410691 2665.47588417
1149.25934675 2665.47588417
1149.85458658 2665.47588417
1150.44982642 2665.47588417
1151.04506625 2665.47588417
1151.64030609 2665.47588417
1152.23554592 2665.47588417
1152.83078575 2665.47588417
1153.42602559 2665.47588417
1154.02126542 2665.47588417
1154.61650526 2665.47588417
1155.21174509 2665.47588417
1155.80698493 2665.47588417
1156.40222476 2665.47588417
1156.9974646 2665.47588417
1157.59270443 2665.47588417
1158.18794426 2665.47588417
1158.7831841 2665.47588417
1159.37842393 2665.47588417
1159.97366377 2665.47588417
1160.5689036 2665.47588417
1161.16414344 2665.47588417
1161.75938327 2665.47588417
1162.35462311 2665.47588417
1162.94986294 2665.47588417
1163.54510277 2665.47588417
1164.14034261 2665.47588417
1164.73558244 2665.47588417
1165.33082228 2665.47588417
1165.92606211 2665.47588417
1166.52130195 2665.47588417
1167.11654178 2665.47588417
1167.71178162 2665.47588417
1168.30702145 2665.47588417
1168.90226129 2665.47588417
1169.49750112 2665.47588417
1170.09274095 2665.47588417
1170.68798079 2665.47588417
1171.28322062 2665.47588417
1171.87846046 2665.47588417
1172.47370029 2665.47588417
1173.06894013 2665.47588417
1173.66417996 2665.47588417
1174.2594198 2665.47588417
1174.85465963 2665.47588417
1175.44989946 2665.47588417
1176.0451393 2665.47588417
1176.64037913 2665.47588417
1177.23561897 2665.47588417
1177.8308588 2665.47588417
1178.42609864 2665.47588417
1179.02133847 2665.47588417
1179.61657831 2665.47588417
1180.21181814 2665.47588417
1180.80705797 2665.47588417
1181.40229781 2665.47588417
1181.99753764 2665.47588417
1182.59277748 2665.47588417
1183.18801731 2665.47588417
1183.78325715 2665.47588417
1184.37849698 2665.47588417
1184.97373682 2665.47588417
1185.56897665 2665.47588417
1186.16421648 2665.47588417
1186.75945632 2665.47588417
1187.35469615 2665.47588417
1187.94993599 2665.47588417
1188.54517582 2665.47588417
1189.14041566 2665.47588417
1189.73565549 2665.47588417
1190.33089533 2665.47588417
1190.92613516 2665.47588417
1191.521375 2665.47588417
1192.11661483 2665.47588417
1192.71185466 2665.47588417
1193.3070945 2665.47588417
1193.90233433 2665.47588417
1194.49757417 2665.47588417
1195.092814 2665.47588417
1195.68805384 2665.47588417
1196.28329367 2665.47588417
1196.87853351 2665.47588417
1197.47377334 2665.47588417
1198.06901317 2665.47588417
1198.66425301 2665.47588417
1199.25949284 2665.47588417
1199.85473268 2665.47588417
1200.44997251 2665.47588417
1201.04521235 2665.47588417
1201.64045218 2665.47588417
1202.23569202 2665.47588417
1202.83093185 2665.47588417
1203.42617168 2665.47588417
1204.02141152 2665.47588417
1204.61665135 2665.47588417
1205.21189119 2665.47588417
1205.80713102 2665.47588417
1206.40237086 2665.47588417
1206.99761069 2665.47588417
1207.59285053 2665.47588417
1208.18809036 2665.47588417
1208.78333019 2665.47588417
1209.37857003 2665.47588417
1209.97380986 2665.47588417
1210.5690497 2665.47588417
1211.16428953 2665.47588417
1211.75952937 2665.47588417
1212.3547692 2665.47588417
1212.95000904 2665.47588417
1213.54524887 2665.47588417
1214.14048871 2665.47588417
1214.73572854 2665.47588417
1215.33096837 2665.47588417
1215.92620821 2665.47588417
1216.52144804 2665.47588417
1217.11668788 2665.47588417
1217.71192771 2665.47588417
1218.30716755 2665.47588417
1218.90240738 2665.47588417
