0.446466215283 2343.49446236
1.04170604976 2343.49446236
1.63694588423 2343.49446236
2.2321857187 2343.49446236
2.82742555317 2343.49446236
3.42266538765 2343.49446236
4.01790522212 2343.49446236
4.61314505659 2343.49446236
5.20838489106 2343.49446236
5.80362472554 2343.49446236
6.39886456001 2343.49446236
6.99410439448 2343.49446236
7.58934422895 2343.49446236
8.18458406343 2343.49446236
8.7798238979 2343.49446236
9.37506373237 2343.49446236
9.97030356685 2343.49446236
10.5655434013 2343.49446236
11.1607832358 2343.49446236
11.7560230703 2343.49446236
12.3512629047 2343.49446236
12.9465027392 2343.49446236
13.5417425737 2343.49446236
14.1369824082 2343.49446236
14.7322222426 2343.49446236
15.3274620771 2343.49446236
15.9227019116 2343.49446236
16.517941746 2343.49446236
17.1131815805 2343.49446236
17.708421415 2343.49446236
18.3036612495 2343.49446236
18.8989010839 2343.49446236
19.4941409184 2343.49446236
20.0893807529 2343.49446236
20.6846205874 2343.49446236
21.2798604218 2343.49446236
21.8751002563 2343.49446236
22.4703400908 2343.49446236
23.0655799252 2343.49446236
23.6608197597 2343.49446236
24.2560595942 2343.49446236
24.8512994287 2343.49446236
25.4465392631 2343.49446236
26.0417790976 2343.49446236
26.6370189321 2343.49446236
27.2322587666 2343.49446236
27.827498601 2343.49446236
28.4227384355 2343.49446236
29.01797827 2343.49446236
29.6132181044 2343.49446236
30.2084579389 2343.49446236
30.8036977734 2343.49446236
31.3989376079 2343.49446236
31.9941774423 2343.49446236
32.5894172768 2343.49446236
33.1846571113 2343.49446236
33.7798969458 2343.49446236
34.3751367802 2343.49446236
34.9703766147 2343.49446236
35.5656164492 2343.49446236
36.1608562836 2343.49446236
36.7560961181 2343.49446236
37.3513359526 2343.49446236
37.9465757871 2343.49446236
38.5418156215 2343.49446236
39.137055456 2343.49446236
39.7322952905 2343.49446236
40.327535125 2343.49446236
40.9227749594 2343.49446236
41.5180147939 2343.49446236
42.1132546284 2343.49446236
42.7084944628 2343.49446236
43.3037342973 2343.49446236
43.8989741318 2343.49446236
44.4942139663 2343.49446236
45.0894538007 2343.49446236
45.6846936352 2343.49446236
46.2799334697 2343.49446236
46.8751733041 2343.49446236
47.4704131386 2343.49446236
48.0656529731 2343.49446236
48.6608928076 2343.49446236
49.256132642 2343.49446236
49.8513724765 2343.49446236
50.446612311 2343.49446236
51.0418521455 2343.49446236
51.6370919799 2343.49446236
52.2323318144 2343.49446236
52.8275716489 2343.49446236
53.4228114833 2343.49446236
54.0180513178 2343.49446236
54.6132911523 2343.49446236
55.2085309868 2343.49446236
55.8037708212 2343.49446236
56.3990106557 2343.49446236
56.9942504902 2343.49446236
57.5894903247 2343.49446236
58.1847301591 2343.49446236
58.7799699936 2343.49446236
59.3752098281 2343.49446236
59.9704496625 2343.49446236
60.565689497 2343.49446236
61.1609293315 2343.49446236
61.756169166 2343.49446236
62.3514090004 2343.49446236
62.9466488349 2343.49446236
63.5418886694 2343.49446236
64.1371285039 2343.49446236
64.7323683383 2343.49446236
65.3276081728 2343.49446236
65.9228480073 2343.49446236
66.5180878417 2343.49446236
67.1133276762 2343.49446236
67.7085675107 2343.49446236
68.3038073452 2343.49446236
68.8990471796 2343.49446236
69.4942870141 2343.49446236
70.0895268486 2343.49446236
70.6847666831 2343.49446236
71.2800065175 2343.49446236
71.875246352 2343.49446236
72.4704861865 2343.49446236
73.0657260209 2343.49446236
73.6609658554 2343.49446236
74.2562056899 2343.49446236
74.8514455244 2343.49446236
75.4466853588 2343.49446236
76.0419251933 2343.49446236
76.6371650278 2343.49446236
77.2324048623 2343.49446236
77.8276446967 2343.49446236
78.4228845312 2343.49446236
79.0181243657 2343.49446236
79.6133642001 2343.49446236
80.2086040346 2343.49446236
80.8038438691 2343.49446236
81.3990837036 2343.49446236
81.994323538 2343.49446236
82.5895633725 2343.49446236
83.184803207 2343.49446236
83.7800430415 2343.49446236
84.3752828759 2343.49446236
84.9705227104 2343.49446236
85.5657625449 2343.49446236
86.1610023793 2343.49446236
86.7562422138 2343.49446236
87.3514820483 2343.49446236
87.9467218828 2343.49446236
88.5419617172 2343.49446236
89.1372015517 2343.49446236
89.7324413862 2343.49446236
90.3276812207 2343.49446236
90.9229210551 2343.49446236
91.5181608896 2343.49446236
92.1134007241 2343.49446236
92.7086405585 2343.49446236
93.303880393 2343.49446236
93.8991202275 2343.49446236
94.494360062 2343.49446236
95.0895998964 2343.49446236
95.6848397309 2343.49446236
96.2800795654 2343.49446236
96.8753193999 2343.49446236
97.4705592343 2343.49446236
98.0657990688 2343.49446236
98.6610389033 2343.49446236
99.2562787377 2343.49446236
99.8515185722 2343.49446236
100.446758407 2343.49446236
101.041998241 2343.49446236
101.637238076 2343.49446236
102.23247791 2343.49446236
102.827717745 2343.49446236
103.422957579 2343.49446236
104.018197414 2343.49446236
104.613437248 2343.49446236
105.208677082 2343.49446236
105.803916917 2343.49446236
106.399156751 2343.49446236
106.994396586 2343.49446236
107.58963642 2343.49446236
108.184876255 2343.49446236
108.780116089 2343.49446236
109.375355924 2343.49446236
109.970595758 2343.49446236
110.565835593 2343.49446236
111.161075427 2343.49446236
111.756315262 2343.49446236
112.351555096 2343.49446236
112.946794931 2343.49446236
113.542034765 2343.49446236
114.1372746 2343.49446236
114.732514434 2343.49446236
115.327754269 2343.49446236
115.922994103 2343.49446236
116.518233937 2343.49446236
117.113473772 2343.49446236
117.708713606 2343.49446236
118.303953441 2343.49446236
118.899193275 2343.49446236
119.49443311 2343.49446236
120.089672944 2343.49446236
120.684912779 2343.49446236
121.280152613 2343.49446236
121.875392448 2343.49446236
122.470632282 2343.49446236
123.065872117 2343.49446236
123.661111951 2343.49446236
124.256351786 2343.49446236
124.85159162 2343.49446236
125.446831455 2343.49446236
126.042071289 2343.49446236
126.637311123 2343.49446236
127.232550958 2343.49446236
127.827790792 2343.49446236
128.423030627 2343.49446236
129.018270461 2343.49446236
129.613510296 2343.49446236
130.20875013 2343.49446236
130.803989965 2343.49446236
131.399229799 2343.49446236
131.994469634 2343.49446236
132.589709468 2343.49446236
133.184949303 2343.49446236
133.780189137 2343.49446236
134.375428972 2343.49446236
134.970668806 2343.49446236
135.565908641 2343.49446236
136.161148475 2343.49446236
136.75638831 2343.49446236
137.351628144 2343.49446236
137.946867978 2343.49446236
138.542107813 2343.49446236
139.137347647 2343.49446236
139.732587482 2343.49446236
140.327827316 2343.49446236
140.923067151 2343.49446236
141.518306985 2343.49446236
142.11354682 2343.49446236
142.708786654 2343.49446236
143.304026489 2343.49446236
143.899266323 2343.49446236
144.494506158 2343.49446236
145.089745992 2343.49446236
145.684985827 2343.49446236
146.280225661 2343.49446236
146.875465496 2343.49446236
147.47070533 2343.49446236
148.065945165 2343.49446236
148.661184999 2343.49446236
149.256424833 2343.49446236
149.851664668 2343.49446236
150.446904502 2343.49446236
151.042144337 2343.49446236
151.637384171 2343.49446236
152.232624006 2343.49446236
152.82786384 2343.49446236
153.423103675 2343.49446236
154.018343509 2343.49446236
154.613583344 2343.49446236
155.208823178 2343.49446236
155.804063013 2343.49446236
156.399302847 2343.49446236
156.994542682 2343.49446236
157.589782516 2343.49446236
158.185022351 2343.49446236
158.780262185 2343.49446236
159.375502019 2343.49446236
159.970741854 2343.49446236
160.565981688 2343.49446236
161.161221523 2343.49446236
161.756461357 2343.49446236
162.351701192 2343.49446236
162.946941026 2343.49446236
163.542180861 2343.49446236
164.137420695 2343.49446236
164.73266053 2343.49446236
165.327900364 2343.49446236
165.923140199 2343.49446236
166.518380033 2343.49446236
167.113619868 2343.49446236
167.708859702 2343.49446236
168.304099537 2343.49446236
168.899339371 2343.49446236
169.494579206 2343.49446236
170.08981904 2343.49446236
170.685058874 2343.49446236
171.280298709 2343.49446236
171.875538543 2343.49446236
172.470778378 2343.49446236
173.066018212 2343.49446236
173.661258047 2343.49446236
174.256497881 2343.49446236
174.851737716 2343.49446236
175.44697755 2343.49446236
176.042217385 2343.49446236
176.637457219 2343.49446236
177.232697054 2343.49446236
177.827936888 2343.49446236
178.423176723 2343.49446236
179.018416557 2343.49446236
179.613656392 2343.49446236
180.208896226 2343.49446236
180.80413606 2343.49446236
181.399375895 2343.49446236
181.994615729 2343.49446236
182.589855564 2343.49446236
183.185095398 2343.49446236
183.780335233 2343.49446236
184.375575067 2343.49446236
184.970814902 2343.49446236
185.566054736 2343.49446236
186.161294571 2343.49446236
186.756534405 2343.49446236
187.35177424 2343.49446236
187.947014074 2343.49446236
188.542253909 2343.49446236
189.137493743 2343.49446236
189.732733578 2343.49446236
190.327973412 2343.49446236
190.923213247 2343.49446236
191.518453081 2343.49446236
192.113692915 2343.49446236
192.70893275 2343.49446236
193.304172584 2343.49446236
193.899412419 2343.49446236
194.494652253 2343.49446236
195.089892088 2343.49446236
195.685131922 2343.49446236
196.280371757 2343.49446236
196.875611591 2343.49446236
197.470851426 2343.49446236
198.06609126 2343.49446236
198.661331095 2343.49446236
199.256570929 2343.49446236
199.851810764 2343.49446236
200.447050598 2343.49446236
201.042290433 2343.49446236
201.637530267 2343.49446236
202.232770102 2343.49446236
202.828009936 2343.49446236
203.42324977 2343.49446236
204.018489605 2343.49446236
204.613729439 2343.49446236
205.208969274 2343.49446236
205.804209108 2343.49446236
206.399448943 2343.49446236
206.994688777 2343.49446236
207.589928612 2343.49446236
208.185168446 2343.49446236
208.780408281 2343.49446236
209.375648115 2343.49446236
209.97088795 2343.49446236
210.566127784 2343.49446236
211.161367619 2343.49446236
211.756607453 2343.49446236
212.351847288 2343.49446236
212.947087122 2343.49446236
213.542326956 2343.49446236
214.137566791 2343.49446236
214.732806625 2343.49446236
215.32804646 2343.49446236
215.923286294 2343.49446236
216.518526129 2343.49446236
217.113765963 2343.49446236
217.709005798 2343.49446236
218.304245632 2343.49446236
218.899485467 2343.49446236
219.494725301 2343.49446236
220.089965136 2343.49446236
220.68520497 2343.49446236
221.280444805 2343.49446236
221.875684639 2343.49446236
222.470924474 2343.49446236
223.066164308 2343.49446236
223.661404143 2343.49446236
224.256643977 2343.49446236
224.851883811 2343.49446236
225.447123646 2343.49446236
226.04236348 2343.49446236
226.637603315 2343.49446236
227.232843149 2343.49446236
227.828082984 2343.49446236
228.423322818 2343.49446236
229.018562653 2343.49446236
229.613802487 2343.49446236
230.209042322 2343.49446236
230.804282156 2343.49446236
231.399521991 2343.49446236
231.994761825 2343.49446236
232.59000166 2343.49446236
233.185241494 2343.49446236
233.780481329 2343.49446236
234.375721163 2343.49446236
234.970960998 2343.49446236
235.566200832 2343.49446236
236.161440666 2343.49446236
236.756680501 2343.49446236
237.351920335 2343.49446236
237.94716017 2343.49446236
238.542400004 2343.49446236
239.137639839 2343.49446236
239.732879673 2343.49446236
240.328119508 2343.49446236
240.923359342 2343.49446236
241.518599177 2343.49446236
242.113839011 2343.49446236
242.709078846 2343.49446236
243.30431868 2343.49446236
243.899558515 2343.49446236
244.494798349 2343.49446236
245.090038184 2343.49446236
245.685278018 2343.49446236
246.280517852 2343.49446236
246.875757687 2343.49446236
247.470997521 2343.49446236
248.066237356 2343.49446236
248.66147719 2343.49446236
249.256717025 2343.49446236
249.851956859 2343.49446236
250.447196694 2343.49446236
251.042436528 2343.49446236
251.637676363 2343.49446236
252.232916197 2343.49446236
252.828156032 2343.49446236
253.423395866 2343.49446236
254.018635701 2343.49446236
254.613875535 2343.49446236
255.20911537 2343.49446236
255.804355204 2343.49446236
256.399595039 2343.49446236
256.994834873 2343.49446236
257.590074707 2343.49446236
258.185314542 2343.49446236
258.780554376 2343.49446236
259.375794211 2343.49446236
259.971034045 2343.49446236
260.56627388 2343.49446236
261.161513714 2343.49446236
261.756753549 2343.49446236
262.351993383 2343.49446236
262.947233218 2343.49446236
263.542473052 2343.49446236
264.137712887 2343.49446236
264.732952721 2343.49446236
265.328192556 2343.49446236
265.92343239 2343.49446236
266.518672225 2343.49446236
267.113912059 2343.49446236
267.709151894 2343.49446236
268.304391728 2343.49446236
268.899631562 2343.49446236
269.494871397 2343.49446236
270.090111231 2343.49446236
270.685351066 2343.49446236
271.2805909 2343.49446236
271.875830735 2343.49446236
272.471070569 2343.49446236
273.066310404 2343.49446236
273.661550238 2343.49446236
274.256790073 2343.49446236
274.852029907 2343.49446236
275.447269742 2343.49446236
276.042509576 2343.49446236
276.637749411 2343.49446236
277.232989245 2343.49446236
277.82822908 2343.49446236
278.423468914 2343.49446236
279.018708748 2343.49446236
279.613948583 2343.49446236
280.209188417 2343.49446236
280.804428252 2343.49446236
281.399668086 2343.49446236
281.994907921 2343.49446236
282.590147755 2343.49446236
283.18538759 2343.49446236
283.780627424 2343.49446236
284.375867259 2343.49446236
284.971107093 2343.49446236
285.566346928 2343.49446236
286.161586762 2343.49446236
286.756826597 2343.49446236
287.352066431 2343.49446236
287.947306266 2343.49446236
288.5425461 2343.49446236
289.137785935 2343.49446236
289.733025769 2343.49446236
290.328265603 2343.49446236
290.923505438 2343.49446236
291.518745272 2343.49446236
292.113985107 2343.49446236
292.709224941 2343.49446236
293.304464776 2343.49446236
293.89970461 2343.49446236
294.494944445 2343.49446236
295.090184279 2343.49446236
295.685424114 2343.49446236
296.280663948 2343.49446236
296.875903783 2343.49446236
297.471143617 2343.49446236
298.066383452 2343.49446236
298.661623286 2343.49446236
299.256863121 2343.49446236
299.852102955 2343.49446236
300.44734279 2343.49446236
301.042582624 2343.49446236
301.637822458 2343.49446236
302.233062293 2343.49446236
302.828302127 2343.49446236
303.423541962 2343.49446236
304.018781796 2343.49446236
304.614021631 2343.49446236
305.209261465 2204.99794179
305.8045013 2204.99794179
306.399741134 2204.99794179
306.994980969 2204.99794179
307.590220803 2204.99794179
308.185460638 2204.99794179
308.780700472 2204.99794179
309.375940307 2204.99794179
309.971180141 2204.99794179
310.566419976 2204.99794179
311.16165981 2204.99794179
311.756899644 2204.99794179
312.352139479 2204.99794179
312.947379313 2204.99794179
313.542619148 2204.99794179
314.137858982 2204.99794179
314.733098817 2204.99794179
315.328338651 2204.99794179
315.923578486 2204.99794179
316.51881832 2204.99794179
317.114058155 2204.99794179
317.709297989 2204.99794179
318.304537824 2204.99794179
318.899777658 2204.99794179
319.495017493 2204.99794179
320.090257327 2204.99794179
320.685497162 2204.99794179
321.280736996 2204.99794179
321.875976831 2204.99794179
322.471216665 2204.99794179
323.066456499 2204.99794179
323.661696334 2204.99794179
324.256936168 2204.99794179
324.852176003 2204.99794179
325.447415837 2204.99794179
326.042655672 2204.99794179
326.637895506 2204.99794179
327.233135341 2204.99794179
327.828375175 2204.99794179
328.42361501 2204.99794179
329.018854844 2204.99794179
329.614094679 2204.99794179
330.209334513 2204.99794179
330.804574348 2204.99794179
331.399814182 2204.99794179
331.995054017 2204.99794179
332.590293851 2204.99794179
333.185533685 2204.99794179
333.78077352 2204.99794179
334.376013354 2204.99794179
334.971253189 2204.99794179
335.566493023 2204.99794179
336.161732858 2204.99794179
336.756972692 2204.99794179
337.352212527 2204.99794179
337.947452361 2204.99794179
338.542692196 2204.99794179
339.13793203 2204.99794179
339.733171865 2204.99794179
340.328411699 2204.99794179
340.923651534 2204.99794179
341.518891368 2204.99794179
342.114131203 2204.99794179
342.709371037 2204.99794179
343.304610872 2204.99794179
343.899850706 2204.99794179
344.49509054 2204.99794179
345.090330375 2204.99794179
345.685570209 2204.99794179
346.280810044 2204.99794179
346.876049878 2204.99794179
347.471289713 2204.99794179
348.066529547 2204.99794179
348.661769382 2204.99794179
349.257009216 2204.99794179
349.852249051 2204.99794179
350.447488885 2204.99794179
351.04272872 2204.99794179
351.637968554 2204.99794179
352.233208389 2204.99794179
352.828448223 2204.99794179
353.423688058 2204.99794179
354.018927892 2204.99794179
354.614167727 2204.99794179
355.209407561 2204.99794179
355.804647395 2204.99794179
356.39988723 2204.99794179
356.995127064 2204.99794179
357.590366899 2204.99794179
358.185606733 2204.99794179
358.780846568 2204.99794179
359.376086402 2204.99794179
359.971326237 2204.99794179
360.566566071 2204.99794179
361.161805906 2204.99794179
361.75704574 2204.99794179
362.352285575 2204.99794179
362.947525409 2204.99794179
363.542765244 2204.99794179
364.138005078 2204.99794179
364.733244913 2204.99794179
365.328484747 2204.99794179
365.923724581 2204.99794179
366.518964416 2204.99794179
367.11420425 2204.99794179
367.709444085 2204.99794179
368.304683919 2204.99794179
368.899923754 2204.99794179
369.495163588 2204.99794179
370.090403423 2204.99794179
370.685643257 2204.99794179
371.280883092 2204.99794179
371.876122926 2204.99794179
372.471362761 2204.99794179
373.066602595 2204.99794179
373.66184243 2204.99794179
374.257082264 2204.99794179
374.852322099 2204.99794179
375.447561933 2204.99794179
376.042801768 2204.99794179
376.638041602 2204.99794179
377.233281436 2204.99794179
377.828521271 2204.99794179
378.423761105 2204.99794179
379.01900094 2204.99794179
379.614240774 2204.99794179
380.209480609 2204.99794179
380.804720443 2204.99794179
381.399960278 2204.99794179
381.995200112 2204.99794179
382.590439947 2204.99794179
383.185679781 2204.99794179
383.780919616 2204.99794179
384.37615945 2204.99794179
384.971399285 2204.99794179
385.566639119 2204.99794179
386.161878954 2204.99794179
386.757118788 2204.99794179
387.352358623 2204.99794179
387.947598457 2204.99794179
388.542838291 2204.99794179
389.138078126 2204.99794179
389.73331796 2204.99794179
390.328557795 2204.99794179
390.923797629 2204.99794179
391.519037464 2204.99794179
392.114277298 2204.99794179
392.709517133 2204.99794179
393.304756967 2204.99794179
393.899996802 2204.99794179
394.495236636 2204.99794179
395.090476471 2204.99794179
395.685716305 2204.99794179
396.28095614 2204.99794179
396.876195974 2204.99794179
397.471435809 2204.99794179
398.066675643 2204.99794179
398.661915477 2204.99794179
399.257155312 2204.99794179
399.852395146 2204.99794179
400.447634981 2204.99794179
401.042874815 2204.99794179
401.63811465 2204.99794179
402.233354484 2204.99794179
402.828594319 2204.99794179
403.423834153 2204.99794179
404.019073988 2204.99794179
404.614313822 2204.99794179
405.209553657 2204.99794179
405.804793491 2204.99794179
406.400033326 2204.99794179
406.99527316 2204.99794179
407.590512995 2204.99794179
408.185752829 2204.99794179
408.780992664 2204.99794179
409.376232498 2204.99794179
409.971472332 2204.99794179
410.566712167 2204.99794179
411.161952001 2204.99794179
411.757191836 2204.99794179
412.35243167 2204.99794179
412.947671505 2204.99794179
413.542911339 2204.99794179
414.138151174 2204.99794179
414.733391008 2204.99794179
415.328630843 2204.99794179
415.923870677 2204.99794179
416.519110512 2204.99794179
417.114350346 2204.99794179
417.709590181 2204.99794179
418.304830015 2204.99794179
418.90006985 2204.99794179
419.495309684 2204.99794179
420.090549519 2204.99794179
420.685789353 2204.99794179
421.281029187 2204.99794179
421.876269022 2204.99794179
422.471508856 2204.99794179
423.066748691 2204.99794179
423.661988525 2204.99794179
424.25722836 2204.99794179
424.852468194 2204.99794179
425.447708029 2204.99794179
426.042947863 2204.99794179
426.638187698 2204.99794179
427.233427532 2204.99794179
427.828667367 2204.99794179
428.423907201 2204.99794179
429.019147036 2204.99794179
429.61438687 2204.99794179
430.209626705 2204.99794179
430.804866539 2204.99794179
431.400106373 2204.99794179
431.995346208 2204.99794179
432.590586042 2204.99794179
433.185825877 2204.99794179
433.781065711 2204.99794179
434.376305546 2204.99794179
434.97154538 2204.99794179
435.566785215 2204.99794179
436.162025049 2204.99794179
436.757264884 2204.99794179
437.352504718 2204.99794179
437.947744553 2204.99794179
438.542984387 2204.99794179
439.138224222 2204.99794179
439.733464056 2204.99794179
440.328703891 2204.99794179
440.923943725 2204.99794179
441.51918356 2204.99794179
442.114423394 2204.99794179
442.709663228 2204.99794179
443.304903063 2204.99794179
443.900142897 2204.99794179
444.495382732 2204.99794179
445.090622566 2204.99794179
445.685862401 2204.99794179
446.281102235 2204.99794179
446.87634207 2204.99794179
447.471581904 2204.99794179
448.066821739 2204.99794179
448.662061573 2204.99794179
449.257301408 2204.99794179
449.852541242 2204.99794179
450.447781077 2204.99794179
451.043020911 2204.99794179
451.638260746 2204.99794179
452.23350058 2204.99794179
452.828740415 2204.99794179
453.423980249 2204.99794179
454.019220083 2204.99794179
454.614459918 2204.99794179
455.209699752 2204.99794179
455.804939587 2204.99794179
456.400179421 2204.99794179
456.995419256 2204.99794179
457.59065909 2042.51813761
458.185898925 2042.51813761
458.781138759 2042.51813761
459.376378594 2042.51813761
459.971618428 2042.51813761
460.566858263 2042.51813761
461.162098097 2042.51813761
461.757337932 2042.51813761
462.352577766 2042.51813761
462.947817601 2042.51813761
463.543057435 2042.51813761
464.138297269 2042.51813761
464.733537104 2042.51813761
465.328776938 2042.51813761
465.924016773 2042.51813761
466.519256607 2042.51813761
467.114496442 2042.51813761
467.709736276 2042.51813761
468.304976111 2042.51813761
468.900215945 2042.51813761
469.49545578 2042.51813761
470.090695614 2042.51813761
470.685935449 2042.51813761
471.281175283 2042.51813761
471.876415118 2042.51813761
472.471654952 2042.51813761
473.066894787 2042.51813761
473.662134621 2042.51813761
474.257374456 2042.51813761
474.85261429 2042.51813761
475.447854124 2042.51813761
476.043093959 2042.51813761
476.638333793 2042.51813761
477.233573628 2042.51813761
477.828813462 2042.51813761
478.424053297 2042.51813761
479.019293131 2042.51813761
479.614532966 2042.51813761
480.2097728 2042.51813761
480.805012635 2042.51813761
481.400252469 2042.51813761
481.995492304 2042.51813761
482.590732138 2042.51813761
483.185971973 2042.51813761
483.781211807 2042.51813761
484.376451642 2042.51813761
484.971691476 2042.51813761
485.56693131 2042.51813761
486.162171145 2042.51813761
486.757410979 2042.51813761
487.352650814 2042.51813761
487.947890648 2042.51813761
488.543130483 2042.51813761
489.138370317 2042.51813761
489.733610152 2042.51813761
490.328849986 2042.51813761
490.924089821 2042.51813761
491.519329655 2042.51813761
492.11456949 2042.51813761
492.709809324 2042.51813761
493.305049159 2042.51813761
493.900288993 2042.51813761
494.495528828 2042.51813761
495.090768662 2042.51813761
495.686008497 2042.51813761
496.281248331 2042.51813761
496.876488165 2042.51813761
497.471728 2042.51813761
498.066967834 2042.51813761
498.662207669 2042.51813761
499.257447503 2042.51813761
499.852687338 2042.51813761
500.447927172 2042.51813761
501.043167007 2042.51813761
501.638406841 2042.51813761
502.233646676 2042.51813761
502.82888651 2042.51813761
503.424126345 2042.51813761
504.019366179 2042.51813761
504.614606014 2042.51813761
505.209845848 2042.51813761
505.805085683 2042.51813761
506.400325517 2042.51813761
506.995565352 2042.51813761
507.590805186 2042.51813761
508.18604502 2042.51813761
508.781284855 2042.51813761
509.376524689 2042.51813761
509.971764524 2042.51813761
510.567004358 2042.51813761
511.162244193 2042.51813761
511.757484027 2042.51813761
512.352723862 2042.51813761
512.947963696 2042.51813761
513.543203531 2042.51813761
514.138443365 2042.51813761
514.7336832 2042.51813761
515.328923034 2042.51813761
515.924162869 2042.51813761
516.519402703 2042.51813761
517.114642538 2042.51813761
517.709882372 2042.51813761
518.305122206 2042.51813761
518.900362041 2042.51813761
519.495601875 2042.51813761
520.09084171 2042.51813761
520.686081544 2042.51813761
521.281321379 2042.51813761
521.876561213 2042.51813761
522.471801048 2042.51813761
523.067040882 2042.51813761
523.662280717 2042.51813761
524.257520551 2042.51813761
524.852760386 2042.51813761
525.44800022 2042.51813761
526.043240055 2042.51813761
526.638479889 2042.51813761
527.233719724 2042.51813761
527.828959558 2042.51813761
528.424199393 2042.51813761
529.019439227 2042.51813761
529.614679061 2042.51813761
530.209918896 2042.51813761
530.80515873 2042.51813761
531.400398565 2042.51813761
531.995638399 2042.51813761
532.590878234 2042.51813761
533.186118068 2042.51813761
533.781357903 2367.47774597
534.376597737 2367.47774597
534.971837572 2367.47774597
535.567077406 2367.47774597
536.162317241 2367.47774597
536.757557075 2367.47774597
537.35279691 2367.47774597
537.948036744 2367.47774597
538.543276579 2367.47774597
539.138516413 2367.47774597
539.733756248 2367.47774597
540.328996082 2367.47774597
540.924235916 2367.47774597
541.519475751 2367.47774597
542.114715585 2367.47774597
542.70995542 2367.47774597
543.305195254 2367.47774597
543.900435089 2367.47774597
544.495674923 2367.47774597
545.090914758 2367.47774597
545.686154592 2367.47774597
546.281394427 2367.47774597
546.876634261 2367.47774597
547.471874096 2367.47774597
548.06711393 2367.47774597
548.662353765 2367.47774597
549.257593599 2367.47774597
549.852833434 2367.47774597
550.448073268 2367.47774597
551.043313102 2367.47774597
551.638552937 2367.47774597
552.233792771 2367.47774597
552.829032606 2367.47774597
553.42427244 2367.47774597
554.019512275 2367.47774597
554.614752109 2367.47774597
555.209991944 2367.47774597
555.805231778 2367.47774597
556.400471613 2367.47774597
556.995711447 2367.47774597
557.590951282 2367.47774597
558.186191116 2367.47774597
558.781430951 2367.47774597
559.376670785 2367.47774597
559.97191062 2367.47774597
560.567150454 2367.47774597
561.162390289 2367.47774597
561.757630123 2367.47774597
562.352869957 2367.47774597
562.948109792 2367.47774597
563.543349626 2367.47774597
564.138589461 2367.47774597
564.733829295 2367.47774597
565.32906913 2367.47774597
565.924308964 2367.47774597
566.519548799 2367.47774597
567.114788633 2367.47774597
567.710028468 2367.47774597
568.305268302 2367.47774597
568.900508137 2367.47774597
569.495747971 2367.47774597
570.090987806 2367.47774597
570.68622764 2367.47774597
571.281467475 2367.47774597
571.876707309 2367.47774597
572.471947144 2367.47774597
573.067186978 2367.47774597
573.662426812 2367.47774597
574.257666647 2367.47774597
574.852906481 2367.47774597
575.448146316 2367.47774597
576.04338615 2367.47774597
576.638625985 2367.47774597
577.233865819 2367.47774597
577.829105654 2367.47774597
578.424345488 2367.47774597
579.019585323 2367.47774597
579.614825157 2367.47774597
580.210064992 2367.47774597
580.805304826 2367.47774597
581.400544661 2367.47774597
581.995784495 2367.47774597
582.59102433 2367.47774597
583.186264164 2367.47774597
583.781503998 2367.47774597
584.376743833 2367.47774597
584.971983667 2367.47774597
585.567223502 2367.47774597
586.162463336 2367.47774597
586.757703171 2367.47774597
587.352943005 2367.47774597
587.94818284 2367.47774597
588.543422674 2367.47774597
589.138662509 2367.47774597
589.733902343 2367.47774597
590.329142178 2367.47774597
590.924382012 2367.47774597
591.519621847 2367.47774597
592.114861681 2367.47774597
592.710101516 2367.47774597
593.30534135 2367.47774597
593.900581185 2367.47774597
594.495821019 2367.47774597
595.091060853 2367.47774597
595.686300688 2367.47774597
596.281540522 2367.47774597
596.876780357 2367.47774597
597.472020191 2367.47774597
598.067260026 2367.47774597
598.66249986 2367.47774597
599.257739695 2367.47774597
599.852979529 2367.47774597
600.448219364 2367.47774597
601.043459198 2367.47774597
601.638699033 2367.47774597
602.233938867 2367.47774597
602.829178702 2367.47774597
603.424418536 2367.47774597
604.019658371 2367.47774597
604.614898205 2367.47774597
605.21013804 2367.47774597
605.805377874 2367.47774597
606.400617708 2367.47774597
606.995857543 2367.47774597
607.591097377 2367.47774597
608.186337212 2367.47774597
608.781577046 2367.47774597
609.376816881 2367.47774597
609.972056715 2947.62518142
610.56729655 2947.62518142
611.162536384 2947.62518142
611.757776219 2947.62518142
612.353016053 2947.62518142
612.948255888 2947.62518142
613.543495722 2947.62518142
614.138735557 2947.62518142
614.733975391 2947.62518142
615.329215226 2947.62518142
615.92445506 2947.62518142
616.519694894 2947.62518142
617.114934729 2947.62518142
617.710174563 2947.62518142
618.305414398 2947.62518142
618.900654232 2947.62518142
619.495894067 2947.62518142
620.091133901 2947.62518142
620.686373736 2947.62518142
621.28161357 2947.62518142
621.876853405 2947.62518142
622.472093239 2947.62518142
623.067333074 2947.62518142
623.662572908 2947.62518142
624.257812743 2947.62518142
624.853052577 2947.62518142
625.448292412 2947.62518142
626.043532246 2947.62518142
626.638772081 2947.62518142
627.234011915 2947.62518142
627.829251749 2947.62518142
628.424491584 2947.62518142
629.019731418 2947.62518142
629.614971253 2947.62518142
630.210211087 2947.62518142
630.805450922 2947.62518142
631.400690756 2947.62518142
631.995930591 2947.62518142
632.591170425 2947.62518142
633.18641026 2947.62518142
633.781650094 2947.62518142
634.376889929 2947.62518142
634.972129763 2947.62518142
635.567369598 2947.62518142
636.162609432 2947.62518142
636.757849267 2947.62518142
637.353089101 2947.62518142
637.948328935 2947.62518142
638.54356877 2009.0821556
639.138808604 2009.0821556
639.734048439 2009.0821556
640.329288273 2009.0821556
640.924528108 2009.0821556
641.519767942 2009.0821556
642.115007777 2009.0821556
642.710247611 2009.0821556
643.305487446 3886.16820724
643.90072728 3886.16820724
644.495967115 3886.16820724
645.091206949 3886.16820724
645.686446784 3886.16820724
646.281686618 3886.16820724
646.876926453 3886.16820724
647.472166287 3886.16820724
648.067406122 2947.62518142
648.662645956 2947.62518142
649.25788579 2947.62518142
649.853125625 2947.62518142
650.448365459 2947.62518142
651.043605294 2947.62518142
651.638845128 2947.62518142
652.234084963 2947.62518142
652.829324797 2947.62518142
653.424564632 2947.62518142
654.019804466 2947.62518142
654.615044301 2947.62518142
655.210284135 2947.62518142
655.80552397 2947.62518142
656.400763804 2947.62518142
656.996003639 2947.62518142
657.591243473 2947.62518142
658.186483308 2947.62518142
658.781723142 2947.62518142
659.376962977 2947.62518142
659.972202811 2947.62518142
660.567442645 2947.62518142
661.16268248 2947.62518142
661.757922314 2947.62518142
662.353162149 2947.62518142
662.948401983 2947.62518142
663.543641818 2947.62518142
664.138881652 2947.62518142
664.734121487 2947.62518142
665.329361321 2947.62518142
665.924601156 2947.62518142
666.51984099 2947.62518142
667.115080825 2947.62518142
667.710320659 2947.62518142
668.305560494 2947.62518142
668.900800328 2947.62518142
669.496040163 2947.62518142
670.091279997 2947.62518142
670.686519831 2947.62518142
671.281759666 2947.62518142
671.8769995 2947.62518142
672.472239335 2947.62518142
673.067479169 2947.62518142
673.662719004 2947.62518142
674.257958838 2947.62518142
674.853198673 2947.62518142
675.448438507 2947.62518142
676.043678342 2947.62518142
676.638918176 2947.62518142
677.234158011 2947.62518142
677.829397845 2947.62518142
678.42463768 2947.62518142
679.019877514 2947.62518142
679.615117349 2947.62518142
680.210357183 2947.62518142
680.805597018 2947.62518142
681.400836852 2947.62518142
681.996076686 2947.62518142
682.591316521 2947.62518142
683.186556355 2947.62518142
683.78179619 2947.62518142
684.377036024 2947.62518142
684.972275859 2947.62518142
685.567515693 2947.62518142
686.162755528 3444.96177509
686.757995362 3444.96177509
687.353235197 3444.96177509
687.948475031 3444.96177509
688.543714866 3444.96177509
689.1389547 3444.96177509
689.734194535 3444.96177509
690.329434369 3444.96177509
690.924674204 3444.96177509
691.519914038 3444.96177509
692.115153873 3444.96177509
692.710393707 3444.96177509
693.305633541 3444.96177509
693.900873376 3444.96177509
694.49611321 3444.96177509
695.091353045 3444.96177509
695.686592879 3444.96177509
696.281832714 3444.96177509
696.877072548 3444.96177509
697.472312383 3444.96177509
698.067552217 3444.96177509
698.662792052 3444.96177509
699.258031886 3444.96177509
699.853271721 3444.96177509
700.448511555 3444.96177509
701.04375139 3444.96177509
701.638991224 3444.96177509
702.234231059 3444.96177509
702.829470893 3444.96177509
703.424710727 3444.96177509
704.019950562 3444.96177509
704.615190396 3444.96177509
705.210430231 2867.65695407
705.805670065 2867.65695407
706.4009099 2867.65695407
706.996149734 2867.65695407
707.591389569 2867.65695407
708.186629403 2867.65695407
708.781869238 2867.65695407
709.377109072 2867.65695407
709.972348907 2867.65695407
710.567588741 2867.65695407
711.162828576 2867.65695407
711.75806841 2867.65695407
712.353308245 2867.65695407
712.948548079 2867.65695407
713.543787914 2867.65695407
714.139027748 2867.65695407
714.734267582 2867.65695407
715.329507417 2867.65695407
715.924747251 2867.65695407
716.519987086 2867.65695407
717.11522692 2867.65695407
717.710466755 2867.65695407
718.305706589 2867.65695407
718.900946424 2867.65695407
719.496186258 2867.65695407
720.091426093 2867.65695407
720.686665927 2867.65695407
721.281905762 2867.65695407
721.877145596 2867.65695407
722.472385431 2867.65695407
723.067625265 2867.65695407
723.6628651 2867.65695407
724.258104934 2738.94099826
724.853344769 2738.94099826
725.448584603 2738.94099826
726.043824437 2738.94099826
726.639064272 2738.94099826
727.234304106 2738.94099826
727.829543941 2738.94099826
728.424783775 2738.94099826
729.02002361 2738.94099826
729.615263444 2738.94099826
730.210503279 2738.94099826
730.805743113 2738.94099826
731.400982948 2738.94099826
731.996222782 2738.94099826
732.591462617 2738.94099826
733.186702451 2738.94099826
733.781942286 2738.94099826
734.37718212 2738.94099826
734.972421955 2738.94099826
735.567661789 2738.94099826
736.162901623 2738.94099826
736.758141458 2738.94099826
737.353381292 2738.94099826
737.948621127 2738.94099826
738.543860961 2738.94099826
739.139100796 2738.94099826
739.73434063 2738.94099826
740.329580465 2738.94099826
740.924820299 2738.94099826
741.520060134 2738.94099826
742.115299968 2738.94099826
742.710539803 2738.94099826
743.305779637 2738.94099826
743.901019472 2738.94099826
744.496259306 2738.94099826
745.091499141 2738.94099826
745.686738975 2738.94099826
746.28197881 2738.94099826
746.877218644 2738.94099826
747.472458478 2738.94099826
748.067698313 2738.94099826
748.662938147 2738.94099826
749.258177982 2738.94099826
749.853417816 2738.94099826
750.448657651 2738.94099826
751.043897485 2738.94099826
751.63913732 2738.94099826
752.234377154 2738.94099826
752.829616989 2738.94099826
753.424856823 2738.94099826
754.020096658 2738.94099826
754.615336492 2738.94099826
755.210576327 2738.94099826
755.805816161 2738.94099826
756.401055996 2738.94099826
756.99629583 2738.94099826
757.591535665 2738.94099826
758.186775499 2738.94099826
758.782015333 2738.94099826
759.377255168 2738.94099826
759.972495002 2738.94099826
760.567734837 2738.94099826
761.162974671 2738.94099826
761.758214506 2738.94099826
762.35345434 2833.91264411
762.948694175 2833.91264411
763.543934009 2833.91264411
764.139173844 2833.91264411
764.734413678 2833.91264411
765.329653513 2833.91264411
765.924893347 2833.91264411
766.520133182 2833.91264411
767.115373016 2833.91264411
767.710612851 2833.91264411
768.305852685 2833.91264411
768.901092519 2833.91264411
769.496332354 2833.91264411
770.091572188 2833.91264411
770.686812023 2833.91264411
771.282051857 2833.91264411
771.877291692 2833.91264411
772.472531526 2833.91264411
773.067771361 2833.91264411
773.663011195 2833.91264411
774.25825103 2833.91264411
774.853490864 2833.91264411
775.448730699 2833.91264411
776.043970533 2833.91264411
776.639210368 2833.91264411
777.234450202 2833.91264411
777.829690037 2833.91264411
778.424929871 2833.91264411
779.020169706 2833.91264411
779.61540954 2833.91264411
780.210649374 2833.91264411
780.805889209 2833.91264411
781.401129043 2833.91264411
781.996368878 2833.91264411
782.591608712 2833.91264411
783.186848547 2833.91264411
783.782088381 2833.91264411
784.377328216 2833.91264411
784.97256805 2833.91264411
785.567807885 2833.91264411
786.163047719 2833.91264411
786.758287554 2833.91264411
787.353527388 2833.91264411
787.948767223 2833.91264411
788.544007057 2833.91264411
789.139246892 2833.91264411
789.734486726 2833.91264411
790.32972656 2833.91264411
790.924966395 2833.91264411
791.520206229 2833.91264411
792.115446064 2833.91264411
792.710685898 2833.91264411
793.305925733 2833.91264411
793.901165567 2833.91264411
794.496405402 2833.91264411
795.091645236 2833.91264411
795.686885071 2833.91264411
796.282124905 2833.91264411
796.87736474 2833.91264411
797.472604574 2833.91264411
798.067844409 2833.91264411
798.663084243 2833.91264411
799.258324078 2833.91264411
799.853563912 2833.91264411
800.448803747 3425.35331361
801.044043581 3425.35331361
801.639283415 3425.35331361
802.23452325 3425.35331361
802.829763084 3425.35331361
803.425002919 3425.35331361
804.020242753 3425.35331361
804.615482588 3425.35331361
805.210722422 3425.35331361
805.805962257 3425.35331361
806.401202091 3425.35331361
806.996441926 3425.35331361
807.59168176 3425.35331361
808.186921595 3425.35331361
808.782161429 3425.35331361
809.377401264 3425.35331361
809.972641098 3425.35331361
810.567880933 3425.35331361
811.163120767 3425.35331361
811.758360602 3425.35331361
812.353600436 3425.35331361
812.94884027 3425.35331361
813.544080105 3425.35331361
814.139319939 3425.35331361
814.734559774 3425.35331361
815.329799608 3425.35331361
815.925039443 3425.35331361
816.520279277 3425.35331361
817.115519112 3425.35331361
817.710758946 3425.35331361
818.305998781 3425.35331361
818.901238615 3425.35331361
819.49647845 3425.35331361
820.091718284 3425.35331361
820.686958119 3425.35331361
821.282197953 3425.35331361
821.877437788 3425.35331361
822.472677622 3425.35331361
823.067917456 3425.35331361
823.663157291 3425.35331361
824.258397125 3425.35331361
824.85363696 3425.35331361
825.448876794 3425.35331361
826.044116629 3425.35331361
826.639356463 3425.35331361
827.234596298 3425.35331361
827.829836132 3425.35331361
828.425075967 3425.35331361
829.020315801 3425.35331361
829.615555636 3425.35331361
830.21079547 3425.35331361
830.806035305 3425.35331361
831.401275139 3425.35331361
831.996514974 3425.35331361
832.591754808 3425.35331361
833.186994643 3425.35331361
833.782234477 3425.35331361
834.377474311 3425.35331361
834.972714146 3425.35331361
835.56795398 3425.35331361
836.163193815 3425.35331361
836.758433649 3425.35331361
837.353673484 3425.35331361
837.948913318 3425.35331361
838.544153153 2765.61738398
839.139392987 2765.61738398
839.734632822 2765.61738398
840.329872656 2765.61738398
840.925112491 2765.61738398
841.520352325 2765.61738398
842.11559216 2765.61738398
842.710831994 2765.61738398
843.306071829 2765.61738398
843.901311663 2765.61738398
844.496551498 2765.61738398
845.091791332 2765.61738398
845.687031166 2765.61738398
846.282271001 2765.61738398
846.877510835 2765.61738398
847.47275067 2765.61738398
848.067990504 2765.61738398
848.663230339 2765.61738398
849.258470173 2765.61738398
849.853710008 2765.61738398
850.448949842 2765.61738398
851.044189677 2765.61738398
851.639429511 2765.61738398
852.234669346 2765.61738398
852.82990918 2765.61738398
853.425149015 2765.61738398
854.020388849 2765.61738398
854.615628684 2765.61738398
855.210868518 2765.61738398
855.806108352 2765.61738398
856.401348187 2765.61738398
856.996588021 2765.61738398
857.591827856 2765.61738398
858.18706769 2765.61738398
858.782307525 2765.61738398
859.377547359 2765.61738398
859.972787194 2765.61738398
860.568027028 2765.61738398
861.163266863 2765.61738398
861.758506697 2765.61738398
862.353746532 2765.61738398
862.948986366 2765.61738398
863.544226201 2765.61738398
864.139466035 2765.61738398
864.73470587 2765.61738398
865.329945704 2765.61738398
865.925185539 2765.61738398
866.520425373 2765.61738398
867.115665207 2765.61738398
867.710905042 2765.61738398
868.306144876 2765.61738398
868.901384711 2765.61738398
869.496624545 2765.61738398
870.09186438 2765.61738398
870.687104214 2765.61738398
871.282344049 2765.61738398
871.877583883 2765.61738398
872.472823718 2765.61738398
873.068063552 2765.61738398
873.663303387 2765.61738398
874.258543221 2765.61738398
874.853783056 2765.61738398
875.44902289 2765.61738398
876.044262725 2765.61738398
876.639502559 2765.61738398
877.234742394 2765.61738398
877.829982228 2765.61738398
878.425222062 2765.61738398
879.020461897 2765.61738398
879.615701731 2765.61738398
880.210941566 2765.61738398
880.8061814 2765.61738398
881.401421235 2765.61738398
881.996661069 2765.61738398
882.591900904 2765.61738398
883.187140738 2765.61738398
883.782380573 2765.61738398
884.377620407 2765.61738398
884.972860242 2765.61738398
885.568100076 2765.61738398
886.163339911 2765.61738398
886.758579745 2765.61738398
887.35381958 2765.61738398
887.949059414 2765.61738398
888.544299248 2765.61738398
889.139539083 2765.61738398
889.734778917 2765.61738398
890.330018752 2765.61738398
890.925258586 2765.61738398
891.520498421 2765.61738398
892.115738255 2765.61738398
892.71097809 2765.61738398
893.306217924 2765.61738398
893.901457759 2765.61738398
894.496697593 2765.61738398
895.091937428 2765.61738398
895.687177262 2765.61738398
896.282417097 2765.61738398
896.877656931 2765.61738398
897.472896766 2765.61738398
898.0681366 2765.61738398
898.663376435 2765.61738398
899.258616269 2765.61738398
899.853856103 2765.61738398
900.449095938 2765.61738398
901.044335772 2765.61738398
901.639575607 2765.61738398
902.234815441 2765.61738398
902.830055276 2765.61738398
903.42529511 2765.61738398
904.020534945 2765.61738398
904.615774779 2765.61738398
905.211014614 2765.61738398
905.806254448 2765.61738398
906.401494283 2765.61738398
906.996734117 2765.61738398
907.591973952 2765.61738398
908.187213786 2765.61738398
908.782453621 2765.61738398
909.377693455 2765.61738398
909.97293329 2765.61738398
910.568173124 2765.61738398
911.163412958 2765.61738398
911.758652793 2765.61738398
912.353892627 2765.61738398
912.949132462 2765.61738398
913.544372296 2765.61738398
914.139612131 2765.61738398
914.734851965 2170.50824829
915.3300918 2170.50824829
915.925331634 2170.50824829
916.520571469 2170.50824829
917.115811303 2170.50824829
917.711051138 2170.50824829
918.306290972 2170.50824829
918.901530807 2170.50824829
919.496770641 2170.50824829
920.092010476 2170.50824829
920.68725031 2170.50824829
921.282490144 2170.50824829
921.877729979 2170.50824829
922.472969813 2170.50824829
923.068209648 2170.50824829
923.663449482 2170.50824829
924.258689317 2170.50824829
924.853929151 2170.50824829
925.449168986 2170.50824829
926.04440882 2170.50824829
926.639648655 2170.50824829
927.234888489 2170.50824829
927.830128324 2170.50824829
928.425368158 2170.50824829
929.020607993 2170.50824829
929.615847827 2170.50824829
930.211087662 2170.50824829
930.806327496 2170.50824829
931.401567331 2170.50824829
931.996807165 2170.50824829
932.592046999 2170.50824829
933.187286834 2170.50824829
933.782526668 2170.50824829
934.377766503 2170.50824829
934.973006337 2170.50824829
935.568246172 2170.50824829
936.163486006 2170.50824829
936.758725841 2170.50824829
937.353965675 2170.50824829
937.94920551 2170.50824829
938.544445344 2170.50824829
939.139685179 2170.50824829
939.734925013 2170.50824829
940.330164848 2170.50824829
940.925404682 2170.50824829
941.520644517 2170.50824829
942.115884351 2170.50824829
942.711124185 2170.50824829
943.30636402 2170.50824829
943.901603854 2170.50824829
944.496843689 2170.50824829
945.092083523 2170.50824829
945.687323358 2170.50824829
946.282563192 2170.50824829
946.877803027 2170.50824829
947.473042861 2170.50824829
948.068282696 2170.50824829
948.66352253 2170.50824829
949.258762365 2170.50824829
949.854002199 2170.50824829
950.449242034 2170.50824829
951.044481868 2170.50824829
951.639721703 2170.50824829
952.234961537 2170.50824829
952.830201372 2170.50824829
953.425441206 2170.50824829
954.02068104 2170.50824829
954.615920875 2170.50824829
955.211160709 2170.50824829
955.806400544 2170.50824829
956.401640378 2170.50824829
956.996880213 2170.50824829
957.592120047 2170.50824829
958.187359882 2170.50824829
958.782599716 2170.50824829
959.377839551 2170.50824829
959.973079385 2170.50824829
960.56831922 2170.50824829
961.163559054 2170.50824829
961.758798889 2170.50824829
962.354038723 2170.50824829
962.949278558 2170.50824829
963.544518392 2170.50824829
964.139758227 2170.50824829
964.734998061 2170.50824829
965.330237895 2170.50824829
965.92547773 2170.50824829
966.520717564 2170.50824829
967.115957399 2170.50824829
967.711197233 2170.50824829
968.306437068 2170.50824829
968.901676902 2170.50824829
969.496916737 2170.50824829
970.092156571 2170.50824829
970.687396406 2170.50824829
971.28263624 2170.50824829
971.877876075 2170.50824829
972.473115909 2170.50824829
973.068355744 2170.50824829
973.663595578 2170.50824829
974.258835413 2170.50824829
974.854075247 2170.50824829
975.449315081 2170.50824829
976.044554916 2170.50824829
976.63979475 2170.50824829
977.235034585 2170.50824829
977.830274419 2170.50824829
978.425514254 2170.50824829
979.020754088 2170.50824829
979.615993923 2170.50824829
980.211233757 2170.50824829
980.806473592 2170.50824829
981.401713426 2170.50824829
981.996953261 2170.50824829
982.592193095 2170.50824829
983.18743293 2170.50824829
983.782672764 2170.50824829
984.377912599 2170.50824829
984.973152433 2170.50824829
985.568392268 2170.50824829
986.163632102 2170.50824829
986.758871936 2170.50824829
987.354111771 2170.50824829
987.949351605 2170.50824829
988.54459144 2170.50824829
989.139831274 2170.50824829
989.735071109 2170.50824829
990.330310943 2170.50824829
990.925550778 2170.50824829
991.520790612 2170.50824829
992.116030447 2170.50824829
992.711270281 2170.50824829
993.306510116 2170.50824829
993.90174995 2170.50824829
994.496989785 2170.50824829
995.092229619 2170.50824829
995.687469454 2170.50824829
996.282709288 2170.50824829
996.877949123 2170.50824829
997.473188957 2170.50824829
998.068428791 2170.50824829
998.663668626 2170.50824829
999.25890846 2170.50824829
999.854148295 2170.50824829
1000.44938813 2170.50824829
1001.04462796 2170.50824829
1001.6398678 2170.50824829
1002.23510763 2170.50824829
1002.83034747 2170.50824829
1003.4255873 2170.50824829
1004.02082714 2170.50824829
1004.61606697 2170.50824829
1005.21130681 2170.50824829
1005.80654664 2170.50824829
1006.40178647 2170.50824829
1006.99702631 2170.50824829
1007.59226614 2170.50824829
1008.18750598 2170.50824829
1008.78274581 2170.50824829
1009.37798565 2170.50824829
1009.97322548 2170.50824829
1010.56846532 2170.50824829
1011.16370515 2170.50824829
1011.75894498 2170.50824829
1012.35418482 2170.50824829
1012.94942465 2170.50824829
1013.54466449 2170.50824829
1014.13990432 2170.50824829
1014.73514416 2170.50824829
1015.33038399 2170.50824829
1015.92562383 2170.50824829
1016.52086366 2170.50824829
1017.11610349 2170.50824829
1017.71134333 2170.50824829
1018.30658316 2170.50824829
1018.901823 2170.50824829
1019.49706283 2170.50824829
1020.09230267 2170.50824829
1020.6875425 2170.50824829
1021.28278234 2170.50824829
1021.87802217 2170.50824829
1022.473262 2170.50824829
1023.06850184 2170.50824829
1023.66374167 2170.50824829
1024.25898151 2170.50824829
1024.85422134 2170.50824829
1025.44946118 2170.50824829
1026.04470101 2170.50824829
1026.63994085 2170.50824829
1027.23518068 2170.50824829
1027.83042052 2170.50824829
1028.42566035 2170.50824829
1029.02090018 2170.50824829
1029.61614002 2170.50824829
1030.21137985 2170.50824829
1030.80661969 2170.50824829
1031.40185952 2170.50824829
1031.99709936 2170.50824829
1032.59233919 2170.50824829
1033.18757903 2170.50824829
1033.78281886 2170.50824829
1034.37805869 2170.50824829
1034.97329853 2170.50824829
1035.56853836 2170.50824829
1036.1637782 2170.50824829
1036.75901803 2170.50824829
1037.35425787 2170.50824829
1037.9494977 2170.50824829
1038.54473754 2170.50824829
1039.13997737 2170.50824829
1039.7352172 2170.50824829
1040.33045704 2170.50824829
1040.92569687 2170.50824829
1041.52093671 2170.50824829
1042.11617654 2170.50824829
1042.71141638 2170.50824829
1043.30665621 2170.50824829
1043.90189605 2170.50824829
1044.49713588 2170.50824829
1045.09237571 2170.50824829
1045.68761555 2170.50824829
1046.28285538 2170.50824829
1046.87809522 2170.50824829
1047.47333505 2170.50824829
1048.06857489 2170.50824829
1048.66381472 2170.50824829
1049.25905456 2170.50824829
1049.85429439 2170.50824829
1050.44953423 2170.50824829
1051.04477406 2170.50824829
1051.64001389 2170.50824829
1052.23525373 2170.50824829
1052.83049356 2170.50824829
1053.4257334 2170.50824829
1054.02097323 2170.50824829
1054.61621307 2170.50824829
1055.2114529 2170.50824829
1055.80669274 2170.50824829
1056.40193257 2170.50824829
1056.9971724 2170.50824829
1057.59241224 2170.50824829
1058.18765207 2170.50824829
1058.78289191 2170.50824829
1059.37813174 2170.50824829
1059.97337158 2170.50824829
1060.56861141 2170.50824829
1061.16385125 2170.50824829
1061.75909108 2170.50824829
1062.35433091 2170.50824829
1062.94957075 2170.50824829
1063.54481058 2170.50824829
1064.14005042 2170.50824829
1064.73529025 2170.50824829
1065.33053009 2170.50824829
1065.92576992 2170.50824829
1066.52100976 2170.50824829
1067.11624959 2170.50824829
1067.71148942 2170.50824829
1068.30672926 2170.50824829
1068.90196909 2170.50824829
1069.49720893 2170.50824829
1070.09244876 2170.50824829
1070.6876886 2170.50824829
1071.28292843 2170.50824829
1071.87816827 2170.50824829
1072.4734081 2170.50824829
1073.06864794 2170.50824829
1073.66388777 2170.50824829
1074.2591276 2170.50824829
1074.85436744 2170.50824829
1075.44960727 2170.50824829
1076.04484711 2170.50824829
1076.64008694 2170.50824829
1077.23532678 2170.50824829
1077.83056661 2170.50824829
1078.42580645 2170.50824829
1079.02104628 2170.50824829
1079.61628611 2170.50824829
1080.21152595 2170.50824829
1080.80676578 2170.50824829
1081.40200562 2170.50824829
1081.99724545 2170.50824829
1082.59248529 2170.50824829
1083.18772512 2170.50824829
1083.78296496 2170.50824829
1084.37820479 2170.50824829
1084.97344462 2170.50824829
1085.56868446 2170.50824829
1086.16392429 2170.50824829
1086.75916413 2170.50824829
1087.35440396 2170.50824829
1087.9496438 2170.50824829
1088.54488363 2170.50824829
1089.14012347 2170.50824829
1089.7353633 2170.50824829
1090.33060313 2170.50824829
1090.92584297 2170.50824829
1091.5210828 2170.50824829
1092.11632264 2170.50824829
1092.71156247 2170.50824829
1093.30680231 2170.50824829
1093.90204214 2170.50824829
1094.49728198 2170.50824829
1095.09252181 2170.50824829
1095.68776164 2170.50824829
1096.28300148 2170.50824829
1096.87824131 2170.50824829
1097.47348115 2170.50824829
1098.06872098 2170.50824829
1098.66396082 2170.50824829
1099.25920065 2170.50824829
1099.85444049 2170.50824829
1100.44968032 2170.50824829
1101.04492016 2170.50824829
1101.64015999 2170.50824829
1102.23539982 2170.50824829
1102.83063966 2170.50824829
1103.42587949 2170.50824829
1104.02111933 2170.50824829
1104.61635916 2170.50824829
1105.211599 2170.50824829
1105.80683883 2170.50824829
1106.40207867 2170.50824829
1106.9973185 2170.50824829
1107.59255833 2170.50824829
1108.18779817 2170.50824829
1108.783038 2170.50824829
1109.37827784 2170.50824829
1109.97351767 2170.50824829
1110.56875751 2170.50824829
1111.16399734 2170.50824829
1111.75923718 2170.50824829
1112.35447701 2170.50824829
1112.94971684 2170.50824829
1113.54495668 2170.50824829
1114.14019651 2170.50824829
1114.73543635 2170.50824829
1115.33067618 2170.50824829
1115.92591602 2170.50824829
1116.52115585 2170.50824829
1117.11639569 2170.50824829
1117.71163552 2170.50824829
1118.30687535 2170.50824829
1118.90211519 2170.50824829
1119.49735502 2170.50824829
1120.09259486 2170.50824829
1120.68783469 2170.50824829
1121.28307453 2170.50824829
1121.87831436 2170.50824829
1122.4735542 2170.50824829
1123.06879403 2170.50824829
1123.66403387 2170.50824829
1124.2592737 2170.50824829
1124.85451353 2170.50824829
1125.44975337 2170.50824829
1126.0449932 2170.50824829
1126.64023304 2170.50824829
1127.23547287 2170.50824829
1127.83071271 2170.50824829
1128.42595254 2170.50824829
1129.02119238 2170.50824829
1129.61643221 2170.50824829
1130.21167204 2170.50824829
1130.80691188 2170.50824829
1131.40215171 2170.50824829
1131.99739155 2170.50824829
1132.59263138 2170.50824829
1133.18787122 2170.50824829
1133.78311105 2170.50824829
1134.37835089 2170.50824829
1134.97359072 2170.50824829
1135.56883055 2170.50824829
1136.16407039 2170.50824829
1136.75931022 2170.50824829
1137.35455006 2170.50824829
1137.94978989 2170.50824829
1138.54502973 2170.50824829
1139.14026956 2170.50824829
1139.7355094 2170.50824829
1140.33074923 2170.50824829
1140.92598906 2170.50824829
1141.5212289 2170.50824829
1142.11646873 2170.50824829
1142.71170857 2170.50824829
1143.3069484 2170.50824829
1143.90218824 2170.50824829
1144.49742807 2170.50824829
1145.09266791 2170.50824829
1145.68790774 2170.50824829
1146.28314758 2170.50824829
1146.87838741 2170.50824829
1147.47362724 2170.50824829
1148.06886708 2170.50824829
1148.66410691 2170.50824829
1149.25934675 2170.50824829
1149.85458658 2170.50824829
1150.44982642 2170.50824829
1151.04506625 2170.50824829
1151.64030609 2170.50824829
1152.23554592 2170.50824829
1152.83078575 2170.50824829
1153.42602559 2170.50824829
1154.02126542 2170.50824829
1154.61650526 2170.50824829
1155.21174509 2170.50824829
1155.80698493 2170.50824829
1156.40222476 2170.50824829
1156.9974646 2170.50824829
1157.59270443 2170.50824829
1158.18794426 2170.50824829
1158.7831841 2170.50824829
1159.37842393 2170.50824829
1159.97366377 2170.50824829
1160.5689036 2170.50824829
1161.16414344 2170.50824829
1161.75938327 2170.50824829
1162.35462311 2170.50824829
1162.94986294 2170.50824829
1163.54510277 2170.50824829
1164.14034261 2170.50824829
1164.73558244 2170.50824829
1165.33082228 2170.50824829
1165.92606211 2170.50824829
1166.52130195 2170.50824829
1167.11654178 2170.50824829
1167.71178162 2170.50824829
1168.30702145 2170.50824829
1168.90226129 2170.50824829
1169.49750112 2170.50824829
1170.09274095 2170.50824829
1170.68798079 2170.50824829
1171.28322062 2170.50824829
1171.87846046 2170.50824829
1172.47370029 2170.50824829
1173.06894013 2170.50824829
1173.66417996 2170.50824829
1174.2594198 2170.50824829
1174.85465963 2170.50824829
1175.44989946 2170.50824829
1176.0451393 2170.50824829
1176.64037913 2170.50824829
1177.23561897 2170.50824829
1177.8308588 2170.50824829
1178.42609864 2170.50824829
1179.02133847 2170.50824829
1179.61657831 2170.50824829
1180.21181814 2170.50824829
1180.80705797 2170.50824829
1181.40229781 2170.50824829
1181.99753764 2170.50824829
1182.59277748 2170.50824829
1183.18801731 2170.50824829
1183.78325715 2170.50824829
1184.37849698 2170.50824829
1184.97373682 2170.50824829
1185.56897665 2170.50824829
1186.16421648 2170.50824829
1186.75945632 2170.50824829
1187.35469615 2170.50824829
1187.94993599 2170.50824829
1188.54517582 2170.50824829
1189.14041566 2170.50824829
1189.73565549 2170.50824829
1190.33089533 2170.50824829
1190.92613516 2170.50824829
1191.521375 2170.50824829
1192.11661483 2170.50824829
1192.71185466 2170.50824829
1193.3070945 2170.50824829
1193.90233433 2170.50824829
1194.49757417 2170.50824829
1195.092814 2170.50824829
1195.68805384 2170.50824829
1196.28329367 2170.50824829
1196.87853351 2170.50824829
1197.47377334 2170.50824829
1198.06901317 2170.50824829
1198.66425301 2170.50824829
1199.25949284 2170.50824829
1199.85473268 2170.50824829
1200.44997251 2170.50824829
1201.04521235 2170.50824829
1201.64045218 2170.50824829
1202.23569202 2170.50824829
1202.83093185 2170.50824829
1203.42617168 2170.50824829
1204.02141152 2170.50824829
1204.61665135 2170.50824829
1205.21189119 2170.50824829
1205.80713102 2170.50824829
1206.40237086 2170.50824829
1206.99761069 2170.50824829
1207.59285053 2170.50824829
1208.18809036 2170.50824829
1208.78333019 2170.50824829
1209.37857003 2170.50824829
1209.97380986 2170.50824829
1210.5690497 2170.50824829
1211.16428953 2170.50824829
1211.75952937 2170.50824829
1212.3547692 2170.50824829
1212.95000904 2170.50824829
1213.54524887 2170.50824829
1214.14048871 2170.50824829
1214.73572854 2170.50824829
1215.33096837 2170.50824829
1215.92620821 2170.50824829
1216.52144804 2170.50824829
1217.11668788 2170.50824829
1217.71192771 2170.50824829
1218.30716755 2170.50824829
1218.90240738 2170.50824829
