200 200 200
200 200 300
200 200 400
200 200 500
200 200 600
200 300 200
200 300 300
200 300 400
200 300 500
200 300 600
200 400 200
200 400 300
200 400 400
200 400 500
200 400 600
200 500 200
200 500 300
200 500 400
200 500 500
200 500 600
200 600 200
200 600 300
200 600 400
200 600 500
200 600 600
300 200 200
300 200 300
300 200 400
300 200 500
300 200 600
300 300 200
300 300 300
300 300 400
300 300 500
300 300 600
300 400 200
300 400 300
300 400 400
300 400 500
300 400 600
300 500 200
300 500 300
300 500 400
300 500 500
300 500 600
300 600 200
300 600 300
300 600 400
300 600 500
300 600 600
400 200 200
400 200 300
400 200 400
400 200 500
400 200 600
400 300 200
400 300 300
400 300 400
400 300 500
400 300 600
400 400 200
400 400 300
400 400 400
400 400 500
400 400 600
400 500 200
400 500 300
400 500 400
400 500 500
400 500 600
400 600 200
400 600 300
400 600 400
400 600 500
400 600 600
500 200 200
500 200 300
500 200 400
500 200 500
500 200 600
500 300 200
500 300 300
500 300 400
500 300 500
500 300 600
500 400 200
500 400 300
500 400 400
500 400 500
500 400 600
500 500 200
500 500 300
500 500 400
500 500 500
500 500 600
500 600 200
500 600 300
500 600 400
500 600 500
500 600 600
600 200 200
600 200 300
600 200 400
600 200 500
600 200 600
600 300 200
600 300 300
600 300 400
600 300 500
600 300 600
600 400 200
600 400 300
600 400 400
600 400 500
600 400 600
600 500 200
600 500 300
600 500 400
600 500 500
600 500 600
600 600 200
600 600 300
600 600 400
600 600 500
600 600 600
