0 4711.95497328
3.92156862745 4659.70621827
7.8431372549 4612.45081176
11.7647058824 4571.34088317
15.6862745098 4537.37053575
19.6078431373 4511.18462143
23.5294117647 4492.66856197
27.4509803922 4481.29078946
31.3725490196 4476.44379227
35.2941176471 4477.37192888
39.2156862745 4483.35044596
43.137254902 4493.64535073
47.0588235294 4507.28661338
50.9803921569 4523.34818043
54.9019607843 4541.16339604
58.8235294118 4560.16650947
62.7450980392 4579.93125406
66.6666666667 4600.0166998
70.5882352941 4619.68930708
74.5098039216 4638.18398527
78.431372549 4654.88108906
82.3529411765 4669.33444574
86.2745098039 4681.4796002
90.1960784314 4691.47020593
94.1176470588 4699.43976037
98.0392156863 4705.61376626
101.960784314 4710.30292915
105.882352941 4713.84002784
109.803921569 4716.66568582
113.725490196 4719.15511043
117.647058824 4721.41628484
121.568627451 4723.44641097
125.490196078 4725.20363431
129.411764706 4726.64567941
133.333333333 4727.88411761
137.254901961 4729.07253687
141.176470588 4730.27739912
145.098039216 4731.53465408
149.019607843 4732.82596615
152.941176471 4734.09216864
156.862745098 4735.31642498
160.784313725 4736.45625133
164.705882353 4737.38522994
168.62745098 4737.95958655
172.549019608 4738.02744134
176.470588235 4737.47547208
180.392156863 4736.31843461
184.31372549 4734.63131536
188.235294118 4732.48821041
192.156862745 4729.97489803
196.078431373 4727.15311052
200 4724.07450904
203.921568627 4720.82480932
207.843137255 4717.4840714
211.764705882 4714.09836921
215.68627451 4710.7030199
219.607843137 4707.32039201
223.529411765 4703.97457238
227.450980392 4700.72282295
231.37254902 4697.63192484
235.294117647 4694.75803223
239.215686275 4692.151174
243.137254902 4689.84453501
247.058823529 4687.85999367
250.980392157 4686.22187346
254.901960784 4684.94856999
258.823529412 4684.04827389
262.745098039 4683.52340333
266.666666667 4683.36892707
270.588235294 4683.57598218
274.509803922 4684.13863937
278.431372549 4685.04991244
282.352941176 4686.29831999
286.274509804 4687.86999486
290.196078431 4689.74830276
294.117647059 4691.91355298
298.039215686 4694.344893
301.960784314 4697.01918037
305.882352941 4699.90890323
309.803921569 4702.98478193
313.725490196 4706.21912488
317.647058824 4709.58365388
321.568627451 4713.04894212
325.490196078 4716.58738631
329.411764706 4720.17290741
333.333333333 4723.78500964
337.254901961 4727.41487416
341.176470588 4731.06008338
345.098039216 4734.72027086
349.019607843 4738.39767811
352.941176471 4742.0939548
356.862745098 4745.8109646
360.784313725 4749.5543808
364.705882353 4753.3292703
368.62745098 4757.13678111
372.549019608 4760.97679263
376.470588235 4764.84780322
380.392156863 4768.74900556
384.31372549 4772.68445175
388.235294118 4776.65953858
392.156862745 4780.67842399
396.078431373 4784.74401499
400 4788.85571199
403.921568627 4793.01111227
407.843137255 4797.20875215
411.764705882 4801.44683229
415.68627451 4805.72338834
419.607843137 4810.03664874
423.529411765 4814.38392789
427.450980392 4818.76346637
431.37254902 4823.17632902
435.294117647 4827.6249294
439.215686275 4832.11300751
443.137254902 4836.64436083
447.058823529 4841.22062386
450.980392157 4845.84328834
454.901960784 4850.51509073
458.823529412 4855.24020601
462.745098039 4860.02615279
466.666666667 4864.88196536
470.588235294 4869.81578242
474.509803922 4874.83597657
478.431372549 4879.95099252
482.352941176 4885.16860892
486.274509804 4890.49721382
490.196078431 4895.94314355
494.117647059 4901.50793195
498.039215686 4907.19072577
501.960784314 4912.98897353
505.882352941 4918.89966699
509.803921569 4924.9228933
513.725490196 4931.05863684
517.647058824 4937.30358435
521.568627451 4943.65284239
525.490196078 4950.09889182
529.411764706 4956.63209351
533.333333333 4963.24479887
537.254901961 4969.92662364
541.176470588 4976.65995343
545.098039216 4983.42566073
549.019607843 4990.20470824
552.941176471 4996.98115772
556.862745098 5003.75005838
560.784313725 5010.5105291
564.705882353 5017.25743824
568.62745098 5023.98592389
572.549019608 5030.69084324
576.470588235 5037.36399868
580.392156863 5043.9986547
584.31372549 5050.58049415
588.235294118 5057.07711159
592.156862745 5063.44818951
596.078431373 5069.6507562
600 5075.64198894
603.921568627 5081.39023043
607.843137255 5086.86766367
611.764705882 5092.04048445
615.68627451 5096.87711232
619.607843137 5101.34930462
623.529411765 5105.4308551
627.450980392 5109.10688963
631.37254902 5112.36160997
635.294117647 5115.1641469
639.215686275 5117.48517709
643.137254902 5119.30368725
647.058823529 5120.61281049
650.980392157 5121.43941621
654.901960784 5121.82723488
658.823529412 5121.81431242
662.745098039 5121.44682589
666.666666667 5120.77981177
670.588235294 5119.86792301
674.509803922 5118.77651668
678.431372549 5117.55608231
682.352941176 5116.21162909
686.274509804 5114.73149461
690.196078431 5113.10154676
694.117647059 5111.31358671
698.039215686 5109.39713273
701.960784314 5107.39574874
705.882352941 5105.33742014
709.803921569 5103.25627728
713.725490196 5101.19078713
717.647058824 5099.18291632
721.568627451 5097.30842172
725.490196078 5095.63433691
729.411764706 5094.17730363
733.333333333 5092.94973435
737.254901961 5091.96723891
741.176470588 5091.28224962
745.098039216 5091.05323406
749.019607843 5091.47727519
752.941176471 5092.72760296
756.862745098 5094.96624354
760.784313725 5098.30440369
764.705882353 5102.81531485
768.62745098 5108.59045681
772.549019608 5115.66491246
776.470588235 5123.96775825
780.392156863 5133.36933512
784.31372549 5143.65939986
788.235294118 5154.62766081
792.156862745 5166.17810648
796.078431373 5178.22281127
800 5190.63096833
803.921568627 5203.20103637
807.843137255 5215.54614526
811.764705882 5227.20857983
815.68627451 5237.80008976
819.607843137 5246.94189808
823.529411765 5254.29264627
827.450980392 5259.57456598
831.37254902 5262.49050318
835.294117647 5262.88187684
839.215686275 5260.87832484
843.137254902 5256.7603861
847.058823529 5250.94091866
850.980392157 5243.84362031
854.901960784 5235.67998032
858.823529412 5226.63609999
862.745098039 5217.00441014
866.666666667 5207.17090646
870.588235294 5197.76258215
874.509803922 5189.49610446
878.431372549 5182.93310797
882.352941176 5178.62700507
886.274509804 5177.15772493
890.196078431 5179.00967897
894.117647059 5184.65522815
898.039215686 5194.29683352
901.960784314 5207.55679715
905.882352941 5223.75608093
909.803921569 5242.04512339
913.725490196 5261.52525345
917.647058824 5281.57741664
921.568627451 5301.626096
925.490196078 5320.90089542
929.411764706 5338.55826097
933.333333333 5353.59027091
937.254901961 5364.93470524
941.176470588 5371.77596808
945.098039216 5373.30642081
949.019607843 5368.56205759
952.941176471 5356.68285157
956.862745098 5336.90288366
960.784313725 5308.84245759
964.705882353 5272.95452961
968.62745098 5230.13594896
972.549019608 5181.4442749
976.470588235 5128.05810792
980.392156863 5070.9505736
984.31372549 5011.06878876
988.235294118 4949.62812276
992.156862745 4887.85964382
996.078431373 4826.93562329
1000 4768.00041205
