0.000000000000000000e+00 3.500000000000000455e+03
3.921568627450980227e+00 3.517841128904392463e+03
7.843137254901960453e+00 3.531235769779610109e+03
1.176470588235294024e+01 3.547871888377993400e+03
1.568627450980392091e+01 3.564071190740447946e+03
1.960784313725489980e+01 3.576155382907879812e+03
2.352941176470588047e+01 3.588269700332964021e+03
2.745098039215686114e+01 3.604559378468369232e+03
3.137254901960784181e+01 3.621346123355003328e+03
3.529411764705881893e+01 3.639262565403520512e+03
3.921568627450979960e+01 3.658941335024575892e+03
4.313725490196078027e+01 3.676704138259078718e+03
4.705882352941176094e+01 3.692385286189947692e+03
5.098039215686274161e+01 3.710099889012208223e+03
5.490196078431372229e+01 3.729652132551134400e+03
5.882352941176470296e+01 3.746535278262249449e+03
6.274509803921568363e+01 3.760523386713175569e+03
6.666666666666665719e+01 3.771360393213890347e+03
7.058823529411763786e+01 3.783071032186459433e+03
7.450980392156861853e+01 3.796137307753291680e+03
7.843137254901959921e+01 3.806730299667035979e+03
8.235294117647057988e+01 3.822387347391786989e+03
8.627450980392156055e+01 3.842822260979864495e+03
9.019607843137254122e+01 3.864236245441574283e+03
9.411764705882352189e+01 3.890684160456636164e+03
9.803921568627450256e+01 3.917629142222928294e+03
1.019607843137254832e+02 3.948387981607739675e+03
1.058823529411764639e+02 3.982764864436342123e+03
1.098039215686274446e+02 4.016283177421913479e+03
1.137254901960784252e+02 4.052319961947043794e+03
1.176470588235294059e+02 4.090739654352309572e+03
1.215686274509803866e+02 4.127894085936262854e+03
1.254901960784313673e+02 4.167988742666879261e+03
1.294117647058823479e+02 4.206637387030285026e+03
1.333333333333333144e+02 4.243764705882354065e+03
1.372549019607843093e+02 4.283606310448708427e+03
1.411764705882352757e+02 4.318263358173458982e+03
1.450980392156862706e+02 4.351203266212147355e+03
1.490196078431372371e+02 4.381582527350563396e+03
1.529411764705882320e+02 4.405014904074840160e+03
1.568627450980391984e+02 4.425705882352940534e+03
1.607843137254901933e+02 4.440007293483432477e+03
1.647058823529411598e+02 4.451326304106548378e+03
1.686274509803921546e+02 4.459527350562867468e+03
1.725490196078431211e+02 4.468785793562708932e+03
1.764705882352941160e+02 4.475453464404631632e+03
1.803921568627450824e+02 4.480193118756939839e+03
1.843137254901960773e+02 4.483667512287933278e+03
1.882352941176470438e+02 4.482228476296178997e+03
1.921568627450980387e+02 4.480051371491993450e+03
1.960784313725490051e+02 4.481311558585699458e+03
2.000000000000000000e+02 4.481592674805770002e+03
2.039215686274509665e+02 4.480021087680357596e+03
2.078431372549019613e+02 4.480034089107341060e+03
2.117647058823529278e+02 4.473702711273187560e+03
2.156862745098039227e+02 4.465232440145869077e+03
2.196078431372548891e+02 4.458828761693356682e+03
2.235294117647058840e+02 4.454416362771524291e+03
2.274509803921568505e+02 4.444096400824480952e+03
2.313725490196078454e+02 4.432104487077849626e+03
2.352941176470588118e+02 4.422676232757253274e+03
2.392156862745098067e+02 4.415766449976216791e+03
2.431372549019607732e+02 4.411360076105913322e+03
2.470588235294117680e+02 4.405929443475502922e+03
2.509803921568627345e+02 4.403800539083556032e+03
2.549019607843137010e+02 4.400707626446804170e+03
2.588235294117646959e+02 4.396695893451718803e+03
2.627450980392156907e+02 4.396121452354526809e+03
2.666666666666666288e+02 4.399059616299349727e+03
2.705882352941176237e+02 4.402073093388298730e+03
2.745098039215686185e+02 4.409578246392897199e+03
2.784313725490196134e+02 4.418167908672902740e+03
2.823529411764705515e+02 4.427977643887740669e+03
2.862745098039215463e+02 4.438374821626763151e+03
2.901960784313725412e+02 4.449495005549388225e+03
2.941176470588235361e+02 4.457931029015378044e+03
2.980392156862744741e+02 4.463788330426509674e+03
3.019607843137254690e+02 4.467142222926907380e+03
3.058823529411764639e+02 4.471580624702709429e+03
3.098039215686274588e+02 4.476380529570315957e+03
3.137254901960783968e+02 4.477276201046454844e+03
3.176470588235293917e+02 4.477825432059614286e+03
3.215686274509803866e+02 4.481586015538287938e+03
3.254901960784313815e+02 4.484292214999206408e+03
3.294117647058823195e+02 4.485221024258758007e+03
3.333333333333333144e+02 4.487960361503088279e+03
3.372549019607843093e+02 4.488274615506576083e+03
3.411764705882353041e+02 4.489781829713013394e+03
3.450980392156862422e+02 4.488276518154430050e+03
3.490196078431372371e+02 4.479553194862846794e+03
3.529411764705882320e+02 4.471540827651814652e+03
3.568627450980392268e+02 4.464344854923097955e+03
3.607843137254901649e+02 4.454558110036464313e+03
3.647058823529411598e+02 4.438773426351668604e+03
3.686274509803921546e+02 4.421407166640237847e+03
3.725490196078431495e+02 4.399022039004279577e+03
3.764705882352940876e+02 4.379547011257331178e+03
3.803921568627450824e+02 4.359544791501503823e+03
3.843137254901960773e+02 4.339889012208652275e+03
3.882352941176470154e+02 4.321453305850637662e+03
3.921568627450980102e+02 4.305111304899315655e+03
3.960784313725490051e+02 4.290968447756460591e+03
4.000000000000000000e+02 4.278361978753765470e+03
4.039215686274509380e+02 4.266629142222925111e+03
4.078431372549019329e+02 4.251564452195970262e+03
4.117647058823529278e+02 4.237554146186774233e+03
4.156862745098039227e+02 4.228984461709210336e+03
4.196078431372548607e+02 4.221649912795303862e+03
4.235294117647058556e+02 4.214887743776755087e+03
4.274509803921568505e+02 4.208803393055335619e+03
4.313725490196078454e+02 4.204270493102898399e+03
4.352941176470587834e+02 4.201394482321228679e+03
4.392156862745097783e+02 4.195969874742346292e+03
4.431372549019607732e+02 4.191614713810050489e+03
4.470588235294117680e+02 4.191947042968129608e+03
4.509803921568627061e+02 4.189218645948946687e+03
4.549019607843137010e+02 4.187047566196286425e+03
4.588235294117646959e+02 4.185509116854285821e+03
4.627450980392156907e+02 4.181135880767399613e+03
4.666666666666666288e+02 4.173973045822101085e+03
4.705882352941176237e+02 4.168346599016964319e+03
4.745098039215686185e+02 4.160728872681147550e+03
4.784313725490196134e+02 4.158958458855238860e+03
4.823529411764705515e+02 4.155196765498650166e+03
4.862745098039215463e+02 4.152971460282224143e+03
4.901960784313725412e+02 4.155810210876802557e+03
4.941176470588235361e+02 4.160185349611540914e+03
4.980392156862744741e+02 4.166880133185348313e+03
5.019607843137254690e+02 4.176677818297131125e+03
5.058823529411764639e+02 4.186050737276039399e+03
5.098039215686274019e+02 4.194983827493259014e+03
5.137254901960784537e+02 4.211285555731726163e+03
5.176470588235293917e+02 4.230629934992865856e+03
5.215686274509803297e+02 4.248690978278103103e+03
5.254901960784313815e+02 4.268966228000633237e+03
5.294117647058823195e+02 4.287099571904233926e+03
5.333333333333332575e+02 4.303015696844775448e+03
5.372549019607843093e+02 4.320151894720151176e+03
5.411764705882352473e+02 4.334091802758838639e+03
5.450980392156862990e+02 4.344699857301408883e+03
5.490196078431372371e+02 4.359664024100206007e+03
5.529411764705881751e+02 4.370995084826384300e+03
5.568627450980392268e+02 4.378527350562865649e+03
5.607843137254901649e+02 4.389918661804344993e+03
5.647058823529411029e+02 4.405003329633741487e+03
5.686274509803921546e+02 4.423645790391627088e+03
5.725490196078430927e+02 4.442197875376566117e+03
5.764705882352941444e+02 4.460554146186776961e+03
5.803921568627450824e+02 4.482151894720149357e+03
5.843137254901960205e+02 4.506915807832567225e+03
5.882352941176470722e+02 4.531257967337877744e+03
5.921568627450980102e+02 4.559444109719358494e+03
5.960784313725489483e+02 4.587148247978434483e+03
6.000000000000000000e+02 4.610044395116536180e+03
6.039215686274509380e+02 4.631630093546849821e+03
6.078431372549019898e+02 4.655402885682573469e+03
6.117647058823529278e+02 4.677804978595210741e+03
6.156862745098038658e+02 4.695278579356269802e+03
6.196078431372549176e+02 4.707778500079277364e+03
6.235294117647058556e+02 4.718772157919768688e+03
6.274509803921567936e+02 4.731726970033293583e+03
6.313725490196078454e+02 4.746597748533372396e+03
6.352941176470587834e+02 4.755515776121766066e+03
6.392156862745097214e+02 4.762746789281749443e+03
6.431372549019607732e+02 4.768245600126842874e+03
6.470588235294117112e+02 4.771198826700489917e+03
6.509803921568627629e+02 4.775104011415884088e+03
6.549019607843137010e+02 4.772092436974786324e+03
6.588235294117646390e+02 4.766429839860469656e+03
6.627450980392156907e+02 4.758839226256535767e+03
6.666666666666666288e+02 4.750043602346594525e+03
6.705882352941175668e+02 4.740765974314251253e+03
6.745098039215686185e+02 4.731729348343106722e+03
6.784313725490195566e+02 4.719345806247020846e+03
6.823529411764706083e+02 4.707850959251619315e+03
6.862745098039215463e+02 4.697169494212775135e+03
6.901960784313724844e+02 4.686457903916278156e+03
6.941176470588235361e+02 4.679183605517675460e+03
6.980392156862744741e+02 4.675301411130482848e+03
7.019607843137254122e+02 4.674796258125886197e+03
7.058823529411764639e+02 4.677683209132703269e+03
7.098039215686274019e+02 4.684007452037413714e+03
7.137254901960784537e+02 4.689533375614390025e+03
7.176470588235293917e+02 4.690025368638012878e+03
7.215686274509803297e+02 4.693382273664174136e+03
7.254901960784313815e+02 4.691825749167583126e+03
7.294117647058823195e+02 4.693254637704129891e+03
7.333333333333332575e+02 4.697744252417940515e+03
7.372549019607843093e+02 4.701089107341042109e+03
7.411764705882352473e+02 4.703394640875209006e+03
7.450980392156862990e+02 4.705534485492302338e+03
7.490196078431372371e+02 4.707614079594094619e+03
7.529411764705881751e+02 4.713281591882026078e+03
7.568627450980392268e+02 4.719129855715861595e+03
7.607843137254901649e+02 4.721751704455357867e+03
7.647058823529411029e+02 4.721252576502288321e+03
7.686274509803921546e+02 4.717707785000782678e+03
7.725490196078430927e+02 4.715473442207061453e+03
7.764705882352940307e+02 4.714594736007597930e+03
7.803921568627450824e+02 4.710805929919127266e+03
7.843137254901960205e+02 4.707664816870134018e+03
7.882352941176470722e+02 4.705186459489446861e+03
7.921568627450980102e+02 4.703385920405887191e+03
7.960784313725489483e+02 4.701510068178203255e+03
8.000000000000000000e+02 4.703116695734885980e+03
8.039215686274509380e+02 4.703940066592663243e+03
8.078431372549018761e+02 4.699714444268262014e+03
8.117647058823529278e+02 4.694765815760258192e+03
8.156862745098038658e+02 4.689877437767548145e+03
8.196078431372549176e+02 4.685832566989047336e+03
8.235294117647058556e+02 4.682646266053577165e+03
8.274509803921567936e+02 4.679565403519884967e+03
8.313725490196078454e+02 4.672294117647046733e+03
8.352941176470587834e+02 4.668671000475650544e+03
8.392156862745097214e+02 4.668711114634520527e+03
8.431372549019607732e+02 4.668148723640387288e+03
8.470588235294117112e+02 4.666260821309641869e+03
8.509803921568627629e+02 4.658781671159016696e+03
8.549019607843137010e+02 4.653579990486746283e+03
8.588235294117646390e+02 4.650700967179309373e+03
8.627450980392156907e+02 4.646677184081164341e+03
8.666666666666666288e+02 4.642352148406516790e+03
8.705882352941175668e+02 4.638569367369574138e+03
8.745098039215686185e+02 4.639715078484206970e+03
8.784313725490195566e+02 4.642351989852529186e+03
8.823529411764704946e+02 4.647353733946391912e+03
8.862745098039215463e+02 4.654825749167575850e+03
8.901960784313724844e+02 4.664105279847773090e+03
8.941176470588235361e+02 4.670986840019008923e+03
8.980392156862744741e+02 4.675545742825413981e+03
9.019607843137254122e+02 4.677827176153462460e+03
9.058823529411764639e+02 4.677846202631980304e+03
9.098039215686274019e+02 4.675587759632137022e+03
9.137254901960783400e+02 4.671006659267462965e+03
9.176470588235293917e+02 4.671881243063245165e+03
9.215686274509803297e+02 4.673855398763261292e+03
9.254901960784313815e+02 4.676883938481032601e+03
9.294117647058823195e+02 4.677378944030423554e+03
9.333333333333332575e+02 4.678807832566971229e+03
9.372549019607843093e+02 4.676784366576802313e+03
9.411764705882352473e+02 4.675514032027885150e+03
9.450980392156861853e+02 4.675659584588534017e+03
9.490196078431372371e+02 4.677115585856968210e+03
9.529411764705881751e+02 4.679008403361322962e+03
9.568627450980392268e+02 4.681232598699837581e+03
9.607843137254901649e+02 4.687993657840473134e+03
9.647058823529411029e+02 4.699216267639108082e+03
9.686274509803921546e+02 4.714855240209270050e+03
9.725490196078430927e+02 4.734895512922130365e+03
9.764705882352940307e+02 4.751498493737096396e+03
9.803921568627450824e+02 4.772502774694764412e+03
9.843137254901960205e+02 4.793612494054203125e+03
9.882352941176470722e+02 4.814842714444248486e+03
9.921568627450980102e+02 4.832665768194046905e+03
9.960784313725489483e+02 4.847066592674783351e+03
1.000000000000000000e+03 4.857999999999978172e+03
