35.9481 91.5802 46.4119
35.116 91.1992 61.3837
34.3845 90.9066 76.3615
33.6499 90.614 91.3394
33.0159 90.3732 106.326
32.385 90.1355 121.31
31.8303 89.9617 136.297
31.2816 89.788 151.287
30.8092 89.6661 166.281
30.3459 89.5472 181.271
29.9649 89.41 196.267
29.5961 89.2668 211.26
29.3004 89.0717 226.256
29.017 88.8675 241.252
28.7426 88.6206 256.248
28.4714 88.3615 271.245
28.2062 88.1024 286.238
27.941 87.8434 301.234
27.685 87.502 316.227
27.432 87.1332 331.22
27.1851 86.6943 346.213
26.9382 86.2249 361.203
26.7157 85.7646 376.193
26.5054 85.3074 391.186
26.3256 84.835 406.176
26.164 84.3564 421.17
26.0543 83.8749 436.16
25.9812 83.3963 451.153
25.9659 82.9361 466.146
25.9903 82.4911 481.139
26.1153 82.1466 496.132
26.3225 81.8754 511.128
26.5725 81.6894 526.124
26.8681 81.5797 541.121
27.1089 81.473 556.12
27.2948 81.3633 571.119
27.429 81.2505 586.115
27.5021 81.1317 601.114
27.5448 81.025 616.117
27.5417 80.9274 631.116
34.9209 691.216 183.996
34.1406 690.808 198.97
33.3604 690.399 213.945
32.6989 690.082 228.926
32.0406 689.768 243.907
31.4615 689.494 258.894
30.8884 689.226 273.881
30.3916 688.979 288.871
29.9009 688.738 303.861
29.5046 688.516 318.854
29.1267 688.296 333.847
28.7853 688.086 348.841
28.4531 687.876 363.837
28.1269 687.641 378.833
27.8008 687.397 393.826
27.5021 687.086 408.819
27.2095 686.754 423.812
26.9291 686.422 438.805
26.6487 686.093 453.801
26.3622 685.818 468.795
26.0726 685.565 483.791
25.7983 685.3 498.784
25.527 685.029 513.78
25.2771 684.745 528.776
25.0363 684.45 543.769
24.7863 684.169 558.765
24.5242 683.895 573.762
24.2438 683.605 588.755
23.942 683.301 603.748
23.6403 683.005 618.744
23.3355 682.715 633.737
23.0215 682.432 648.73
22.7015 682.158 663.726
22.3723 681.877 678.719
22.037 681.591 693.713
21.7018 681.329 708.706
21.3634 681.1 723.702
21.019 680.92 738.695
20.6654 680.817 753.691
20.3149 680.71 768.687
