0.446466215283 3921.61892524
1.04170604976 3921.61892524
1.63694588423 3921.61892524
2.2321857187 3921.61892524
2.82742555317 3921.61892524
3.42266538765 3921.61892524
4.01790522212 3921.61892524
4.61314505659 3921.61892524
5.20838489106 3921.61892524
5.80362472554 3921.61892524
6.39886456001 3921.61892524
6.99410439448 3921.61892524
7.58934422895 3921.61892524
8.18458406343 3921.61892524
8.7798238979 3921.61892524
9.37506373237 3921.61892524
9.97030356685 3921.61892524
10.5655434013 3921.61892524
11.1607832358 3921.61892524
11.7560230703 3921.61892524
12.3512629047 3921.61892524
12.9465027392 3921.61892524
13.5417425737 3921.61892524
14.1369824082 3921.61892524
14.7322222426 3921.61892524
15.3274620771 3921.61892524
15.9227019116 3921.61892524
16.517941746 3921.61892524
17.1131815805 3921.61892524
17.708421415 3921.61892524
18.3036612495 3921.61892524
18.8989010839 3921.61892524
19.4941409184 3921.61892524
20.0893807529 3921.61892524
20.6846205874 3921.61892524
21.2798604218 3921.61892524
21.8751002563 3921.61892524
22.4703400908 3921.61892524
23.0655799252 3921.61892524
23.6608197597 3921.61892524
24.2560595942 3921.61892524
24.8512994287 3921.61892524
25.4465392631 3921.61892524
26.0417790976 3921.61892524
26.6370189321 3921.61892524
27.2322587666 3921.61892524
27.827498601 3921.61892524
28.4227384355 3921.61892524
29.01797827 3921.61892524
29.6132181044 3921.61892524
30.2084579389 3921.61892524
30.8036977734 3921.61892524
31.3989376079 3921.61892524
31.9941774423 3921.61892524
32.5894172768 3921.61892524
33.1846571113 3921.61892524
33.7798969458 3921.61892524
34.3751367802 3921.61892524
34.9703766147 3921.61892524
35.5656164492 3921.61892524
36.1608562836 3921.61892524
36.7560961181 3921.61892524
37.3513359526 3921.61892524
37.9465757871 3921.61892524
38.5418156215 3921.61892524
39.137055456 3921.61892524
39.7322952905 3921.61892524
40.327535125 3921.61892524
40.9227749594 3921.61892524
41.5180147939 3921.61892524
42.1132546284 3921.61892524
42.7084944628 3921.61892524
43.3037342973 3921.61892524
43.8989741318 3921.61892524
44.4942139663 3921.61892524
45.0894538007 3921.61892524
45.6846936352 3921.61892524
46.2799334697 3921.61892524
46.8751733041 3921.61892524
47.4704131386 3921.61892524
48.0656529731 3921.61892524
48.6608928076 3921.61892524
49.256132642 3921.61892524
49.8513724765 3921.61892524
50.446612311 3921.61892524
51.0418521455 3921.61892524
51.6370919799 3921.61892524
52.2323318144 3921.61892524
52.8275716489 3921.61892524
53.4228114833 3921.61892524
54.0180513178 3921.61892524
54.6132911523 3921.61892524
55.2085309868 3921.61892524
55.8037708212 3921.61892524
56.3990106557 3921.61892524
56.9942504902 3921.61892524
57.5894903247 3921.61892524
58.1847301591 3921.61892524
58.7799699936 3921.61892524
59.3752098281 3921.61892524
59.9704496625 3921.61892524
60.565689497 3921.61892524
61.1609293315 3921.61892524
61.756169166 3921.61892524
62.3514090004 3921.61892524
62.9466488349 3921.61892524
63.5418886694 3921.61892524
64.1371285039 3921.61892524
64.7323683383 3921.61892524
65.3276081728 3921.61892524
65.9228480073 3921.61892524
66.5180878417 3921.61892524
67.1133276762 3921.61892524
67.7085675107 3921.61892524
68.3038073452 3921.61892524
68.8990471796 3921.61892524
69.4942870141 3921.61892524
70.0895268486 3921.61892524
70.6847666831 3921.61892524
71.2800065175 3921.61892524
71.875246352 3921.61892524
72.4704861865 3921.61892524
73.0657260209 3921.61892524
73.6609658554 3921.61892524
74.2562056899 3921.61892524
74.8514455244 3921.61892524
75.4466853588 3921.61892524
76.0419251933 3921.61892524
76.6371650278 3921.61892524
77.2324048623 3921.61892524
77.8276446967 3921.61892524
78.4228845312 3921.61892524
79.0181243657 3921.61892524
79.6133642001 3921.61892524
80.2086040346 3921.61892524
80.8038438691 3921.61892524
81.3990837036 3921.61892524
81.994323538 3921.61892524
82.5895633725 3921.61892524
83.184803207 3921.61892524
83.7800430415 3921.61892524
84.3752828759 3921.61892524
84.9705227104 3921.61892524
85.5657625449 3921.61892524
86.1610023793 3921.61892524
86.7562422138 3921.61892524
87.3514820483 3921.61892524
87.9467218828 3921.61892524
88.5419617172 3921.61892524
89.1372015517 3921.61892524
89.7324413862 3921.61892524
90.3276812207 3921.61892524
90.9229210551 3921.61892524
91.5181608896 3921.61892524
92.1134007241 3921.61892524
92.7086405585 3921.61892524
93.303880393 3921.61892524
93.8991202275 3921.61892524
94.494360062 3921.61892524
95.0895998964 3921.61892524
95.6848397309 3921.61892524
96.2800795654 3921.61892524
96.8753193999 3921.61892524
97.4705592343 3921.61892524
98.0657990688 3921.61892524
98.6610389033 3921.61892524
99.2562787377 3921.61892524
99.8515185722 3921.61892524
100.446758407 3921.61892524
101.041998241 3921.61892524
101.637238076 3921.61892524
102.23247791 3921.61892524
102.827717745 3921.61892524
103.422957579 3921.61892524
104.018197414 3921.61892524
104.613437248 3921.61892524
105.208677082 3921.61892524
105.803916917 3921.61892524
106.399156751 3921.61892524
106.994396586 3921.61892524
107.58963642 3921.61892524
108.184876255 3921.61892524
108.780116089 3921.61892524
109.375355924 3921.61892524
109.970595758 3921.61892524
110.565835593 3921.61892524
111.161075427 3921.61892524
111.756315262 3921.61892524
112.351555096 3921.61892524
112.946794931 3921.61892524
113.542034765 3921.61892524
114.1372746 3921.61892524
114.732514434 3921.61892524
115.327754269 3921.61892524
115.922994103 3921.61892524
116.518233937 3921.61892524
117.113473772 3921.61892524
117.708713606 3921.61892524
118.303953441 3921.61892524
118.899193275 3921.61892524
119.49443311 3921.61892524
120.089672944 3921.61892524
120.684912779 3921.61892524
121.280152613 3921.61892524
121.875392448 3921.61892524
122.470632282 3921.61892524
123.065872117 3921.61892524
123.661111951 3921.61892524
124.256351786 3921.61892524
124.85159162 3921.61892524
125.446831455 3921.61892524
126.042071289 3921.61892524
126.637311123 3921.61892524
127.232550958 3921.61892524
127.827790792 3921.61892524
128.423030627 3921.61892524
129.018270461 3921.61892524
129.613510296 3921.61892524
130.20875013 3921.61892524
130.803989965 3921.61892524
131.399229799 3921.61892524
131.994469634 3921.61892524
132.589709468 3921.61892524
133.184949303 3921.61892524
133.780189137 3921.61892524
134.375428972 3921.61892524
134.970668806 3921.61892524
135.565908641 3921.61892524
136.161148475 3921.61892524
136.75638831 3921.61892524
137.351628144 3921.61892524
137.946867978 3921.61892524
138.542107813 3921.61892524
139.137347647 3921.61892524
139.732587482 3921.61892524
140.327827316 3921.61892524
140.923067151 3921.61892524
141.518306985 3921.61892524
142.11354682 3921.61892524
142.708786654 3921.61892524
143.304026489 3921.61892524
143.899266323 3921.61892524
144.494506158 3921.61892524
145.089745992 3921.61892524
145.684985827 3921.61892524
146.280225661 3921.61892524
146.875465496 3921.61892524
147.47070533 3921.61892524
148.065945165 3921.61892524
148.661184999 3921.61892524
149.256424833 3921.61892524
149.851664668 3921.61892524
150.446904502 3921.61892524
151.042144337 3921.61892524
151.637384171 3921.61892524
152.232624006 3921.61892524
152.82786384 3921.61892524
153.423103675 3921.61892524
154.018343509 3921.61892524
154.613583344 3921.61892524
155.208823178 3921.61892524
155.804063013 3921.61892524
156.399302847 3921.61892524
156.994542682 3921.61892524
157.589782516 3921.61892524
158.185022351 3921.61892524
158.780262185 3921.61892524
159.375502019 3921.61892524
159.970741854 3921.61892524
160.565981688 3921.61892524
161.161221523 3921.61892524
161.756461357 3921.61892524
162.351701192 3921.61892524
162.946941026 3921.61892524
163.542180861 3921.61892524
164.137420695 3921.61892524
164.73266053 3921.61892524
165.327900364 3921.61892524
165.923140199 3921.61892524
166.518380033 3921.61892524
167.113619868 3921.61892524
167.708859702 3921.61892524
168.304099537 3921.61892524
168.899339371 3921.61892524
169.494579206 3921.61892524
170.08981904 3921.61892524
170.685058874 3921.61892524
171.280298709 3921.61892524
171.875538543 3921.61892524
172.470778378 3921.61892524
173.066018212 3921.61892524
173.661258047 3921.61892524
174.256497881 3921.61892524
174.851737716 3921.61892524
175.44697755 3921.61892524
176.042217385 3921.61892524
176.637457219 3921.61892524
177.232697054 3921.61892524
177.827936888 3921.61892524
178.423176723 3921.61892524
179.018416557 3921.61892524
179.613656392 3921.61892524
180.208896226 3921.61892524
180.80413606 3921.61892524
181.399375895 3921.61892524
181.994615729 3921.61892524
182.589855564 3921.61892524
183.185095398 3921.61892524
183.780335233 3921.61892524
184.375575067 3921.61892524
184.970814902 3921.61892524
185.566054736 3921.61892524
186.161294571 3921.61892524
186.756534405 3921.61892524
187.35177424 3921.61892524
187.947014074 3921.61892524
188.542253909 3921.61892524
189.137493743 3921.61892524
189.732733578 3921.61892524
190.327973412 3921.61892524
190.923213247 3921.61892524
191.518453081 3921.61892524
192.113692915 3921.61892524
192.70893275 3921.61892524
193.304172584 3921.61892524
193.899412419 3921.61892524
194.494652253 3921.61892524
195.089892088 3921.61892524
195.685131922 3921.61892524
196.280371757 3921.61892524
196.875611591 3921.61892524
197.470851426 3921.61892524
198.06609126 3921.61892524
198.661331095 3921.61892524
199.256570929 3921.61892524
199.851810764 3921.61892524
200.447050598 3921.61892524
201.042290433 3921.61892524
201.637530267 3921.61892524
202.232770102 3921.61892524
202.828009936 3921.61892524
203.42324977 3921.61892524
204.018489605 3921.61892524
204.613729439 3921.61892524
205.208969274 3921.61892524
205.804209108 3921.61892524
206.399448943 3921.61892524
206.994688777 3921.61892524
207.589928612 3921.61892524
208.185168446 3921.61892524
208.780408281 3921.61892524
209.375648115 3921.61892524
209.97088795 3921.61892524
210.566127784 3921.61892524
211.161367619 3921.61892524
211.756607453 3921.61892524
212.351847288 3921.61892524
212.947087122 3921.61892524
213.542326956 3921.61892524
214.137566791 3921.61892524
214.732806625 3921.61892524
215.32804646 3921.61892524
215.923286294 3921.61892524
216.518526129 3921.61892524
217.113765963 3921.61892524
217.709005798 3921.61892524
218.304245632 3921.61892524
218.899485467 3921.61892524
219.494725301 3921.61892524
220.089965136 3921.61892524
220.68520497 3921.61892524
221.280444805 3921.61892524
221.875684639 3921.61892524
222.470924474 3921.61892524
223.066164308 3921.61892524
223.661404143 3921.61892524
224.256643977 3921.61892524
224.851883811 3921.61892524
225.447123646 3921.61892524
226.04236348 3921.61892524
226.637603315 3921.61892524
227.232843149 3921.61892524
227.828082984 3921.61892524
228.423322818 3921.61892524
229.018562653 3921.61892524
229.613802487 3921.61892524
230.209042322 3921.61892524
230.804282156 3921.61892524
231.399521991 3921.61892524
231.994761825 3921.61892524
232.59000166 3921.61892524
233.185241494 3921.61892524
233.780481329 3921.61892524
234.375721163 3921.61892524
234.970960998 3921.61892524
235.566200832 3921.61892524
236.161440666 3921.61892524
236.756680501 3921.61892524
237.351920335 3921.61892524
237.94716017 3921.61892524
238.542400004 3921.61892524
239.137639839 3921.61892524
239.732879673 3921.61892524
240.328119508 3921.61892524
240.923359342 3921.61892524
241.518599177 3921.61892524
242.113839011 3921.61892524
242.709078846 3921.61892524
243.30431868 3921.61892524
243.899558515 3921.61892524
244.494798349 3921.61892524
245.090038184 3921.61892524
245.685278018 3921.61892524
246.280517852 3921.61892524
246.875757687 3921.61892524
247.470997521 3921.61892524
248.066237356 3921.61892524
248.66147719 3921.61892524
249.256717025 3921.61892524
249.851956859 3921.61892524
250.447196694 3921.61892524
251.042436528 3921.61892524
251.637676363 3921.61892524
252.232916197 3921.61892524
252.828156032 3921.61892524
253.423395866 3921.61892524
254.018635701 3921.61892524
254.613875535 3921.61892524
255.20911537 3921.61892524
255.804355204 3921.61892524
256.399595039 3921.61892524
256.994834873 3921.61892524
257.590074707 3921.61892524
258.185314542 3921.61892524
258.780554376 3921.61892524
259.375794211 3921.61892524
259.971034045 3921.61892524
260.56627388 3921.61892524
261.161513714 3921.61892524
261.756753549 3921.61892524
262.351993383 3921.61892524
262.947233218 3921.61892524
263.542473052 3921.61892524
264.137712887 3921.61892524
264.732952721 3921.61892524
265.328192556 3921.61892524
265.92343239 3921.61892524
266.518672225 3921.61892524
267.113912059 3921.61892524
267.709151894 3921.61892524
268.304391728 3921.61892524
268.899631562 3921.61892524
269.494871397 3921.61892524
270.090111231 3921.61892524
270.685351066 3921.61892524
271.2805909 3921.61892524
271.875830735 3921.61892524
272.471070569 3921.61892524
273.066310404 3921.61892524
273.661550238 3921.61892524
274.256790073 3921.61892524
274.852029907 3921.61892524
275.447269742 3921.61892524
276.042509576 3921.61892524
276.637749411 3921.61892524
277.232989245 3921.61892524
277.82822908 3921.61892524
278.423468914 3921.61892524
279.018708748 3921.61892524
279.613948583 3921.61892524
280.209188417 3921.61892524
280.804428252 3921.61892524
281.399668086 3921.61892524
281.994907921 3921.61892524
282.590147755 3921.61892524
283.18538759 3921.61892524
283.780627424 3921.61892524
284.375867259 3921.61892524
284.971107093 3921.61892524
285.566346928 3921.61892524
286.161586762 3921.61892524
286.756826597 3921.61892524
287.352066431 3921.61892524
287.947306266 3921.61892524
288.5425461 3921.61892524
289.137785935 3921.61892524
289.733025769 3921.61892524
290.328265603 3921.61892524
290.923505438 3921.61892524
291.518745272 3921.61892524
292.113985107 3921.61892524
292.709224941 3921.61892524
293.304464776 3921.61892524
293.89970461 3921.61892524
294.494944445 3921.61892524
295.090184279 3921.61892524
295.685424114 3921.61892524
296.280663948 3921.61892524
296.875903783 3921.61892524
297.471143617 3921.61892524
298.066383452 3921.61892524
298.661623286 3921.61892524
299.256863121 3921.61892524
299.852102955 3921.61892524
300.44734279 3921.61892524
301.042582624 3921.61892524
301.637822458 3921.61892524
302.233062293 3921.61892524
302.828302127 3921.61892524
303.423541962 3921.61892524
304.018781796 3921.61892524
304.614021631 3921.61892524
305.209261465 3996.48724255
305.8045013 3996.48724255
306.399741134 3996.48724255
306.994980969 3996.48724255
307.590220803 3996.48724255
308.185460638 3996.48724255
308.780700472 3996.48724255
309.375940307 3996.48724255
309.971180141 3996.48724255
310.566419976 3996.48724255
311.16165981 3996.48724255
311.756899644 3996.48724255
312.352139479 3996.48724255
312.947379313 3996.48724255
313.542619148 3996.48724255
314.137858982 3996.48724255
314.733098817 3996.48724255
315.328338651 3996.48724255
315.923578486 3996.48724255
316.51881832 3996.48724255
317.114058155 3996.48724255
317.709297989 3996.48724255
318.304537824 3996.48724255
318.899777658 3996.48724255
319.495017493 3996.48724255
320.090257327 3996.48724255
320.685497162 3996.48724255
321.280736996 3996.48724255
321.875976831 3996.48724255
322.471216665 3996.48724255
323.066456499 3996.48724255
323.661696334 3996.48724255
324.256936168 3996.48724255
324.852176003 3996.48724255
325.447415837 3996.48724255
326.042655672 3996.48724255
326.637895506 3996.48724255
327.233135341 3996.48724255
327.828375175 3996.48724255
328.42361501 3996.48724255
329.018854844 3996.48724255
329.614094679 3996.48724255
330.209334513 3996.48724255
330.804574348 3996.48724255
331.399814182 3996.48724255
331.995054017 3996.48724255
332.590293851 3996.48724255
333.185533685 3996.48724255
333.78077352 3996.48724255
334.376013354 3996.48724255
334.971253189 3996.48724255
335.566493023 3996.48724255
336.161732858 3996.48724255
336.756972692 3996.48724255
337.352212527 3996.48724255
337.947452361 3996.48724255
338.542692196 3996.48724255
339.13793203 3996.48724255
339.733171865 3996.48724255
340.328411699 3996.48724255
340.923651534 3996.48724255
341.518891368 3996.48724255
342.114131203 3996.48724255
342.709371037 3996.48724255
343.304610872 3996.48724255
343.899850706 3996.48724255
344.49509054 3996.48724255
345.090330375 3996.48724255
345.685570209 3996.48724255
346.280810044 3996.48724255
346.876049878 3996.48724255
347.471289713 3996.48724255
348.066529547 3996.48724255
348.661769382 3996.48724255
349.257009216 3996.48724255
349.852249051 3996.48724255
350.447488885 3996.48724255
351.04272872 3996.48724255
351.637968554 3996.48724255
352.233208389 3996.48724255
352.828448223 3996.48724255
353.423688058 3996.48724255
354.018927892 3996.48724255
354.614167727 3996.48724255
355.209407561 3996.48724255
355.804647395 3996.48724255
356.39988723 3996.48724255
356.995127064 3996.48724255
357.590366899 3996.48724255
358.185606733 3996.48724255
358.780846568 3996.48724255
359.376086402 3996.48724255
359.971326237 3996.48724255
360.566566071 3996.48724255
361.161805906 3996.48724255
361.75704574 3996.48724255
362.352285575 3996.48724255
362.947525409 3996.48724255
363.542765244 3996.48724255
364.138005078 3996.48724255
364.733244913 3996.48724255
365.328484747 3996.48724255
365.923724581 3996.48724255
366.518964416 3996.48724255
367.11420425 3996.48724255
367.709444085 3996.48724255
368.304683919 3996.48724255
368.899923754 3996.48724255
369.495163588 3996.48724255
370.090403423 3996.48724255
370.685643257 3996.48724255
371.280883092 3996.48724255
371.876122926 3996.48724255
372.471362761 3996.48724255
373.066602595 3996.48724255
373.66184243 3996.48724255
374.257082264 3996.48724255
374.852322099 3996.48724255
375.447561933 3996.48724255
376.042801768 3996.48724255
376.638041602 3996.48724255
377.233281436 3996.48724255
377.828521271 3996.48724255
378.423761105 3996.48724255
379.01900094 3996.48724255
379.614240774 3996.48724255
380.209480609 3996.48724255
380.804720443 3996.48724255
381.399960278 3996.48724255
381.995200112 3996.48724255
382.590439947 3996.48724255
383.185679781 3996.48724255
383.780919616 3996.48724255
384.37615945 3996.48724255
384.971399285 3996.48724255
385.566639119 3996.48724255
386.161878954 3996.48724255
386.757118788 3996.48724255
387.352358623 3996.48724255
387.947598457 3996.48724255
388.542838291 3996.48724255
389.138078126 3996.48724255
389.73331796 3996.48724255
390.328557795 3996.48724255
390.923797629 3996.48724255
391.519037464 3996.48724255
392.114277298 3996.48724255
392.709517133 3996.48724255
393.304756967 3996.48724255
393.899996802 3996.48724255
394.495236636 3996.48724255
395.090476471 3996.48724255
395.685716305 3996.48724255
396.28095614 3996.48724255
396.876195974 3996.48724255
397.471435809 3996.48724255
398.066675643 3996.48724255
398.661915477 3996.48724255
399.257155312 3996.48724255
399.852395146 3996.48724255
400.447634981 3996.48724255
401.042874815 3996.48724255
401.63811465 3996.48724255
402.233354484 3996.48724255
402.828594319 3996.48724255
403.423834153 3996.48724255
404.019073988 3996.48724255
404.614313822 3996.48724255
405.209553657 3996.48724255
405.804793491 3996.48724255
406.400033326 3996.48724255
406.99527316 3996.48724255
407.590512995 3996.48724255
408.185752829 3996.48724255
408.780992664 3996.48724255
409.376232498 3996.48724255
409.971472332 3996.48724255
410.566712167 3996.48724255
411.161952001 3996.48724255
411.757191836 3996.48724255
412.35243167 3996.48724255
412.947671505 3996.48724255
413.542911339 3996.48724255
414.138151174 3996.48724255
414.733391008 3996.48724255
415.328630843 3996.48724255
415.923870677 3996.48724255
416.519110512 3996.48724255
417.114350346 3996.48724255
417.709590181 3996.48724255
418.304830015 3996.48724255
418.90006985 3996.48724255
419.495309684 3996.48724255
420.090549519 3996.48724255
420.685789353 3996.48724255
421.281029187 3996.48724255
421.876269022 3996.48724255
422.471508856 3996.48724255
423.066748691 3996.48724255
423.661988525 3996.48724255
424.25722836 3996.48724255
424.852468194 3996.48724255
425.447708029 3996.48724255
426.042947863 3996.48724255
426.638187698 3996.48724255
427.233427532 3996.48724255
427.828667367 3996.48724255
428.423907201 3996.48724255
429.019147036 3996.48724255
429.61438687 3996.48724255
430.209626705 3996.48724255
430.804866539 3996.48724255
431.400106373 3996.48724255
431.995346208 3996.48724255
432.590586042 3996.48724255
433.185825877 3996.48724255
433.781065711 3996.48724255
434.376305546 3996.48724255
434.97154538 3996.48724255
435.566785215 3996.48724255
436.162025049 3996.48724255
436.757264884 3996.48724255
437.352504718 3996.48724255
437.947744553 3996.48724255
438.542984387 3996.48724255
439.138224222 3996.48724255
439.733464056 3996.48724255
440.328703891 3996.48724255
440.923943725 3996.48724255
441.51918356 3996.48724255
442.114423394 3996.48724255
442.709663228 3996.48724255
443.304903063 3996.48724255
443.900142897 3996.48724255
444.495382732 3996.48724255
445.090622566 3996.48724255
445.685862401 3996.48724255
446.281102235 3996.48724255
446.87634207 3996.48724255
447.471581904 3996.48724255
448.066821739 3996.48724255
448.662061573 3996.48724255
449.257301408 3996.48724255
449.852541242 3996.48724255
450.447781077 3996.48724255
451.043020911 3996.48724255
451.638260746 3996.48724255
452.23350058 3996.48724255
452.828740415 3996.48724255
453.423980249 3996.48724255
454.019220083 3996.48724255
454.614459918 3996.48724255
455.209699752 3996.48724255
455.804939587 3996.48724255
456.400179421 3996.48724255
456.995419256 3996.48724255
457.59065909 3739.10909213
458.185898925 3739.10909213
458.781138759 3739.10909213
459.376378594 3739.10909213
459.971618428 3739.10909213
460.566858263 3739.10909213
461.162098097 3739.10909213
461.757337932 3739.10909213
462.352577766 3739.10909213
462.947817601 3739.10909213
463.543057435 3739.10909213
464.138297269 3739.10909213
464.733537104 3739.10909213
465.328776938 3739.10909213
465.924016773 3739.10909213
466.519256607 3739.10909213
467.114496442 3739.10909213
467.709736276 3739.10909213
468.304976111 3739.10909213
468.900215945 3739.10909213
469.49545578 3739.10909213
470.090695614 3739.10909213
470.685935449 3739.10909213
471.281175283 3739.10909213
471.876415118 3739.10909213
472.471654952 3739.10909213
473.066894787 3739.10909213
473.662134621 3739.10909213
474.257374456 3739.10909213
474.85261429 3739.10909213
475.447854124 3739.10909213
476.043093959 3739.10909213
476.638333793 3739.10909213
477.233573628 3739.10909213
477.828813462 3739.10909213
478.424053297 3739.10909213
479.019293131 3739.10909213
479.614532966 3739.10909213
480.2097728 3739.10909213
480.805012635 3739.10909213
481.400252469 3739.10909213
481.995492304 3739.10909213
482.590732138 3739.10909213
483.185971973 3739.10909213
483.781211807 3739.10909213
484.376451642 3739.10909213
484.971691476 3739.10909213
485.56693131 3739.10909213
486.162171145 3739.10909213
486.757410979 3739.10909213
487.352650814 3739.10909213
487.947890648 3739.10909213
488.543130483 3739.10909213
489.138370317 3739.10909213
489.733610152 3739.10909213
490.328849986 3739.10909213
490.924089821 3739.10909213
491.519329655 3739.10909213
492.11456949 3739.10909213
492.709809324 3739.10909213
493.305049159 3739.10909213
493.900288993 3739.10909213
494.495528828 3739.10909213
495.090768662 3739.10909213
495.686008497 3739.10909213
496.281248331 3739.10909213
496.876488165 3739.10909213
497.471728 3739.10909213
498.066967834 3739.10909213
498.662207669 3739.10909213
499.257447503 3739.10909213
499.852687338 3739.10909213
500.447927172 3739.10909213
501.043167007 3739.10909213
501.638406841 3739.10909213
502.233646676 3739.10909213
502.82888651 3739.10909213
503.424126345 3739.10909213
504.019366179 3739.10909213
504.614606014 3739.10909213
505.209845848 3739.10909213
505.805085683 3739.10909213
506.400325517 3739.10909213
506.995565352 3739.10909213
507.590805186 3739.10909213
508.18604502 3739.10909213
508.781284855 3739.10909213
509.376524689 3739.10909213
509.971764524 3739.10909213
510.567004358 3739.10909213
511.162244193 3739.10909213
511.757484027 3739.10909213
512.352723862 3739.10909213
512.947963696 3739.10909213
513.543203531 3739.10909213
514.138443365 3739.10909213
514.7336832 3739.10909213
515.328923034 3739.10909213
515.924162869 3739.10909213
516.519402703 3739.10909213
517.114642538 3739.10909213
517.709882372 3739.10909213
518.305122206 3739.10909213
518.900362041 3739.10909213
519.495601875 3739.10909213
520.09084171 3739.10909213
520.686081544 3739.10909213
521.281321379 3739.10909213
521.876561213 3739.10909213
522.471801048 3739.10909213
523.067040882 3739.10909213
523.662280717 3739.10909213
524.257520551 3739.10909213
524.852760386 3739.10909213
525.44800022 3739.10909213
526.043240055 3739.10909213
526.638479889 3739.10909213
527.233719724 3739.10909213
527.828959558 3739.10909213
528.424199393 3739.10909213
529.019439227 3739.10909213
529.614679061 3739.10909213
530.209918896 3739.10909213
530.80515873 3739.10909213
531.400398565 3739.10909213
531.995638399 3739.10909213
532.590878234 3739.10909213
533.186118068 3739.10909213
533.781357903 4253.86539297
534.376597737 4253.86539297
534.971837572 4253.86539297
535.567077406 4253.86539297
536.162317241 4253.86539297
536.757557075 4253.86539297
537.35279691 4253.86539297
537.948036744 4253.86539297
538.543276579 4253.86539297
539.138516413 4253.86539297
539.733756248 4253.86539297
540.328996082 4253.86539297
540.924235916 4253.86539297
541.519475751 4253.86539297
542.114715585 4253.86539297
542.70995542 4253.86539297
543.305195254 4253.86539297
543.900435089 4253.86539297
544.495674923 4253.86539297
545.090914758 4253.86539297
545.686154592 4253.86539297
546.281394427 4253.86539297
546.876634261 4253.86539297
547.471874096 4253.86539297
548.06711393 4253.86539297
548.662353765 4253.86539297
549.257593599 4253.86539297
549.852833434 4253.86539297
550.448073268 4253.86539297
551.043313102 4253.86539297
551.638552937 4253.86539297
552.233792771 4253.86539297
552.829032606 4253.86539297
553.42427244 4253.86539297
554.019512275 4253.86539297
554.614752109 4253.86539297
555.209991944 4253.86539297
555.805231778 4253.86539297
556.400471613 4253.86539297
556.995711447 4253.86539297
557.590951282 4253.86539297
558.186191116 4253.86539297
558.781430951 4253.86539297
559.376670785 4253.86539297
559.97191062 4253.86539297
560.567150454 4253.86539297
561.162390289 4253.86539297
561.757630123 4253.86539297
562.352869957 4253.86539297
562.948109792 4253.86539297
563.543349626 4253.86539297
564.138589461 4253.86539297
564.733829295 4253.86539297
565.32906913 4253.86539297
565.924308964 4253.86539297
566.519548799 4253.86539297
567.114788633 4253.86539297
567.710028468 4253.86539297
568.305268302 4253.86539297
568.900508137 4253.86539297
569.495747971 4253.86539297
570.090987806 4253.86539297
570.68622764 4253.86539297
571.281467475 4253.86539297
571.876707309 4253.86539297
572.471947144 4253.86539297
573.067186978 4253.86539297
573.662426812 4253.86539297
574.257666647 4253.86539297
574.852906481 4253.86539297
575.448146316 4253.86539297
576.04338615 4253.86539297
576.638625985 4253.86539297
577.233865819 4253.86539297
577.829105654 4253.86539297
578.424345488 4253.86539297
579.019585323 4253.86539297
579.614825157 4253.86539297
580.210064992 4253.86539297
580.805304826 4253.86539297
581.400544661 4253.86539297
581.995784495 4253.86539297
582.59102433 4253.86539297
583.186264164 4253.86539297
583.781503998 4253.86539297
584.376743833 4253.86539297
584.971983667 4253.86539297
585.567223502 4253.86539297
586.162463336 4253.86539297
586.757703171 4253.86539297
587.352943005 4253.86539297
587.94818284 4253.86539297
588.543422674 4253.86539297
589.138662509 4253.86539297
589.733902343 4253.86539297
590.329142178 4253.86539297
590.924382012 4253.86539297
591.519621847 4253.86539297
592.114861681 4253.86539297
592.710101516 4253.86539297
593.30534135 4253.86539297
593.900581185 4253.86539297
594.495821019 4253.86539297
595.091060853 4253.86539297
595.686300688 4253.86539297
596.281540522 4253.86539297
596.876780357 4253.86539297
597.472020191 4253.86539297
598.067260026 4253.86539297
598.66249986 4253.86539297
599.257739695 4253.86539297
599.852979529 4253.86539297
600.448219364 4253.86539297
601.043459198 4253.86539297
601.638699033 4253.86539297
602.233938867 4253.86539297
602.829178702 4253.86539297
603.424418536 4253.86539297
604.019658371 4253.86539297
604.614898205 4253.86539297
605.21013804 4253.86539297
605.805377874 4253.86539297
606.400617708 4253.86539297
606.995857543 4253.86539297
607.591097377 4253.86539297
608.186337212 4253.86539297
608.781577046 4253.86539297
609.376816881 4253.86539297
609.972056715 4872.31359132
610.56729655 4872.31359132
611.162536384 4872.31359132
611.757776219 4872.31359132
612.353016053 4872.31359132
612.948255888 4872.31359132
613.543495722 4872.31359132
614.138735557 4872.31359132
614.733975391 4872.31359132
615.329215226 4872.31359132
615.92445506 4872.31359132
616.519694894 4872.31359132
617.114934729 4872.31359132
617.710174563 4872.31359132
618.305414398 4872.31359132
618.900654232 4872.31359132
619.495894067 4872.31359132
620.091133901 4872.31359132
620.686373736 4872.31359132
621.28161357 4872.31359132
621.876853405 4872.31359132
622.472093239 4872.31359132
623.067333074 4872.31359132
623.662572908 4872.31359132
624.257812743 4872.31359132
624.853052577 4872.31359132
625.448292412 4872.31359132
626.043532246 4872.31359132
626.638772081 4872.31359132
627.234011915 4872.31359132
627.829251749 4872.31359132
628.424491584 4872.31359132
629.019731418 4872.31359132
629.614971253 4872.31359132
630.210211087 4872.31359132
630.805450922 4872.31359132
631.400690756 4872.31359132
631.995930591 4872.31359132
632.591170425 4872.31359132
633.18641026 4872.31359132
633.781650094 4872.31359132
634.376889929 4872.31359132
634.972129763 4872.31359132
635.567369598 4872.31359132
636.162609432 4872.31359132
636.757849267 4872.31359132
637.353089101 4872.31359132
637.948328935 4872.31359132
638.54356877 5764.50986301
639.138808604 5764.50986301
639.734048439 5764.50986301
640.329288273 5764.50986301
640.924528108 5764.50986301
641.519767942 5764.50986301
642.115007777 5764.50986301
642.710247611 5764.50986301
643.305487446 3980.11731963
643.90072728 3980.11731963
644.495967115 3980.11731963
645.091206949 3980.11731963
645.686446784 3980.11731963
646.281686618 3980.11731963
646.876926453 3980.11731963
647.472166287 3980.11731963
648.067406122 4872.31359132
648.662645956 4872.31359132
649.25788579 4872.31359132
649.853125625 4872.31359132
650.448365459 4872.31359132
651.043605294 4872.31359132
651.638845128 4872.31359132
652.234084963 4872.31359132
652.829324797 4872.31359132
653.424564632 4872.31359132
654.019804466 4872.31359132
654.615044301 4872.31359132
655.210284135 4872.31359132
655.80552397 4872.31359132
656.400763804 4872.31359132
656.996003639 4872.31359132
657.591243473 4872.31359132
658.186483308 4872.31359132
658.781723142 4872.31359132
659.376962977 4872.31359132
659.972202811 4872.31359132
660.567442645 4872.31359132
661.16268248 4872.31359132
661.757922314 4872.31359132
662.353162149 4872.31359132
662.948401983 4872.31359132
663.543641818 4872.31359132
664.138881652 4872.31359132
664.734121487 4872.31359132
665.329361321 4872.31359132
665.924601156 4872.31359132
666.51984099 4872.31359132
667.115080825 4872.31359132
667.710320659 4872.31359132
668.305560494 4872.31359132
668.900800328 4872.31359132
669.496040163 4872.31359132
670.091279997 4872.31359132
670.686519831 4872.31359132
671.281759666 4872.31359132
671.8769995 4872.31359132
672.472239335 4872.31359132
673.067479169 4872.31359132
673.662719004 4872.31359132
674.257958838 4872.31359132
674.853198673 4872.31359132
675.448438507 4872.31359132
676.043678342 4872.31359132
676.638918176 4872.31359132
677.234158011 4872.31359132
677.829397845 4872.31359132
678.42463768 4872.31359132
679.019877514 4872.31359132
679.615117349 4872.31359132
680.210357183 4872.31359132
680.805597018 4872.31359132
681.400836852 4872.31359132
681.996076686 4872.31359132
682.591316521 4872.31359132
683.186556355 4872.31359132
683.78179619 4872.31359132
684.377036024 4872.31359132
684.972275859 4872.31359132
685.567515693 4872.31359132
686.162755528 3751.47056517
686.757995362 3751.47056517
687.353235197 3751.47056517
687.948475031 3751.47056517
688.543714866 3751.47056517
689.1389547 3751.47056517
689.734194535 3751.47056517
690.329434369 3751.47056517
690.924674204 3751.47056517
691.519914038 3751.47056517
692.115153873 3751.47056517
692.710393707 3751.47056517
693.305633541 3751.47056517
693.900873376 3751.47056517
694.49611321 3751.47056517
695.091353045 3751.47056517
695.686592879 3751.47056517
696.281832714 3751.47056517
696.877072548 3751.47056517
697.472312383 3751.47056517
698.067552217 3751.47056517
698.662792052 3751.47056517
699.258031886 3751.47056517
699.853271721 3751.47056517
700.448511555 3751.47056517
701.04375139 3751.47056517
701.638991224 3751.47056517
702.234231059 3751.47056517
702.829470893 3751.47056517
703.424710727 3751.47056517
704.019950562 3751.47056517
704.615190396 3751.47056517
705.210430231 5235.21551188
705.805670065 5235.21551188
706.4009099 5235.21551188
706.996149734 5235.21551188
707.591389569 5235.21551188
708.186629403 5235.21551188
708.781869238 5235.21551188
709.377109072 5235.21551188
709.972348907 5235.21551188
710.567588741 5235.21551188
711.162828576 5235.21551188
711.75806841 5235.21551188
712.353308245 5235.21551188
712.948548079 5235.21551188
713.543787914 5235.21551188
714.139027748 5235.21551188
714.734267582 5235.21551188
715.329507417 5235.21551188
715.924747251 5235.21551188
716.519987086 5235.21551188
717.11522692 5235.21551188
717.710466755 5235.21551188
718.305706589 5235.21551188
718.900946424 5235.21551188
719.496186258 5235.21551188
720.091426093 5235.21551188
720.686665927 5235.21551188
721.281905762 5235.21551188
721.877145596 5235.21551188
722.472385431 5235.21551188
723.067625265 5235.21551188
723.6628651 5235.21551188
724.258104934 5251.28414411
724.853344769 5251.28414411
725.448584603 5251.28414411
726.043824437 5251.28414411
726.639064272 5251.28414411
727.234304106 5251.28414411
727.829543941 5251.28414411
728.424783775 5251.28414411
729.02002361 5251.28414411
729.615263444 5251.28414411
730.210503279 5251.28414411
730.805743113 5251.28414411
731.400982948 5251.28414411
731.996222782 5251.28414411
732.591462617 5251.28414411
733.186702451 5251.28414411
733.781942286 5251.28414411
734.37718212 5251.28414411
734.972421955 5251.28414411
735.567661789 5251.28414411
736.162901623 5251.28414411
736.758141458 5251.28414411
737.353381292 5251.28414411
737.948621127 5251.28414411
738.543860961 5251.28414411
739.139100796 5251.28414411
739.73434063 5251.28414411
740.329580465 5251.28414411
740.924820299 5251.28414411
741.520060134 5251.28414411
742.115299968 5251.28414411
742.710539803 5251.28414411
743.305779637 5251.28414411
743.901019472 5251.28414411
744.496259306 5251.28414411
745.091499141 5251.28414411
745.686738975 5251.28414411
746.28197881 5251.28414411
746.877218644 5251.28414411
747.472458478 5251.28414411
748.067698313 5251.28414411
748.662938147 5251.28414411
749.258177982 5251.28414411
749.853417816 5251.28414411
750.448657651 5251.28414411
751.043897485 5251.28414411
751.63913732 5251.28414411
752.234377154 5251.28414411
752.829616989 5251.28414411
753.424856823 5251.28414411
754.020096658 5251.28414411
754.615336492 5251.28414411
755.210576327 5251.28414411
755.805816161 5251.28414411
756.401055996 5251.28414411
756.99629583 5251.28414411
757.591535665 5251.28414411
758.186775499 5251.28414411
758.782015333 5251.28414411
759.377255168 5251.28414411
759.972495002 5251.28414411
760.567734837 5251.28414411
761.162974671 5251.28414411
761.758214506 5251.28414411
762.35345434 4798.00891768
762.948694175 4798.00891768
763.543934009 4798.00891768
764.139173844 4798.00891768
764.734413678 4798.00891768
765.329653513 4798.00891768
765.924893347 4798.00891768
766.520133182 4798.00891768
767.115373016 4798.00891768
767.710612851 4798.00891768
768.305852685 4798.00891768
768.901092519 4798.00891768
769.496332354 4798.00891768
770.091572188 4798.00891768
770.686812023 4798.00891768
771.282051857 4798.00891768
771.877291692 4798.00891768
772.472531526 4798.00891768
773.067771361 4798.00891768
773.663011195 4798.00891768
774.25825103 4798.00891768
774.853490864 4798.00891768
775.448730699 4798.00891768
776.043970533 4798.00891768
776.639210368 4798.00891768
777.234450202 4798.00891768
777.829690037 4798.00891768
778.424929871 4798.00891768
779.020169706 4798.00891768
779.61540954 4798.00891768
780.210649374 4798.00891768
780.805889209 4798.00891768
781.401129043 4798.00891768
781.996368878 4798.00891768
782.591608712 4798.00891768
783.186848547 4798.00891768
783.782088381 4798.00891768
784.377328216 4798.00891768
784.97256805 4798.00891768
785.567807885 4798.00891768
786.163047719 4798.00891768
786.758287554 4798.00891768
787.353527388 4798.00891768
787.948767223 4798.00891768
788.544007057 4798.00891768
789.139246892 4798.00891768
789.734486726 4798.00891768
790.32972656 4798.00891768
790.924966395 4798.00891768
791.520206229 4798.00891768
792.115446064 4798.00891768
792.710685898 4798.00891768
793.305925733 4798.00891768
793.901165567 4798.00891768
794.496405402 4798.00891768
795.091645236 4798.00891768
795.686885071 4798.00891768
796.282124905 4798.00891768
796.87736474 4798.00891768
797.472604574 4798.00891768
798.067844409 4798.00891768
798.663084243 4798.00891768
799.258324078 4798.00891768
799.853563912 4798.00891768
800.448803747 3961.68907235
801.044043581 3961.68907235
801.639283415 3961.68907235
802.23452325 3961.68907235
802.829763084 3961.68907235
803.425002919 3961.68907235
804.020242753 3961.68907235
804.615482588 3961.68907235
805.210722422 3961.68907235
805.805962257 3961.68907235
806.401202091 3961.68907235
806.996441926 3961.68907235
807.59168176 3961.68907235
808.186921595 3961.68907235
808.782161429 3961.68907235
809.377401264 3961.68907235
809.972641098 3961.68907235
810.567880933 3961.68907235
811.163120767 3961.68907235
811.758360602 3961.68907235
812.353600436 3961.68907235
812.94884027 3961.68907235
813.544080105 3961.68907235
814.139319939 3961.68907235
814.734559774 3961.68907235
815.329799608 3961.68907235
815.925039443 3961.68907235
816.520279277 3961.68907235
817.115519112 3961.68907235
817.710758946 3961.68907235
818.305998781 3961.68907235
818.901238615 3961.68907235
819.49647845 3961.68907235
820.091718284 3961.68907235
820.686958119 3961.68907235
821.282197953 3961.68907235
821.877437788 3961.68907235
822.472677622 3961.68907235
823.067917456 3961.68907235
823.663157291 3961.68907235
824.258397125 3961.68907235
824.85363696 3961.68907235
825.448876794 3961.68907235
826.044116629 3961.68907235
826.639356463 3961.68907235
827.234596298 3961.68907235
827.829836132 3961.68907235
828.425075967 3961.68907235
829.020315801 3961.68907235
829.615555636 3961.68907235
830.21079547 3961.68907235
830.806035305 3961.68907235
831.401275139 3961.68907235
831.996514974 3961.68907235
832.591754808 3961.68907235
833.186994643 3961.68907235
833.782234477 3961.68907235
834.377474311 3961.68907235
834.972714146 3961.68907235
835.56795398 3961.68907235
836.163193815 3961.68907235
836.758433649 3961.68907235
837.353673484 3961.68907235
837.948913318 3961.68907235
838.544153153 5364.77818762
839.139392987 5364.77818762
839.734632822 5364.77818762
840.329872656 5364.77818762
840.925112491 5364.77818762
841.520352325 5364.77818762
842.11559216 5364.77818762
842.710831994 5364.77818762
843.306071829 5364.77818762
843.901311663 5364.77818762
844.496551498 5364.77818762
845.091791332 5364.77818762
845.687031166 5364.77818762
846.282271001 5364.77818762
846.877510835 5364.77818762
847.47275067 5364.77818762
848.067990504 5364.77818762
848.663230339 5364.77818762
849.258470173 5364.77818762
849.853710008 5364.77818762
850.448949842 5364.77818762
851.044189677 5364.77818762
851.639429511 5364.77818762
852.234669346 5364.77818762
852.82990918 5364.77818762
853.425149015 5364.77818762
854.020388849 5364.77818762
854.615628684 5364.77818762
855.210868518 5364.77818762
855.806108352 5364.77818762
856.401348187 5364.77818762
856.996588021 5364.77818762
857.591827856 5364.77818762
858.18706769 5364.77818762
858.782307525 5364.77818762
859.377547359 5364.77818762
859.972787194 5364.77818762
860.568027028 5364.77818762
861.163266863 5364.77818762
861.758506697 5364.77818762
862.353746532 5364.77818762
862.948986366 5364.77818762
863.544226201 5364.77818762
864.139466035 5364.77818762
864.73470587 5364.77818762
865.329945704 5364.77818762
865.925185539 5364.77818762
866.520425373 5364.77818762
867.115665207 5364.77818762
867.710905042 5364.77818762
868.306144876 5364.77818762
868.901384711 5364.77818762
869.496624545 5364.77818762
870.09186438 5364.77818762
870.687104214 5364.77818762
871.282344049 5364.77818762
871.877583883 5364.77818762
872.472823718 5364.77818762
873.068063552 5364.77818762
873.663303387 5364.77818762
874.258543221 5364.77818762
874.853783056 5364.77818762
875.44902289 5364.77818762
876.044262725 5364.77818762
876.639502559 5364.77818762
877.234742394 5364.77818762
877.829982228 5364.77818762
878.425222062 5364.77818762
879.020461897 5364.77818762
879.615701731 5364.77818762
880.210941566 5364.77818762
880.8061814 5364.77818762
881.401421235 5364.77818762
881.996661069 5364.77818762
882.591900904 5364.77818762
883.187140738 5364.77818762
883.782380573 5364.77818762
884.377620407 5364.77818762
884.972860242 5364.77818762
885.568100076 5364.77818762
886.163339911 5364.77818762
886.758579745 5364.77818762
887.35381958 5364.77818762
887.949059414 5364.77818762
888.544299248 5364.77818762
889.139539083 5364.77818762
889.734778917 5364.77818762
890.330018752 5364.77818762
890.925258586 5364.77818762
891.520498421 5364.77818762
892.115738255 5364.77818762
892.71097809 5364.77818762
893.306217924 5364.77818762
893.901457759 5364.77818762
894.496697593 5364.77818762
895.091937428 5364.77818762
895.687177262 5364.77818762
896.282417097 5364.77818762
896.877656931 5364.77818762
897.472896766 5364.77818762
898.0681366 5364.77818762
898.663376435 5364.77818762
899.258616269 5364.77818762
899.853856103 5364.77818762
900.449095938 5364.77818762
901.044335772 5364.77818762
901.639575607 5364.77818762
902.234815441 5364.77818762
902.830055276 5364.77818762
903.42529511 5364.77818762
904.020534945 5364.77818762
904.615774779 5364.77818762
905.211014614 5364.77818762
905.806254448 5364.77818762
906.401494283 5364.77818762
906.996734117 5364.77818762
907.591973952 5364.77818762
908.187213786 5364.77818762
908.782453621 5364.77818762
909.377693455 5364.77818762
909.97293329 5364.77818762
910.568173124 5364.77818762
911.163412958 5364.77818762
911.758652793 5364.77818762
912.353892627 5364.77818762
912.949132462 5364.77818762
913.544372296 5364.77818762
914.139612131 5364.77818762
914.734851965 4697.8333371
915.3300918 4697.8333371
915.925331634 4697.8333371
916.520571469 4697.8333371
917.115811303 4697.8333371
917.711051138 4697.8333371
918.306290972 4697.8333371
918.901530807 4697.8333371
919.496770641 4697.8333371
920.092010476 4697.8333371
920.68725031 4697.8333371
921.282490144 4697.8333371
921.877729979 4697.8333371
922.472969813 4697.8333371
923.068209648 4697.8333371
923.663449482 4697.8333371
924.258689317 4697.8333371
924.853929151 4697.8333371
925.449168986 4697.8333371
926.04440882 4697.8333371
926.639648655 4697.8333371
927.234888489 4697.8333371
927.830128324 4697.8333371
928.425368158 4697.8333371
929.020607993 4697.8333371
929.615847827 4697.8333371
930.211087662 4697.8333371
930.806327496 4697.8333371
931.401567331 4697.8333371
931.996807165 4697.8333371
932.592046999 4697.8333371
933.187286834 4697.8333371
933.782526668 4697.8333371
934.377766503 4697.8333371
934.973006337 4697.8333371
935.568246172 4697.8333371
936.163486006 4697.8333371
936.758725841 4697.8333371
937.353965675 4697.8333371
937.94920551 4697.8333371
938.544445344 4697.8333371
939.139685179 4697.8333371
939.734925013 4697.8333371
940.330164848 4697.8333371
940.925404682 4697.8333371
941.520644517 4697.8333371
942.115884351 4697.8333371
942.711124185 4697.8333371
943.30636402 4697.8333371
943.901603854 4697.8333371
944.496843689 4697.8333371
945.092083523 4697.8333371
945.687323358 4697.8333371
946.282563192 4697.8333371
946.877803027 4697.8333371
947.473042861 4697.8333371
948.068282696 4697.8333371
948.66352253 4697.8333371
949.258762365 4697.8333371
949.854002199 4697.8333371
950.449242034 4697.8333371
951.044481868 4697.8333371
951.639721703 4697.8333371
952.234961537 4697.8333371
952.830201372 4697.8333371
953.425441206 4697.8333371
954.02068104 4697.8333371
954.615920875 4697.8333371
955.211160709 4697.8333371
955.806400544 4697.8333371
956.401640378 4697.8333371
956.996880213 4697.8333371
957.592120047 4697.8333371
958.187359882 4697.8333371
958.782599716 4697.8333371
959.377839551 4697.8333371
959.973079385 4697.8333371
960.56831922 4697.8333371
961.163559054 4697.8333371
961.758798889 4697.8333371
962.354038723 4697.8333371
962.949278558 4697.8333371
963.544518392 4697.8333371
964.139758227 4697.8333371
964.734998061 4697.8333371
965.330237895 4697.8333371
965.92547773 4697.8333371
966.520717564 4697.8333371
967.115957399 4697.8333371
967.711197233 4697.8333371
968.306437068 4697.8333371
968.901676902 4697.8333371
969.496916737 4697.8333371
970.092156571 4697.8333371
970.687396406 4697.8333371
971.28263624 4697.8333371
971.877876075 4697.8333371
972.473115909 4697.8333371
973.068355744 4697.8333371
973.663595578 4697.8333371
974.258835413 4697.8333371
974.854075247 4697.8333371
975.449315081 4697.8333371
976.044554916 4697.8333371
976.63979475 4697.8333371
977.235034585 4697.8333371
977.830274419 4697.8333371
978.425514254 4697.8333371
979.020754088 4697.8333371
979.615993923 4697.8333371
980.211233757 4697.8333371
980.806473592 4697.8333371
981.401713426 4697.8333371
981.996953261 4697.8333371
982.592193095 4697.8333371
983.18743293 4697.8333371
983.782672764 4697.8333371
984.377912599 4697.8333371
984.973152433 4697.8333371
985.568392268 4697.8333371
986.163632102 4697.8333371
986.758871936 4697.8333371
987.354111771 4697.8333371
987.949351605 4697.8333371
988.54459144 4697.8333371
989.139831274 4697.8333371
989.735071109 4697.8333371
990.330310943 4697.8333371
990.925550778 4697.8333371
991.520790612 4697.8333371
992.116030447 4697.8333371
992.711270281 4697.8333371
993.306510116 4697.8333371
993.90174995 4697.8333371
994.496989785 4697.8333371
995.092229619 4697.8333371
995.687469454 4697.8333371
996.282709288 4697.8333371
996.877949123 4697.8333371
997.473188957 4697.8333371
998.068428791 4697.8333371
998.663668626 4697.8333371
999.25890846 4697.8333371
999.854148295 4697.8333371
1000.44938813 4697.8333371
1001.04462796 4697.8333371
1001.6398678 4697.8333371
1002.23510763 4697.8333371
1002.83034747 4697.8333371
1003.4255873 4697.8333371
1004.02082714 4697.8333371
1004.61606697 4697.8333371
1005.21130681 4697.8333371
1005.80654664 4697.8333371
1006.40178647 4697.8333371
1006.99702631 4697.8333371
1007.59226614 4697.8333371
1008.18750598 4697.8333371
1008.78274581 4697.8333371
1009.37798565 4697.8333371
1009.97322548 4697.8333371
1010.56846532 4697.8333371
1011.16370515 4697.8333371
1011.75894498 4697.8333371
1012.35418482 4697.8333371
1012.94942465 4697.8333371
1013.54466449 4697.8333371
1014.13990432 4697.8333371
1014.73514416 4697.8333371
1015.33038399 4697.8333371
1015.92562383 4697.8333371
1016.52086366 4697.8333371
1017.11610349 4697.8333371
1017.71134333 4697.8333371
1018.30658316 4697.8333371
1018.901823 4697.8333371
1019.49706283 4697.8333371
1020.09230267 4697.8333371
1020.6875425 4697.8333371
1021.28278234 4697.8333371
1021.87802217 4697.8333371
1022.473262 4697.8333371
1023.06850184 4697.8333371
1023.66374167 4697.8333371
1024.25898151 4697.8333371
1024.85422134 4697.8333371
1025.44946118 4697.8333371
1026.04470101 4697.8333371
1026.63994085 4697.8333371
1027.23518068 4697.8333371
1027.83042052 4697.8333371
1028.42566035 4697.8333371
1029.02090018 4697.8333371
1029.61614002 4697.8333371
1030.21137985 4697.8333371
1030.80661969 4697.8333371
1031.40185952 4697.8333371
1031.99709936 4697.8333371
1032.59233919 4697.8333371
1033.18757903 4697.8333371
1033.78281886 4697.8333371
1034.37805869 4697.8333371
1034.97329853 4697.8333371
1035.56853836 4697.8333371
1036.1637782 4697.8333371
1036.75901803 4697.8333371
1037.35425787 4697.8333371
1037.9494977 4697.8333371
1038.54473754 4697.8333371
1039.13997737 4697.8333371
1039.7352172 4697.8333371
1040.33045704 4697.8333371
1040.92569687 4697.8333371
1041.52093671 4697.8333371
1042.11617654 4697.8333371
1042.71141638 4697.8333371
1043.30665621 4697.8333371
1043.90189605 4697.8333371
1044.49713588 4697.8333371
1045.09237571 4697.8333371
1045.68761555 4697.8333371
1046.28285538 4697.8333371
1046.87809522 4697.8333371
1047.47333505 4697.8333371
1048.06857489 4697.8333371
1048.66381472 4697.8333371
1049.25905456 4697.8333371
1049.85429439 4697.8333371
1050.44953423 4697.8333371
1051.04477406 4697.8333371
1051.64001389 4697.8333371
1052.23525373 4697.8333371
1052.83049356 4697.8333371
1053.4257334 4697.8333371
1054.02097323 4697.8333371
1054.61621307 4697.8333371
1055.2114529 4697.8333371
1055.80669274 4697.8333371
1056.40193257 4697.8333371
1056.9971724 4697.8333371
1057.59241224 4697.8333371
1058.18765207 4697.8333371
1058.78289191 4697.8333371
1059.37813174 4697.8333371
1059.97337158 4697.8333371
1060.56861141 4697.8333371
1061.16385125 4697.8333371
1061.75909108 4697.8333371
1062.35433091 4697.8333371
1062.94957075 4697.8333371
1063.54481058 4697.8333371
1064.14005042 4697.8333371
1064.73529025 4697.8333371
1065.33053009 4697.8333371
1065.92576992 4697.8333371
1066.52100976 4697.8333371
1067.11624959 4697.8333371
1067.71148942 4697.8333371
1068.30672926 4697.8333371
1068.90196909 4697.8333371
1069.49720893 4697.8333371
1070.09244876 4697.8333371
1070.6876886 4697.8333371
1071.28292843 4697.8333371
1071.87816827 4697.8333371
1072.4734081 4697.8333371
1073.06864794 4697.8333371
1073.66388777 4697.8333371
1074.2591276 4697.8333371
1074.85436744 4697.8333371
1075.44960727 4697.8333371
1076.04484711 4697.8333371
1076.64008694 4697.8333371
1077.23532678 4697.8333371
1077.83056661 4697.8333371
1078.42580645 4697.8333371
1079.02104628 4697.8333371
1079.61628611 4697.8333371
1080.21152595 4697.8333371
1080.80676578 4697.8333371
1081.40200562 4697.8333371
1081.99724545 4697.8333371
1082.59248529 4697.8333371
1083.18772512 4697.8333371
1083.78296496 4697.8333371
1084.37820479 4697.8333371
1084.97344462 4697.8333371
1085.56868446 4697.8333371
1086.16392429 4697.8333371
1086.75916413 4697.8333371
1087.35440396 4697.8333371
1087.9496438 4697.8333371
1088.54488363 4697.8333371
1089.14012347 4697.8333371
1089.7353633 4697.8333371
1090.33060313 4697.8333371
1090.92584297 4697.8333371
1091.5210828 4697.8333371
1092.11632264 4697.8333371
1092.71156247 4697.8333371
1093.30680231 4697.8333371
1093.90204214 4697.8333371
1094.49728198 4697.8333371
1095.09252181 4697.8333371
1095.68776164 4697.8333371
1096.28300148 4697.8333371
1096.87824131 4697.8333371
1097.47348115 4697.8333371
1098.06872098 4697.8333371
1098.66396082 4697.8333371
1099.25920065 4697.8333371
1099.85444049 4697.8333371
1100.44968032 4697.8333371
1101.04492016 4697.8333371
1101.64015999 4697.8333371
1102.23539982 4697.8333371
1102.83063966 4697.8333371
1103.42587949 4697.8333371
1104.02111933 4697.8333371
1104.61635916 4697.8333371
1105.211599 4697.8333371
1105.80683883 4697.8333371
1106.40207867 4697.8333371
1106.9973185 4697.8333371
1107.59255833 4697.8333371
1108.18779817 4697.8333371
1108.783038 4697.8333371
1109.37827784 4697.8333371
1109.97351767 4697.8333371
1110.56875751 4697.8333371
1111.16399734 4697.8333371
1111.75923718 4697.8333371
1112.35447701 4697.8333371
1112.94971684 4697.8333371
1113.54495668 4697.8333371
1114.14019651 4697.8333371
1114.73543635 4697.8333371
1115.33067618 4697.8333371
1115.92591602 4697.8333371
1116.52115585 4697.8333371
1117.11639569 4697.8333371
1117.71163552 4697.8333371
1118.30687535 4697.8333371
1118.90211519 4697.8333371
1119.49735502 4697.8333371
1120.09259486 4697.8333371
1120.68783469 4697.8333371
1121.28307453 4697.8333371
1121.87831436 4697.8333371
1122.4735542 4697.8333371
1123.06879403 4697.8333371
1123.66403387 4697.8333371
1124.2592737 4697.8333371
1124.85451353 4697.8333371
1125.44975337 4697.8333371
1126.0449932 4697.8333371
1126.64023304 4697.8333371
1127.23547287 4697.8333371
1127.83071271 4697.8333371
1128.42595254 4697.8333371
1129.02119238 4697.8333371
1129.61643221 4697.8333371
1130.21167204 4697.8333371
1130.80691188 4697.8333371
1131.40215171 4697.8333371
1131.99739155 4697.8333371
1132.59263138 4697.8333371
1133.18787122 4697.8333371
1133.78311105 4697.8333371
1134.37835089 4697.8333371
1134.97359072 4697.8333371
1135.56883055 4697.8333371
1136.16407039 4697.8333371
1136.75931022 4697.8333371
1137.35455006 4697.8333371
1137.94978989 4697.8333371
1138.54502973 4697.8333371
1139.14026956 4697.8333371
1139.7355094 4697.8333371
1140.33074923 4697.8333371
1140.92598906 4697.8333371
1141.5212289 4697.8333371
1142.11646873 4697.8333371
1142.71170857 4697.8333371
1143.3069484 4697.8333371
1143.90218824 4697.8333371
1144.49742807 4697.8333371
1145.09266791 4697.8333371
1145.68790774 4697.8333371
1146.28314758 4697.8333371
1146.87838741 4697.8333371
1147.47362724 4697.8333371
1148.06886708 4697.8333371
1148.66410691 4697.8333371
1149.25934675 4697.8333371
1149.85458658 4697.8333371
1150.44982642 4697.8333371
1151.04506625 4697.8333371
1151.64030609 4697.8333371
1152.23554592 4697.8333371
1152.83078575 4697.8333371
1153.42602559 4697.8333371
1154.02126542 4697.8333371
1154.61650526 4697.8333371
1155.21174509 4697.8333371
1155.80698493 4697.8333371
1156.40222476 4697.8333371
1156.9974646 4697.8333371
1157.59270443 4697.8333371
1158.18794426 4697.8333371
1158.7831841 4697.8333371
1159.37842393 4697.8333371
1159.97366377 4697.8333371
1160.5689036 4697.8333371
1161.16414344 4697.8333371
1161.75938327 4697.8333371
1162.35462311 4697.8333371
1162.94986294 4697.8333371
1163.54510277 4697.8333371
1164.14034261 4697.8333371
1164.73558244 4697.8333371
1165.33082228 4697.8333371
1165.92606211 4697.8333371
1166.52130195 4697.8333371
1167.11654178 4697.8333371
1167.71178162 4697.8333371
1168.30702145 4697.8333371
1168.90226129 4697.8333371
1169.49750112 4697.8333371
1170.09274095 4697.8333371
1170.68798079 4697.8333371
1171.28322062 4697.8333371
1171.87846046 4697.8333371
1172.47370029 4697.8333371
1173.06894013 4697.8333371
1173.66417996 4697.8333371
1174.2594198 4697.8333371
1174.85465963 4697.8333371
1175.44989946 4697.8333371
1176.0451393 4697.8333371
1176.64037913 4697.8333371
1177.23561897 4697.8333371
1177.8308588 4697.8333371
1178.42609864 4697.8333371
1179.02133847 4697.8333371
1179.61657831 4697.8333371
1180.21181814 4697.8333371
1180.80705797 4697.8333371
1181.40229781 4697.8333371
1181.99753764 4697.8333371
1182.59277748 4697.8333371
1183.18801731 4697.8333371
1183.78325715 4697.8333371
1184.37849698 4697.8333371
1184.97373682 4697.8333371
1185.56897665 4697.8333371
1186.16421648 4697.8333371
1186.75945632 4697.8333371
1187.35469615 4697.8333371
1187.94993599 4697.8333371
1188.54517582 4697.8333371
1189.14041566 4697.8333371
1189.73565549 4697.8333371
1190.33089533 4697.8333371
1190.92613516 4697.8333371
1191.521375 4697.8333371
1192.11661483 4697.8333371
1192.71185466 4697.8333371
1193.3070945 4697.8333371
1193.90233433 4697.8333371
1194.49757417 4697.8333371
1195.092814 4697.8333371
1195.68805384 4697.8333371
1196.28329367 4697.8333371
1196.87853351 4697.8333371
1197.47377334 4697.8333371
1198.06901317 4697.8333371
1198.66425301 4697.8333371
1199.25949284 4697.8333371
1199.85473268 4697.8333371
1200.44997251 4697.8333371
1201.04521235 4697.8333371
1201.64045218 4697.8333371
1202.23569202 4697.8333371
1202.83093185 4697.8333371
1203.42617168 4697.8333371
1204.02141152 4697.8333371
1204.61665135 4697.8333371
1205.21189119 4697.8333371
1205.80713102 4697.8333371
1206.40237086 4697.8333371
1206.99761069 4697.8333371
1207.59285053 4697.8333371
1208.18809036 4697.8333371
1208.78333019 4697.8333371
1209.37857003 4697.8333371
1209.97380986 4697.8333371
1210.5690497 4697.8333371
1211.16428953 4697.8333371
1211.75952937 4697.8333371
1212.3547692 4697.8333371
1212.95000904 4697.8333371
1213.54524887 4697.8333371
1214.14048871 4697.8333371
1214.73572854 4697.8333371
1215.33096837 4697.8333371
1215.92620821 4697.8333371
1216.52144804 4697.8333371
1217.11668788 4697.8333371
1217.71192771 4697.8333371
1218.30716755 4697.8333371
1218.90240738 4697.8333371
