6 2 6
6 1 5
8 2 7
10 2 8
11 2 7
11 1 9
14 2 14
15 2 14
16 2 15
17 1 17
18 1 18
18 0 18
19 2 18
20 0 20
25 2 14
26 2 21
26 1 20
27 2 20
27 1 21
28 0 28
29 1 27
30 1 28
31 2 21
31 1 30
33 1 28
35 2 35
37 2 37
38 1 38
39 0 39
40 2 37
44 1 44
45 2 38
47 2 37
47 0 46
50 2 37
51 0 51
52 2 52
53 2 53
53 0 53
68 2 55
70 2 53
77 2 52
77 0 73
78 2 55
79 0 71
81 0 81
83 0 83
85 2 53
86 0 85
89 2 37
90 0 82
92 2 56
95 0 88
104 2 38
105 0 105
107 2 55
107 0 105
111 2 75
112 2 37
118 2 54
119 2 54
121 2 55
131 2 109
131 0 127
133 2 76
147 2 54
150 2 54
162 2 110
163 2 111
165 2 57
170 2 54
172 2 57
185 2 70
189 2 58
190 2 116
193 2 77
194 2 119
198 2 112
199 2 148
200 2 55
204 2 148
212 2 54
215 2 55
225 2 53
239 2 57
245 2 55
245 0 245
248 2 53
251 2 56
262 2 55
265 2 55
268 2 54
272 2 53
279 2 52
283 2 38
285 2 54
291 2 81
304 2 127
306 2 148
310 2 109
316 0 259
323 0 260
328 2 116
329 2 112
332 2 89
340 2 110
342 2 56
362 0 360
364 0 364
366 0 366
373 2 57
375 2 57
379 2 38
390 2 164
392 2 61
394 2 55
397 2 56
399 2 53
400 2 54
401 0 401
402 0 401
404 0 403
412 0 409
414 2 52
414 0 413
415 0 413
423 0 423
427 2 55
431 0 429
432 2 418
438 2 37
438 0 427
439 2 127
441 2 88
448 0 448
451 2 435
452 2 148
453 2 424
457 2 56
460 2 429
462 2 168
465 2 39
468 2 55
474 2 56
478 0 463
492 2 434
493 2 52
494 2 53
503 2 426
504 0 460
506 0 461
523 2 427
543 2 114
544 2 421
556 2 54
558 0 557
559 2 427
559 0 557
560 0 559
565 0 565
567 0 564
568 2 37
570 2 421
580 2 126
580 0 572
581 0 579
582 2 567
582 0 573
587 0 579
590 0 572
594 0 585
596 2 594
596 0 573
597 2 594
598 0 584
599 2 593
600 2 592
600 0 577
602 1 600
604 0 603
613 0 609
617 0 609
620 0 609
624 2 612
625 0 609
627 0 609
630 0 609
633 2 613
633 0 609
635 2 612
635 0 609
636 0 609
638 2 597
642 2 608
645 2 609
652 2 612
662 1 662
664 2 592
667 0 664
668 1 663
670 1 662
673 1 662
675 2 611
675 1 662
677 2 609
677 1 662
678 2 609
680 1 663
681 2 616
681 1 663
685 2 608
687 2 597
688 1 664
689 2 611
690 1 662
693 1 664
694 1 663
695 1 663
698 2 610
700 1 663
704 2 593
705 1 663
707 1 663
708 1 663
713 2 597
715 2 593
717 1 663
718 2 611
720 2 613
727 2 593
727 1 663
728 1 662
732 1 662
735 2 594
735 1 662
744 2 611
745 2 606
746 2 612
747 2 592
752 2 610
754 0 753
757 0 752
758 2 594
762 2 604
762 0 751
767 2 609
768 1 664
770 0 758
776 1 663
777 2 612
777 1 664
778 0 749
781 0 746
783 1 663
784 1 663
785 1 663
786 2 605
795 2 612
796 1 662
797 1 663
798 2 610
799 1 662
800 2 597
804 0 754
810 1 663
813 1 664
822 2 605
824 2 608
825 0 747
830 1 664
834 1 663
836 0 755
837 2 606
838 2 597
838 1 663
840 0 747
841 1 663
843 2 613
843 0 747
844 0 741
846 1 807
846 0 753
847 1 808
848 2 606
854 1 662
855 0 754
857 1 663
859 2 592
862 1 663
864 0 753
865 2 593
866 2 592
868 2 613
869 1 664
871 2 607
873 1 662
874 0 748
875 0 748
876 2 607
877 2 592
878 1 662
881 2 592
881 0 748
884 2 611
885 2 609
886 0 741
888 0 752
891 1 662
893 2 594
894 0 763
895 0 752
897 0 753
902 2 609
903 0 749
905 0 754
906 0 760
907 2 597
909 1 664
914 1 664
917 1 663
918 0 744
920 2 609
921 2 617
922 2 597
925 2 609
926 1 664
928 1 663
928 0 747
929 0 745
932 2 612
933 2 612
934 2 594
935 1 662
940 2 604
940 1 663
943 0 745
944 1 662
947 0 744
949 2 606
955 0 744
958 2 592
963 2 612
963 1 663
964 2 597
965 0 741
968 2 594
972 2 609
974 2 605
976 2 594
982 0 747
983 0 752
986 0 749
988 0 752
992 0 753
995 0 750
998 1 664
999 0 750
1000 2 594
1005 1 664
1006 2 605
1012 0 756
1019 2 607
1021 0 750
1023 0 750
1026 1 662
1026 0 744
1028 2 605
1030 2 611
1030 1 664
1031 2 609
1034 1 664
1038 2 605
1039 1 663
1040 1 664
1042 2 597
1043 2 597
1048 1 859
1048 0 747
1049 1 996
1049 0 744
1052 1 664
1054 2 593
1055 2 594
1060 0 741
1062 2 592
1063 2 597
1065 0 749
1067 0 744
1071 0 747
1075 1 662
1077 0 748
1079 0 752
1081 0 750
1082 2 1030
1084 0 745
1087 1 663
1088 0 754
1089 2 608
1089 0 755
1091 1 662
1091 0 751
1093 0 741
1094 1 662
1096 2 593
1096 0 743
1097 2 592
1101 0 754
1106 0 750
1111 2 605
1112 1 663
1113 1 662
1113 0 756
1115 2 593
1117 0 746
1127 2 616
1128 0 753
1129 1 663
1129 0 747
1131 2 616
1133 2 618
1135 2 1031
1136 0 747
1137 0 747
1141 2 1034
1141 1 663
1142 1 808
1145 0 750
1146 0 746
1149 1 662
1151 0 760
1155 2 610
1155 1 868
1155 0 763
1158 1 992
1159 2 594
1161 2 607
1162 0 764
1163 1 990
1168 2 610
1171 2 606
1172 1 1170
1173 1 1171
1175 2 610
1175 0 748
1179 2 593
1179 1 770
1181 2 597
1181 0 742
1182 1 769
1185 1 664
1186 2 611
1187 1 664
1187 0 763
1192 2 613
1199 2 606
1200 0 754
1201 0 753
1203 0 754
1207 0 757
1208 2 1031
1211 0 741
1212 0 744
1214 2 605
1215 0 746
1217 0 748
1218 1 1191
1220 2 593
1221 0 749
1222 0 757
1225 0 763
1226 0 745
1231 1 856
1237 1 663
1238 0 749
1242 2 612
1243 0 744
1244 1 1174
1247 0 753
1249 1 664
1253 2 604
1258 2 597
1258 0 754
1261 2 612
1261 1 997
1261 0 749
1265 1 809
1269 1 994
1270 0 754
1276 2 592
1281 2 597
1285 2 1030
1286 0 760
1288 0 749
1298 1 1189
1299 1 663
1302 0 754
1304 1 1174
1305 2 610
1305 1 664
1305 0 752
1306 2 592
1311 2 597
1311 0 743
1314 2 612
1314 0 754
1316 2 606
1316 1 662
1317 2 608
1317 0 745
1322 0 754
1328 0 747
1338 0 741
1339 2 1033
1339 0 747
1340 2 609
1341 0 743
1344 0 743
1345 0 1330
1348 2 607
1348 0 762
1351 0 763
1352 0 1332
1353 0 752
1354 0 1329
1355 0 752
1356 0 747
1357 2 612
1357 0 743
1365 0 754
1367 2 609
1369 0 1359
1370 0 1370
1372 0 1369
1379 2 604
1379 0 1364
1384 2 593
1389 0 1385
1390 1 664
1391 0 1381
1392 2 609
1393 2 612
1393 0 1364
1394 2 610
1398 2 593
1399 0 1363
1400 1 663
1402 0 1368
1407 2 1030
1408 2 1032
1413 1 1354
1417 2 613
1422 0 1376
1425 0 1359
1426 2 613
1430 0 1360
1436 2 594
1436 0 1376
1437 0 1372
1439 0 1375
1445 0 1370
1451 0 1386
1454 0 1379
1455 2 612
1456 2 616
1458 2 604
1458 0 1384
1459 2 609
1459 0 1388
1461 2 612
1471 0 1375
1473 0 1380
1477 2 611
1480 0 1380
1487 2 612
1488 2 608
1488 0 1382
1490 2 593
1491 2 612
1492 0 1383
1494 2 611
1498 0 1388
1503 0 1359
1506 2 611
1509 2 613
1510 2 1034
1510 0 1375
1512 2 597
1512 0 1359
1513 0 1361
1514 2 606
1516 0 1368
1517 2 611
1520 0 1373
1523 2 594
1525 0 1389
1529 0 1384
1532 2 612
1533 0 1376
1537 0 1363
1540 2 1030
1540 0 1369
1546 2 592
1548 2 606
1557 2 604
1558 2 612
1558 0 1365
1559 1 992
1562 2 607
1563 1 663
1563 0 1382
1564 0 1384
1567 0 1387
1571 0 1379
1572 0 1384
1574 2 593
1576 0 1377
1577 2 1030
1577 0 1384
1581 1 663
1582 2 593
1586 0 1367
1587 2 1032
1590 1 662
1593 0 1362
1595 2 1032
1596 2 605
1598 0 1364
1601 2 617
1601 1 1192
1602 2 1033
1603 1 1438
1604 1 1236
1606 0 1364
1607 2 593
1607 1 1192
1608 2 593
1609 0 1376
1613 0 1377
1614 0 1361
1615 2 593
1615 0 1383
1618 2 612
1618 0 1381
1619 1 993
1619 0 1368
1620 1 664
1622 2 605
1622 1 1173
1623 1 662
1623 0 1377
1625 2 605
1627 2 609
1628 2 594
1629 0 1380
1631 0 1378
1632 0 1375
1633 1 771
1633 0 1375
1635 2 608
1635 1 1440
1636 1 662
1636 0 1366
1642 0 1371
1644 1 1174
1645 2 613
1646 1 1356
1649 0 1388
1650 2 605
1652 2 610
1653 1 852
1654 1 664
1655 1 663
1656 0 1369
1657 0 1369
1659 0 1375
1661 1 664
1666 1 992
1672 1 662
1674 1 1468
1675 0 1361
1677 2 594
1677 1 1357
1678 0 1360
1679 2 597
1679 0 1363
1680 1 663
1680 0 1366
1681 2 605
1681 1 663
1682 2 609
1689 0 1367
1690 2 592
1690 0 1385
1691 2 605
1693 0 1378
1694 0 1386
1697 0 1379
1704 0 1388
1707 1 664
1711 0 1384
1712 2 618
1723 0 1360
1726 2 592
1727 1 663
1727 0 1370
1729 1 664
1735 0 1381
1737 2 610
1737 0 1361
1738 1 1174
1740 0 1377
1744 2 612
1744 1 662
1745 2 606
1746 2 610
1747 1 663
1748 2 593
1750 2 612
1750 0 1384
1754 0 1381
1757 0 1383
1760 0 1368
1761 0 1365
1764 0 1381
1768 0 1388
1769 2 604
1771 2 1034
1771 0 1369
1772 2 594
1772 0 1368
1774 1 1760
1778 2 1032
1780 2 604
1781 1 1173
1782 1 1174
1783 2 604
1784 0 1368
1786 2 592
1786 0 1366
1787 2 612
1788 0 1366
1789 2 592
1792 2 604
1792 1 663
1792 0 1386
1796 2 593
1799 0 1376
1801 2 606
1802 0 1368
1803 2 613
1804 0 1361
1805 1 1355
1805 0 1376
1809 1 664
1809 0 1385
1810 1 664
1810 0 1373
1812 0 1378
1814 1 997
1816 0 1377
1817 0 1364
1818 0 1362
1820 0 1384
1822 2 613
1823 1 1761
1824 0 1381
1826 2 593
1826 0 1367
1827 2 592
1830 2 612
1830 0 1386
1833 1 854
1833 0 1385
1835 1 1190
1836 1 663
1840 2 608
1841 1 663
1843 0 1383
1844 2 597
1844 1 662
1845 0 1382
1849 0 1389
1850 0 1384
1854 0 1378
1857 0 1389
1860 1 663
1861 0 1380
1871 1 1759
1874 0 1389
1875 0 1376
1883 0 1369
1884 2 612
1887 2 607
1888 0 1371
1889 2 1028
1890 2 610
1891 0 1384
1892 0 1361
1894 0 1359
1895 0 1375
1896 2 605
1905 2 597
1905 0 1382
1914 2 606
1919 2 594
1919 0 1381
1920 2 608
1920 1 998
1923 0 1378
1928 1 664
1935 0 1360
1936 0 1380
1939 2 611
1939 1 1759
1942 0 1387
1945 2 597
1946 1 662
1951 1 664
1955 0 1359
1959 2 1032
1961 2 615
1961 0 1383
1964 2 611
1964 0 1374
1971 0 1363
1974 2 607
1979 2 606
1979 0 1366
1981 2 606
1982 2 597
1984 0 1383
1986 0 1374
1987 0 1379
1988 0 1382
1989 0 1379
1991 0 1380
1992 0 1365
1993 0 1377
1994 0 1387
1995 0 1362
1997 1 1766
1997 0 1382
1998 0 1367
1999 1 1763
1999 0 1365
2000 2 613
2000 0 1362
2001 1 858
2001 0 1377
2002 1 1469
2002 0 1375
2003 2 593
2004 1 855
2004 0 1385
2005 1 1189
2005 0 1380
2008 0 1376
2011 1 991
2014 2 1549
2014 0 1363
2015 0 1361
2016 1 859
2017 2 612
2019 1 664
2020 0 1367
2028 0 1364
2029 0 1375
2030 1 664
2031 0 1378
2032 1 1766
2033 2 1031
2035 2 606
2036 0 1369
2037 0 1362
2038 2 610
2038 1 2026
2038 0 1365
2039 1 1764
2040 2 1031
2041 0 1373
2043 1 1765
2044 2 607
2044 0 1366
2049 1 1766
2052 2 609
2056 2 597
2058 0 1380
2061 1 1531
2062 2 612
2062 1 1357
2062 0 1364
2067 0 1370
2068 0 1367
2070 1 662
2071 2 612
2071 0 1377
2072 2 597
2072 0 1380
2075 0 1388
2078 0 1378
2079 2 594
2084 1 859
2086 2 594
2087 1 664
2092 0 1372
2093 2 613
2094 1 1763
2099 2 613
2099 1 1873
2100 0 1388
2101 1 664
2102 2 605
2103 2 1031
2108 2 612
2109 2 606
2111 2 610
2111 1 662
2115 2 605
2124 1 662
2125 2 592
2125 1 1759
2125 0 1381
2126 2 2122
2128 0 1388
2130 2 616
2131 2 1034
2132 0 1363
2134 0 1369
2137 1 1759
2139 0 1382
2141 2 2055
2143 2 2120
2145 2 609
2145 0 1379
2146 0 1381
2152 2 597
2152 0 1363
2153 0 1372
2155 0 1369
2157 0 1369
2159 2 2055
2159 1 1763
2159 0 1369
2161 1 812
2161 0 1359
2162 1 1173
2162 0 1369
2163 1 1354
2163 0 1382
2166 0 1382
2168 0 1378
2170 1 2164
2175 2 597
2176 0 2172
2178 1 2164
2179 2 606
2180 0 2175
2183 1 2171
2185 0 2182
2186 2 593
2188 2 2110
2189 1 2171
2190 0 2183
2191 2 2122
2193 0 2182
2195 1 2164
2199 0 2177
2200 2 2118
2200 0 2178
2204 0 2203
2205 0 2203
2208 1 2173
2208 0 2175
2211 1 2164
2212 1 2169
2213 1 2171
2216 1 2172
2217 0 2183
2219 0 2172
2220 1 2171
2220 0 2182
2221 0 2178
2224 0 2178
2225 1 2173
2226 1 2172
2229 1 1468
2231 1 2175
2232 0 2176
2233 0 2177
2234 0 2175
2236 0 2177
2237 1 2169
2238 0 2177
2244 2 613
2244 0 2196
2245 0 2176
2248 2 594
2252 2 612
2252 0 2182
2256 1 2164
2257 2 2115
2258 2 2124
2258 0 2175
2266 1 2169
2275 1 2172
2276 2 604
2277 2 616
2278 1 2168
2280 2 2121
2282 2 593
2282 1 2164
2286 2 605
2293 2 2118
2298 2 2055
2298 1 2164
2299 2 2119
2308 1 2170
2317 2 2120
2322 1 2171
2323 2 609
2328 2 594
2329 1 2168
2333 1 2171
2334 2 2120
2338 1 2171
2341 2 605
2342 1 2170
2344 2 2118
2345 1 2164
2350 1 2172
2351 2 2122
2355 2 2353
2356 2 2118
2361 1 2168
2365 2 2055
2365 1 2170
2366 1 2169
2368 2 2120
2371 2 612
2371 1 2172
2373 2 2132
2378 2 610
2379 2 605
2383 1 2169
2386 2 613
2395 2 613
2398 2 2119
2400 1 2164
2401 2 2121
2406 2 610
2410 1 2172
2423 2 610
2435 2 2425
2435 1 2170
2436 1 2171
2437 2 2425
2441 2 2424
2447 2 2108
2450 1 2170
2452 2 2118
2454 1 2170
2457 2 612
2461 2 608
2464 2 2351
2467 2 2120
2471 1 2169
2473 2 604
2473 1 2168
2474 1 2164
2481 1 2171
2482 2 605
2484 2 597
2486 2 2118
2486 1 2169
2496 1 2169
2500 2 2100
2502 2 2424
2503 2 2424
2504 1 2169
2507 2 2119
2507 1 2173
2509 2 605
2514 2 606
2516 2 2117
2519 2 2123
2520 2 604
2526 2 2357
2526 1 2164
2530 1 2171
2531 1 2172
2532 2 606
2542 2 593
2543 1 2171
2545 2 606
2550 2 2123
2553 1 2164
2554 1 2171
2556 2 607
2561 2 2346
2561 1 2168
2562 1 2172
2565 1 2171
2569 2 2055
2569 1 2170
2570 2 2117
2574 1 2169
2575 2 604
2577 2 609
2579 1 2169
2583 1 2173
2589 1 2164
2590 1 2164
2598 2 613
2599 2 2352
2600 1 2173
2602 1 2170
2603 1 2164
2606 1 2170
2607 2 609
2607 1 2168
2608 1 2169
2609 1 2164
2612 1 2164
2624 1 2171
2630 2 604
2630 1 2164
2635 2 611
2636 1 2171
2638 2 2118
2644 1 2164
2650 2 2116
2652 1 2171
2657 1 2170
2660 2 611
2662 1 2172
2666 1 2172
2669 2 2354
2671 2 2424
2672 1 2168
2676 1 2164
2683 2 605
2685 2 611
2690 2 2326
2691 1 2175
2696 1 2168
2697 2 2107
2705 2 613
2711 2 612
2720 1 2173
2730 2 2099
2732 2 2350
2734 2 611
2734 1 2170
2735 1 2170
2737 2 2119
2745 2 593
2746 2 618
2747 2 2117
2756 2 2120
2761 2 2102
2761 1 2173
2762 1 2172
2766 1 2169
2767 1 2173
2768 2 2100
2772 1 2169
2783 2 604
2792 1 2171
2799 1 2171
2801 2 2043
2801 1 2164
2804 1 2164
2805 2 604
2805 1 2168
2813 1 2169
2814 1 2164
2820 2 597
2827 2 593
2832 2 2098
2833 1 2170
2835 1 2171
2837 2 2118
2838 1 2168
2839 1 2164
2843 2 2120
2846 2 2116
2847 2 2119
2852 1 2172
2854 1 2168
2856 2 605
2858 1 2172
2859 2 2116
2860 1 2171
2868 2 597
2873 2 608
2875 1 2175
2877 1 2171
2879 2 2122
2880 1 2168
2883 2 592
2889 2 615
2890 2 2356
2893 1 2164
2895 2 2119
2897 2 607
2901 1 2172
2902 1 2171
2904 2 2350
2906 1 2170
2912 2 2425
2913 1 2173
2918 2 2122
2918 1 2164
2923 1 2170
2924 2 2117
2924 1 2168
2938 1 2169
2939 2 2123
2940 1 2171
2944 1 2164
2949 1 2164
2953 2 2349
2954 2 2118
2965 2 2353
2968 1 2173
2972 1 2171
2973 1 2169
2977 1 2976
2978 2 2117
2978 1 2172
2984 1 2171
2985 1 2975
2987 1 2164
2988 1 2172
2993 1 2171
2997 1 1174
2999 2 2121
3004 2 615
3006 2 606
3007 2 2117
3007 1 2172
3009 1 2171
3012 1 2976
3013 2 2354
3019 1 2170
3022 2 2119
3024 2 2424
3024 1 2169
3025 2 611
3025 1 2172
3027 1 2169
3029 1 2164
3030 2 2131
3030 1 2169
3031 1 2976
3037 2 610
3039 2 610
3047 1 2169
3048 2 610
3048 1 2169
3049 1 2169
3050 2 2119
3054 1 2170
3058 1 2170
3061 2 2121
3061 1 2170
3063 2 2118
3063 1 2171
3073 2 593
3088 2 597
3089 1 2977
3091 2 605
3097 1 2977
3098 2 2055
3100 2 2117
3102 1 2173
3111 1 2164
3112 1 2975
3115 2 2353
3119 1 2169
3120 1 2975
3121 1 2976
3125 2 2356
3126 2 618
3131 2 2329
3131 1 2171
3132 2 2353
3132 1 2164
3133 1 2169
3136 2 2055
3137 1 2175
3152 1 2170
3156 1 3139
3158 2 597
3167 2 606
3185 2 594
3187 2 2322
3188 2 607
3190 2 2116
3192 2 2118
3196 2 2116
3202 2 612
3207 2 2425
3208 2 2108
3212 1 2172
3214 1 2170
3217 2 2424
3221 2 597
3221 1 3139
3223 1 2976
3224 1 2168
3225 2 611
3225 1 2169
3229 2 1034
3230 1 2974
3231 1 3144
3236 2 611
3236 1 3139
3243 1 2168
3245 2 597
3245 1 3139
3253 1 3139
3254 2 2982
3256 1 3139
3258 1 2172
3260 1 3150
3263 2 740
3264 2 2352
3266 1 2173
3272 2 2106
3272 1 2170
3273 1 3139
3275 1 3139
3276 2 611
3276 1 3139
3277 1 3139
3280 2 613
3306 2 2108
3307 2 2315
3311 2 593
3314 1 3139
3315 1 3139
3320 2 606
3330 2 2350
3334 2 2346
3338 2 2123
3339 2 592
3341 1 2977
3347 1 3139
3349 1 3139
3350 1 3139
3359 2 606
3366 2 2352
3370 2 593
3371 2 592
3375 1 2977
3376 1 3141
3381 2 2116
3381 1 2170
3390 2 2118
3394 1 3139
3402 2 2099
3414 2 610
3417 2 1030
3423 2 3382
3426 1 2168
3430 1 3139
3431 2 3146
3434 2 2323
3446 2 2119
3447 2 609
3455 2 593
3458 1 3139
3468 2 2425
3470 2 2116
3474 2 592
3476 2 2120
3481 2 594
3483 1 2164
3497 2 604
3498 2 594
3499 1 2172
3507 1 2173
3508 1 2164
3513 2 2356
3515 2 2100
3517 2 3488
3525 2 3492
3525 1 2976
3526 2 1034
3530 2 611
3534 2 2352
3536 2 604
3537 2 3468
3538 2 606
3539 2 2425
3545 2 2354
3548 1 2173
3550 2 2354
3550 1 3139
3554 1 3139
3555 2 3499
3556 1 2164
3560 1 2171
3564 1 3139
3575 1 3139
3598 1 3586
3607 2 3553
3609 1 3589
3610 1 3594
3614 1 3591
3615 1 3589
3617 2 3522
3622 2 594
3624 2 3148
3625 2 3147
3625 1 3591
3628 2 3562
3630 0 3630
3633 2 1032
3634 2 3559
3636 0 3632
3637 0 3628
3638 2 3558
3640 0 3634
3643 0 3630
3644 0 3644
3647 0 3632
3651 2 608
3656 0 3651
3662 2 593
3663 0 3654
3664 2 2425
3665 0 3651
3668 0 3661
3673 2 3545
3675 0 3662
3678 2 2119
3689 0 3629
3691 0 3652
3694 0 3646
3695 2 2351
3697 2 609
3697 0 3653
3699 0 3654
3707 2 3567
3710 2 3495
3716 2 3498
3724 2 2106
3726 2 3492
3737 2 3467
3743 2 611
3747 2 3565
3751 2 3466
3752 2 593
3763 2 3523
3778 1 3770
3782 1 3777
3784 1 3777
3793 2 2426
3797 1 3592
3799 2 2352
3800 1 3773
3801 1 3772
3802 1 3593
3803 1 3591
3805 1 3775
3809 2 2350
3810 2 2118
3810 1 3772
3811 2 3559
3811 1 3770
3812 1 3595
3813 2 2121
3815 1 3775
3816 2 2120
3817 2 592
3823 2 3554
3826 1 3776
3828 2 3567
3830 1 3777
3840 2 3148
3845 2 604
3846 2 3555
3850 2 3547
3855 1 3780
3856 2 593
3863 1 3780
3871 1 3591
3885 2 3562
3889 2 607
3890 1 3778
3891 2 617
3906 2 2983
3910 1 3586
3912 2 2097
3915 2 2105
3919 2 2096
3922 2 2118
3926 0 3926
3942 2 2121
3942 0 3940
3953 2 2123
3955 2 3563
3962 2 2120
3968 0 3940
3971 2 604
3972 0 3945
3978 2 613
3981 0 3940
3982 2 2350
3983 0 3940
3984 0 3940
3985 2 2123
3988 2 3559
4001 2 2055
4004 2 3558
4015 2 3494
4015 0 3940
4024 2 2123
4025 2 3564
4026 2 612
4031 1 3595
4048 0 3940
4049 0 3942
4050 1 3591
4054 0 3942
4057 2 2119
4057 0 3940
4067 0 3935
4071 2 2354
4074 2 3497
4075 0 3943
4078 1 3779
4079 1 3588
4079 0 3940
4080 2 611
4081 1 3588
4081 0 3938
4084 2 2345
4085 2 2350
4085 0 3940
4090 2 3560
4098 0 3945
4099 1 3587
4101 0 3943
4103 2 2107
4104 2 2055
4105 0 3940
4119 0 3940
4124 2 607
4126 0 3945
4127 0 3945
4128 2 2350
4130 2 3496
4135 0 3941
4136 0 3943
4149 0 3942
4150 0 3935
4159 2 3562
4160 0 3941
4163 2 3495
4164 0 3944
4166 0 3939
4167 0 3945
4168 0 3941
4170 0 3939
4177 0 3941
4184 2 4161
4185 2 3499
4187 1 3775
4189 2 2118
4189 0 3940
4190 1 3587
4192 2 2425
4194 1 3594
4196 2 593
4196 0 3936
4197 1 3771
4199 1 3791
4200 1 2976
4204 1 3779
4205 1 3772
4208 1 3771
4208 0 3940
4213 1 3772
4213 0 3945
4216 2 2121
4226 2 3495
4226 0 3940
4227 2 2116
4227 0 4010
4230 2 3498
4232 2 2425
4236 2 2121
4237 0 3943
4238 0 3943
4239 2 4174
4241 0 3944
4243 0 3945
4244 0 3940
4245 2 592
4253 0 3940
4256 0 3941
4257 2 3376
4260 0 3940
4262 2 3555
4266 2 2102
4269 0 3940
4270 1 3778
4274 2 612
4282 1 3590
4284 1 3587
4286 1 3778
4290 2 609
4294 2 3499
4300 2 2347
4305 2 3467
4306 2 3562
4312 1 3780
4313 1 3770
4315 1 3777
4317 2 3567
4317 1 3587
4323 1 3775
4327 2 4176
4331 1 3588
4332 2 4173
4332 1 3594
4335 2 4172
4348 2 2120
4350 2 2350
4351 2 2351
4354 0 3942
4357 0 3943
4359 2 4175
4362 0 3940
4369 0 4366
4371 0 4368
4372 2 2122
4375 0 4365
4376 0 4375
4378 2 3560
4378 0 4375
4383 2 4175
4385 0 4383
4396 2 4174
4397 0 4388
4410 1 3595
4411 2 3561
4413 1 3591
4414 2 1030
4414 0 4384
4416 0 4388
4419 2 4175
4430 0 4376
4432 2 4428
4433 2 4384
4436 2 604
4442 2 615
4446 0 4381
4447 2 4424
4450 2 3464
4450 0 4401
4451 0 4399
4452 0 4399
4453 2 2118
4455 2 4425
4461 2 3372
4462 0 4394
4464 0 4399
4466 1 3780
4467 2 608
4467 1 3771
4468 2 2118
4468 1 3772
4468 0 4377
4469 0 4375
4470 1 3772
4473 2 4424
4477 1 3779
4480 0 4375
4481 0 4385
4484 0 4376
4486 2 2119
4491 1 3780
4493 1 3777
4494 0 4400
4497 1 3778
4500 0 4395
4508 2 4422
4509 2 4387
4509 1 3779
4509 0 4383
4510 1 3595
4512 2 3524
4512 0 4382
4519 1 3587
4519 0 4396
4522 0 4380
4525 2 3495
4535 2 4172
4536 2 610
4536 0 4391
4537 0 4393
4542 2 3551
4546 0 4398
4548 2 3481
4549 0 4391
4551 2 4169
4552 0 4388
4553 0 4377
4559 0 4377
4565 2 4161
4566 0 4382
4571 2 2108
4571 0 4378
4575 2 2324
4575 0 4383
4576 2 3545
4578 0 4388
4584 2 2425
4586 2 4172
4591 2 3551
4593 0 4386
4594 0 4377
4595 0 4401
4598 0 4380
4602 0 4398
4608 0 4395
4609 2 2055
4612 2 2115
4613 0 4394
4615 2 4168
4615 0 4381
4616 2 613
4621 0 4386
4625 2 4421
4642 2 594
4646 2 2119
4652 2 3498
4652 0 4391
4656 0 4387
4657 2 4175
4663 0 4377
4668 0 4401
4670 1 3591
4673 1 3772
4679 1 3778
4681 2 3497
4683 1 3776
4698 0 4390
4699 0 4400
4702 0 4379
4704 0 4647
4705 0 4377
4706 2 605
4709 2 3496
4711 1 3779
4714 0 4374
4715 2 2353
4715 1 3589
4716 0 4387
4717 0 4387
4719 2 4171
4720 1 3778
4722 2 4429
4731 2 4424
4735 0 4394
4743 0 4379
4745 0 4363
4746 0 4399
4749 0 4387
4754 0 4379
4755 0 4660
4756 0 4402
4759 1 3779
4764 2 4174
4764 1 3587
4764 0 4404
4766 1 3588
4766 0 4388
4767 1 3591
4772 2 4173
4773 1 3773
4776 1 3779
4777 1 3787
4778 2 3499
4780 2 3467
4781 2 4158
4782 1 3771
4783 0 4386
4784 2 593
4789 1 3779
4791 2 3156
4791 1 3588
4792 0 4402
4794 2 608
4796 0 4402
4797 2 3149
4798 0 4405
4801 0 4398
4806 2 2046
4807 0 4395
4809 2 4417
4811 2 4342
4813 2 4421
4815 0 4375
4819 2 4420
4820 0 4391
4823 0 4385
4826 0 4393
4830 0 4401
4835 0 4377
4836 2 4430
4836 0 4396
4839 2 2354
4840 2 4420
4841 0 4836
4842 0 4389
4845 0 4386
4849 0 4836
4854 2 4416
4858 0 4393
4864 0 4657
4868 2 3498
4868 0 4387
4869 0 4377
4870 0 4380
4872 2 4173
4875 2 4838
4877 0 4637
4878 0 4636
4880 2 3563
4883 2 3498
4885 2 2351
4885 0 4403
4886 0 4838
4889 2 4172
4895 1 3774
4897 2 4420
4900 1 3771
4902 2 607
4908 1 3590
4910 1 3771
4913 2 2119
4916 1 3586
4917 1 3779
4920 1 3780
4925 1 3773
4929 2 4156
4932 2 4425
4935 1 3776
4935 0 4405
4937 2 3523
4937 0 4382
4938 2 613
4940 1 3591
4941 2 3467
4944 2 2120
4953 1 3586
4954 2 4895
4960 0 4393
4963 2 4172
4969 0 4376
4970 0 4836
4980 0 4838
4987 0 4377
4994 0 4375
4998 0 4383
5003 0 4388
5006 0 4377
5007 0 4387
5008 0 4651
5010 1 3778
5013 0 4631
5015 0 4376
5017 0 4385
5022 1 3593
5024 1 3770
5024 0 4837
5025 1 3593
5026 0 4390
5028 2 4176
5029 0 4841
5032 0 4399
5036 1 3770
5036 0 4377
5039 1 3595
5040 1 3770
5040 0 4377
5046 0 4376
5048 0 4393
5053 0 4382
5054 2 4897
5056 0 4381
5057 1 3774
5057 0 4383
5061 0 4390
5062 2 2350
5063 0 4391
5064 0 4836
5065 0 4379
5068 2 3560
5068 0 4639
5069 0 4378
5075 2 4801
5077 2 4364
5079 2 4840
5080 2 4798
5081 2 2353
5081 1 3771
5081 0 4839
5082 2 4172
5082 1 3593
5085 0 4388
5095 1 3139
5096 1 3780
5100 2 4156
5102 2 4790
5121 2 2354
5123 2 4425
5130 1 3592
5140 2 3498
5141 2 3523
5169 1 3776
5170 1 3772
5176 1 5161
5182 1 5166
5183 1 3776
5186 1 5164
5190 1 5166
5192 2 4383
5194 1 5166
5197 1 5167
5199 1 5165
5208 2 4844
5210 2 4416
5212 2 604
5216 2 4173
5220 2 4172
5221 2 2350
5221 1 5161
5224 2 4423
5227 2 4174
5227 1 5166
5241 2 4842
5244 2 2117
5245 1 5167
5246 1 5240
5249 2 4175
5249 1 5166
5253 1 5168
5255 1 5239
5264 2 615
5269 2 4192
5273 2 2067
5274 2 3489
5277 1 5167
5282 1 5236
5288 2 4156
5288 1 3593
5289 1 5169
5291 1 5158
5292 1 3786
5293 1 5241
5300 1 5241
5306 2 4153
5322 2 3562
5323 2 617
5325 2 2131
5331 2 2326
5332 1 5237
5335 2 5081
5340 1 5163
5341 2 3386
5341 1 5162
5342 1 5240
5344 2 4788
5347 2 4856
5349 2 4840
5355 1 5164
5358 2 4339
5359 1 5165
5372 2 5107
5376 2 4799
5380 1 5166
5386 1 5167
5396 2 2119
5396 1 5161
5397 1 2170
5401 1 5161
5404 1 5239
5406 1 5240
5409 1 5168
5413 1 3591
5414 2 5102
5416 2 4384
5421 2 4387
5423 2 4847
5444 2 4423
5445 2 2117
5447 2 3468
5452 2 4842
5453 2 593
5455 1 5237
5459 1 5238
5460 1 5241
5461 2 4428
5470 1 5240
5476 2 2116
5482 2 3499
5483 2 612
5484 1 5238
5485 1 5165
5489 1 5163
5491 1 5240
5496 1 5163
5497 2 4173
5503 2 2043
5505 2 2424
5508 1 5239
5511 1 5166
5528 2 4176
5531 1 5161
5541 1 5237
5548 1 5162
5551 1 3589
5561 2 4806
5566 2 3483
5566 1 5164
5575 2 3464
5578 1 5162
5584 2 597
5586 2 5104
5586 1 5169
5589 1 5241
5593 2 4163
5596 2 2349
5598 2 5103
5599 1 3772
5600 1 5161
5602 1 5163
5604 2 4785
5605 1 3595
5607 2 3551
5609 2 2055
5611 2 4895
5623 2 3563
5632 2 3495
5637 2 3520
5641 2 2350
5642 2 4155
5644 2 4429
5653 2 4807
5655 2 4797
5662 2 4160
5662 1 5240
5667 2 3566
5669 2 4425
5669 1 5162
5677 1 5238
5679 1 5165
5683 2 4895
5684 2 4188
5688 1 3776
5696 2 4784
5696 1 5161
5699 1 5167
5700 1 5167
5702 1 5163
5705 2 3551
5712 2 597
5720 2 2119
5721 1 5162
5722 1 3587
5723 1 5238
5727 1 5240
5736 1 5163
5745 1 5238
5748 2 594
5755 1 3586
5758 2 4175
5758 1 5003
5763 1 3591
5766 2 613
5767 1 3594
5769 1 5165
5774 1 5161
5775 2 3498
5778 2 4152
5778 1 5167
5779 2 605
5781 1 5164
5782 1 5239
5783 1 5241
5784 1 5161
5786 2 4837
5789 2 4191
5792 1 5237
5797 2 2117
5799 2 4426
5800 2 3564
5801 2 4345
5801 1 5168
5812 2 4421
5827 2 4427
5835 2 3558
5840 2 4431
5846 2 4176
5846 1 5238
5850 2 4427
5851 2 4856
5856 2 4851
5859 2 3620
5862 2 613
5869 1 3777
5874 1 3590
5875 1 5240
5876 1 5237
5877 1 5164
5885 1 5165
5886 1 5169
5894 1 5236
5895 1 3773
5899 1 3592
5900 2 4160
5901 2 607
5903 1 3139
5907 2 2321
5909 2 4897
5911 2 4176
5916 1 3778
5920 1 5240
5922 2 4786
5922 1 5239
5927 1 5163
5928 2 4846
5932 2 4789
5934 2 2118
5937 2 3564
5944 1 5239
5952 2 4152
5956 1 5239
5964 2 592
5966 2 597
5968 2 4849
5973 2 5105
5975 2 4172
5976 2 4175
6006 1 5165
6011 2 594
6012 1 5169
6014 1 5241
6018 1 5238
6019 1 5163
6022 2 4801
6022 1 5236
6023 1 5241
6025 1 3587
6029 2 3552
6032 2 2117
6035 2 2116
6042 2 2349
6059 2 4801
6060 2 4807
6060 1 5238
6067 2 3523
6070 1 3775
6073 1 5165
6076 1 5237
6077 1 5161
6078 1 5163
6083 2 604
6083 1 5161
6088 2 4174
6089 1 5239
6093 1 5237
6100 1 5238
6102 1 5240
6103 1 5163
6106 2 4847
6107 2 3493
6109 2 5101
6110 2 4420
6111 1 5238
6122 2 4420
6124 2 2118
6141 2 4808
6142 2 3147
6143 2 4799
6143 1 5164
6147 1 5241
6148 1 5167
6151 1 5240
6152 2 2882
6153 1 5238
6154 1 5236
6159 2 4791
6160 1 5167
6164 1 5167
6166 1 5169
6169 2 3559
6171 1 5167
6174 2 5102
6176 2 592
6181 2 5190
6183 1 3590
6186 1 5235
6187 1 5234
6189 2 4420
6191 1 5165
6192 2 4770
6198 1 5240
6199 1 5241
6202 1 5237
6203 2 594
6206 1 5161
6211 1 5161
6214 2 3563
6215 2 605
6226 2 4801
6227 2 4190
6233 2 4843
6247 2 613
6257 1 5167
6263 1 5166
6264 1 5237
6267 2 5081
6268 2 5503
6269 2 4156
6269 1 5239
6273 1 5164
6285 1 5236
6287 2 4172
6289 1 5161
6294 1 5237
6296 1 5239
6302 1 5237
6303 1 5163
6304 2 2352
6304 1 5162
6308 1 5168
6309 1 5237
6313 1 5241
6316 2 4172
6319 1 3592
6321 1 3594
6322 2 3561
6323 2 4176
6326 1 5237
6329 1 5163
6334 2 3150
6335 2 2359
6337 1 5238
6345 2 4152
6353 2 3151
6357 2 4836
6361 2 2985
6372 2 4193
6375 2 2120
6380 2 3342
6385 2 4172
6395 2 3495
6399 1 5164
6401 2 4422
6415 2 5105
6417 2 3368
6418 2 4384
6419 2 3467
6422 2 4420
6423 1 5238
6433 1 5238
6440 2 3499
6440 1 5162
6442 1 5167
6450 2 6419
6451 2 3526
6456 1 5238
6458 2 4430
6460 2 4428
6464 2 4423
6468 1 5167
6471 2 4844
6472 2 3497
6478 1 5167
6479 2 3544
6484 2 3520
6485 2 4895
6494 1 5237
6495 1 5238
6496 2 4786
6503 2 3524
6506 2 4383
6507 2 4895
6509 1 5161
6525 1 5167
6528 1 5240
6535 2 609
6548 2 613
6551 1 5238
6559 2 3497
6560 1 5235
6564 1 3770
6571 1 5240
6577 1 5240
6581 1 5237
6582 1 5163
6585 1 5162
6592 1 5241
6596 1 5167
6598 2 5105
6605 1 5240
6610 2 2055
6611 1 5240
6616 1 5163
6619 1 3792
6620 1 5162
6621 2 2098
6624 2 6419
6628 1 5162
6630 1 5240
6631 2 4431
6636 1 5165
6638 2 3557
6638 1 5238
6639 1 3594
6643 2 3553
6644 1 3778
6656 1 5161
6657 2 592
6657 1 5167
6659 2 3498
6662 2 4172
6666 1 5166
6677 1 3773
6680 1 5238
6682 2 4383
6683 1 5234
6685 1 5164
6687 2 4157
6689 1 3587
6692 1 5236
6697 1 5236
6700 2 3484
6708 2 4801
6713 2 2118
6719 2 4431
6727 1 5238
6730 1 3776
6733 2 4365
6738 1 5239
6739 2 4787
6742 1 5235
6743 1 5241
6750 2 4431
6755 2 4856
6756 2 4431
6763 1 5238
6778 2 4155
6781 2 2325
6787 2 6574
6796 1 5168
6799 2 4422
6802 1 5167
6803 1 5240
6807 2 608
6809 2 3556
6815 1 5168
6823 1 5240
6825 2 6577
6831 1 5237
6838 1 5161
6844 1 5234
6845 2 3467
6847 1 5234
6850 2 3546
6850 1 5236
6853 2 4842
6854 1 5169
6858 2 3564
6870 1 5238
6871 1 5236
6878 2 4152
6878 1 5167
6882 2 4840
6882 1 5166
6884 1 3586
6886 2 4895
6890 2 6568
6897 1 5239
6899 2 2121
6901 2 2118
6908 2 4153
6909 2 3495
6910 2 4173
6922 1 5235
6926 1 5161
6928 1 5161
6937 1 5164
6939 2 2055
6939 1 5004
6940 1 5164
6943 2 6576
6944 2 5100
6945 1 5164
6946 2 2352
6947 2 4423
6950 2 4839
6952 2 4427
6964 2 4788
6966 2 3561
6970 1 5241
6971 2 3624
6980 2 3373
6982 2 3563
6984 2 6569
6990 2 2055
6991 1 5241
7002 2 4430
7004 1 5162
7005 1 5167
7006 2 2354
7009 1 3775
7012 1 5162
7014 2 3497
7016 2 4156
7021 1 5237
7022 2 2120
7022 1 3593
7028 1 5166
7033 1 5166
7034 1 5161
7036 2 2121
7040 2 3167
7040 1 5168
7041 2 6953
7045 1 5162
7049 1 5237
7050 2 6956
7053 2 4895
7055 1 5164
7063 2 3547
7063 1 5237
7064 2 4382
7067 2 4431
7071 2 592
7072 2 3499
7074 2 4425
7074 1 5162
7083 1 5164
7084 1 5168
7085 1 5166
7089 1 5238
7094 1 5237
7095 1 5169
7098 1 5167
7100 2 4168
7102 1 5239
7107 2 4339
7108 2 4842
7109 1 3773
7110 2 3564
7112 2 6385
7113 2 4430
7117 2 4416
7118 1 3788
7124 1 5161
7125 1 5161
7127 2 3551
7133 2 4170
7142 1 5239
7145 1 5163
7146 2 3497
7147 2 6952
7148 2 3152
7148 1 3778
7152 2 4158
7154 1 3779
7163 2 4791
7163 1 5234
7164 2 4431
7165 2 3559
7167 1 5164
7178 2 3498
7180 2 2424
7185 2 7152
7186 1 5238
7199 2 4176
7200 2 2351
7205 1 5238
7206 2 605
7208 2 609
7219 2 6564
7220 2 4846
7224 1 5161
7228 1 5165
7230 1 3780
7233 2 3499
7252 1 5165
7253 1 5166
7256 2 5103
7260 2 6957
7261 2 6564
7269 2 2056
7269 1 5239
7272 2 6578
7273 2 4172
7278 2 4793
7279 2 4428
7284 1 5238
7285 2 2122
7287 2 4840
7288 1 4993
7297 1 5018
7303 1 5237
7305 2 7180
7306 2 7154
7308 2 2425
7311 1 5239
7312 1 5161
7313 2 5547
7314 1 3591
7315 2 4173
7315 1 5238
7316 2 4176
7330 2 2424
7332 2 7160
7349 1 3772
7352 1 5169
7358 2 2124
7365 1 5161
7370 2 5103
7372 1 5234
7374 2 6576
7377 1 5165
7381 2 7153
7393 2 4804
7396 2 4176
7398 2 594
7407 2 7397
7411 2 4430
7419 1 5240
7423 2 4427
7427 2 2352
7431 2 7152
7431 1 5241
7433 1 5241
7434 2 4417
7435 1 3589
7436 1 5236
7437 1 5238
7442 2 2120
7444 2 4425
7450 1 5168
7451 1 5241
7455 2 4431
7455 1 5162
7457 2 2122
7459 2 4803
7467 1 3587
7468 2 4422
7470 2 4895
7472 1 5165
7473 2 6580
7475 1 5239
7481 1 5023
7482 2 5097
7482 1 5239
7483 2 3557
7484 1 5237
7488 1 5237
7489 2 2356
7490 1 5241
7496 2 6569
7499 2 3558
7501 1 5241
7506 2 4156
7511 1 3776
7513 2 7389
7519 1 3780
7524 2 4800
7526 2 4162
7532 2 610
7536 2 4416
7538 1 5162
7540 2 3496
7544 1 5239
7551 2 6568
7552 2 5100
7574 1 5240
7578 2 4805
7579 1 5239
7583 2 4173
7585 1 5169
7592 1 5238
7595 2 2320
7596 2 6955
7599 1 5234
7600 1 5165
7601 2 3557
7603 1 5161
7609 1 7594
7612 1 5166
7616 2 2126
7619 2 593
7621 1 5239
7630 1 5165
7631 2 4172
7632 1 5169
7642 2 615
7649 2 6957
7651 2 3482
7654 2 594
7654 1 5238
7656 1 5169
7657 2 606
7657 1 5162
7659 1 5238
7670 2 4365
7671 2 4192
7674 1 5235
7678 1 5165
7680 2 7179
7680 1 5166
7683 2 4422
7686 2 2112
7687 2 7382
7687 1 5165
7689 1 5166
7690 2 7384
7694 1 5241
7700 2 4790
7702 2 592
7717 1 5239
7719 1 5162
7727 2 2424
7730 2 6565
7734 2 3552
7739 2 4796
7739 1 5237
7740 2 2351
7743 2 6575
7746 1 5166
7751 1 5237
7753 1 5236
7755 1 7593
7756 1 5237
7760 2 4896
7762 1 5239
7766 2 3562
7766 1 3595
7770 2 7390
7792 2 7765
7798 2 7154
7806 2 6570
7813 2 4801
7818 2 2122
7824 2 593
7825 2 7154
7831 2 2117
7835 2 3552
7841 2 4171
7842 1 5239
7843 2 4176
7843 1 5168
7854 2 7763
7855 1 5239
7860 2 6577
7861 2 7182
7862 1 5237
7867 2 7180
7867 1 3771
7871 2 7152
7872 2 4803
7873 1 3592
7878 1 5166
7880 2 4345
7883 2 4430
7885 1 3774
7890 1 3595
7892 2 2350
7893 2 3370
7899 2 7395
7899 1 5238
7904 2 5095
7904 1 5162
7905 2 3495
7906 2 2424
7907 2 4155
7908 2 7154
7910 1 5240
7913 2 2118
7917 1 5165
7930 2 4172
7931 2 2350
7934 1 5239
7935 2 4840
7944 2 4156
7949 2 3558
7951 1 5237
7953 1 5162
7955 2 4421
7960 1 5241
7966 1 5167
7968 1 5239
7973 2 5516
7977 2 4808
7979 2 5623
7985 2 4385
7995 2 4807
7996 2 2901
7997 1 5238
8005 2 7740
8006 2 7181
8012 2 2359
8014 1 5163
8016 1 5169
8022 1 5165
8024 2 2119
8024 1 5238
8027 2 3497
8028 2 7509
8036 1 5234
8039 1 5169
8041 2 2321
8044 2 1034
8049 2 4339
8053 1 5163
8054 2 4830
8055 1 5161
8061 2 2104
8061 1 5241
8064 1 5240
8069 1 5165
8074 1 3773
8077 2 7400
8088 2 3620
8089 2 608
8090 2 4854
8091 1 5163
8093 2 6580
8096 2 611
8102 1 3595
8105 1 5234
8107 2 2104
8108 1 3589
8110 1 5169
8111 2 3467
8111 1 5165
8131 2 7533
8132 1 5169
8133 1 5241
8138 1 3595
8140 2 7441
8146 2 7160
8147 2 4848
8156 2 4152
8157 1 3777
8158 2 2350
8160 2 613
8160 1 5150
8167 1 5145
8171 1 5163
8172 1 3594
8174 1 4996
8179 1 5236
8180 1 5167
8181 2 4896
8185 2 4156
8192 2 7158
8207 2 4420
8212 1 4992
8216 2 4836
8219 1 5163
8221 2 3387
8223 2 4092
8226 1 5168
8242 2 4844
8244 2 4421
8244 1 5161
8245 2 3499
8246 1 5162
8247 2 3557
8249 2 7441
8251 2 6951
8253 1 5241
8267 1 5238
8271 2 5099
8271 1 3788
8273 2 3565
8274 2 7401
8274 1 5022
8275 1 5163
8287 1 5169
8289 1 5169
8290 2 4430
8296 1 5165
8297 1 5166
8301 2 4176
8312 1 5166
8319 2 6578
8319 1 5162
8320 1 3594
8325 2 3566
8326 2 2118
8327 2 4175
8327 1 5238
8328 1 5165
8336 1 5169
8341 1 5238
8343 1 5241
8348 1 5240
8355 2 2321
8360 2 2856
8367 2 7447
8368 2 2116
8377 2 3565
8382 2 4842
8387 1 5240
8391 2 3558
8396 2 6955
8396 1 5169
8398 1 5240
8399 2 3551
8402 1 5165
8406 1 5164
8412 2 4156
8417 2 4175
8427 2 7398
8432 1 5168
8434 2 7396
8435 1 5239
8444 1 5235
8450 2 4431
8450 1 5162
8456 2 2120
8457 1 5240
8466 2 3520
8466 1 5164
8467 2 4428
8470 1 5161
8472 1 5239
8474 2 597
8475 2 2354
8486 1 5163
8494 1 5165
8500 2 6558
8500 1 5241
8502 2 4135
8502 1 5168
8503 2 607
8508 1 5166
8510 1 5239
8515 2 6576
8515 1 5240
8516 2 3567
8522 2 4840
8522 1 5240
8524 1 5239
8527 2 6376
8530 2 2683
8531 2 7398
8531 1 5163
8536 2 6570
8538 2 7154
8540 1 5241
8541 1 5162
8542 1 5167
8544 1 5161
8546 2 7159
8547 2 593
8547 1 3776
8550 1 5238
8552 2 4157
8554 2 6567
8555 1 5240
8557 1 5239
8560 2 6575
8570 1 5163
8571 2 3495
8572 2 4383
8574 2 4189
8575 1 5162
8576 2 6424
8579 2 4848
8579 1 5167
8581 1 5238
8583 1 3586
8584 1 5164
8586 1 5167
8587 2 8539
8592 2 4801
8601 1 3595
8602 1 7593
8604 1 5239
8607 2 4172
8613 2 7401
8614 2 7159
8618 2 4174
8623 1 5235
8624 2 4714
8625 2 7398
8629 1 5239
8630 1 3774
8631 2 4173
8632 1 5162
8634 2 4424
8634 1 5234
8635 1 5162
8636 1 5163
8642 1 5169
8644 1 5237
8645 1 5168
8646 1 5165
8650 2 4360
8651 2 607
8654 1 5167
8655 2 4837
8655 1 5236
8656 2 7745
8658 2 2117
8660 2 4423
8664 2 610
8664 1 5161
8668 2 609
8668 1 5237
8669 1 5237
8675 2 4421
8684 1 5165
8685 2 4800
8685 1 5238
8686 2 7395
8687 2 4798
8690 2 4895
8693 2 7390
8701 1 5241
8706 1 5240
8708 1 5241
8713 2 3567
8713 1 5165
8719 2 7390
8722 1 3592
8728 1 5236
8729 2 7403
8731 2 597
8741 1 5235
8744 1 5168
8746 1 5168
8748 1 7594
8755 1 5239
8759 2 4426
8760 1 5239
8761 1 5235
8763 1 5239
8772 2 3566
8777 2 8546
8778 2 4176
8782 1 5164
8793 2 4174
8797 1 5241
8805 2 7154
8806 1 5169
8810 1 5234
8814 1 5240
8816 1 5164
8820 2 2055
8825 1 5167
8833 2 4155
8834 1 5168
8845 1 5234
8848 1 5169
8850 1 5165
8852 2 3518
8855 1 5163
8857 2 615
8857 1 5167
8860 2 2353
8867 2 8746
8868 1 5238
8871 1 5163
8872 1 5236
8879 2 593
8883 2 4428
8884 1 5165
8885 2 6952
8889 2 2664
8889 1 5162
8892 2 8764
8893 1 5239
8896 2 4156
8907 1 5166
8908 1 5168
8909 2 5107
8922 2 7157
8923 2 7767
8927 2 8714
8931 1 3586
8933 1 6825
8939 2 7159
8945 1 7595
8948 1 5236
8950 1 5161
8957 2 7158
8959 2 2350
8959 1 5161
8960 1 5168
8961 2 7746
8962 1 5165
8967 1 5241
8969 2 593
8970 2 7404
8980 2 8722
8980 1 5169
8982 1 5236
8983 1 5238
8990 1 5241
8991 2 7155
8994 1 5161
8997 1 5164
8998 2 8726
9000 2 4172
9007 2 3558
9009 2 607
9009 1 5161
9021 1 5164
9027 2 4423
9038 2 2425
9038 1 5238
9039 1 5241
9040 2 6569
9052 2 4428
9058 1 5241
9060 2 4896
9067 1 5239
9071 2 3544
9072 1 5237
9075 2 8852
9084 1 5240
9086 2 610
9090 1 5238
9099 2 4856
9103 2 4428
9104 2 8729
9107 2 8736
9112 1 5167
9116 1 5239
9119 2 4429
9130 2 8739
9135 2 613
9136 1 3772
9139 2 6566
9141 2 4784
9142 2 4423
9150 1 3592
9151 1 5240
9153 2 4848
9153 1 5236
9156 2 9068
9156 1 5238
9165 1 5237
9174 2 9154
9175 2 4801
9184 2 8763
9190 2 9070
9190 1 5168
9194 1 5166
9199 2 4429
9199 1 5237
9200 2 7393
9202 2 4430
9210 2 9067
9212 1 5241
9216 2 8738
9218 1 5237
9219 2 4421
9219 1 5238
9220 2 613
9229 2 9068
9234 1 5241
9236 1 5167
9237 2 9067
9242 2 7155
9243 2 8544
9246 2 9069
9247 2 8762
9249 2 9068
9249 1 5163
9256 1 5164
9261 2 7396
9262 1 5239
9266 2 7390
9267 1 5166
9271 1 3778
9272 2 9077
9272 1 3595
9277 2 610
9282 1 7594
9286 1 5169
9296 2 8741
9303 2 4414
9307 2 7550
9311 2 4846
9313 2 8710
9314 2 8731
9315 2 7178
9318 2 4154
9318 1 3779
9321 1 5240
9325 1 5238
9331 2 8744
9331 1 5240
9332 1 3592
9334 1 3590
9339 2 2117
9341 1 5167
9344 1 5240
9347 1 5163
9351 1 5238
9355 2 5106
9355 1 5241
9357 1 5164
9359 2 4169
9366 2 8739
9370 2 9062
9371 2 7392
9374 2 4171
9376 2 8749
9386 2 6576
9387 1 5238
9389 2 2119
9392 2 8748
9395 2 4173
9402 2 8742
9403 2 3464
9403 1 5241
9409 1 5237
9413 1 5164
9414 1 5164
9415 1 5240
9424 2 4844
9425 2 608
9428 2 9081
9429 2 4174
9433 2 8739
9434 2 4174
9437 2 6566
9445 1 5241
9448 1 5240
9453 1 5168
9455 2 8546
9462 2 8733
9463 2 2120
9464 1 5241
9466 1 5167
9470 1 5147
9471 2 606
9472 2 8729
9473 1 5161
9485 1 5240
9486 2 4423
9488 1 5167
9489 2 9158
9491 2 8746
9498 2 8732
9500 2 7760
9509 2 3566
9509 1 5168
9510 1 5238
9511 1 5163
9516 1 5236
9517 1 5237
9519 1 5164
9520 1 5237
9523 1 5238
9524 2 6572
9534 2 9078
9534 1 5165
9536 2 4173
9545 1 5237
9553 2 7153
9559 1 3778
9567 2 3499
9569 2 8543
9572 1 5239
9577 2 8736
9581 1 5241
9585 1 5165
9591 1 3590
9592 1 3779
9594 1 3590
9596 1 5239
9597 2 7737
9599 1 5162
9601 2 8544
9611 2 7401
9616 2 2351
9617 2 7159
9621 1 4996
9628 2 8414
9632 2 8732
9633 2 4427
9633 1 5162
9634 2 4896
9644 1 5240
9647 2 7179
9648 2 2115
9649 2 9156
9654 2 8763
9655 2 2425
9673 2 8762
9673 1 5164
9677 1 3593
9678 1 3595
9679 2 592
9681 1 4997
9682 1 7595
9684 2 4800
9684 1 3778
9686 2 4845
9687 2 2121
9693 2 4173
9693 1 3771
9696 1 5164
9697 2 9084
9698 1 5162
9702 2 7393
9702 1 5168
9712 1 5237
9717 2 2897
9722 1 5238
9728 2 3169
9728 1 3587
9734 2 3555
9739 2 8743
9741 1 5163
9744 1 5165
9756 2 7181
9756 1 5240
9757 1 5168
9760 2 8763
9763 2 8739
9771 2 3557
9773 2 9068
9786 2 9067
9790 1 5237
9791 2 9070
9803 2 6572
9814 2 7463
9815 2 3552
9816 2 9068
9817 1 5168
9822 2 9062
9826 2 7384
9830 2 4176
9831 2 7152
9833 1 5239
9842 1 5239
9843 1 5167
9844 2 4156
9848 2 3524
9849 2 8746
9850 1 5168
9854 1 5166
9856 1 5167
9863 1 5167
9864 1 5168
9870 2 3551
9871 2 8723
9872 1 5161
9876 1 5167
9877 2 612
9905 2 3551
9907 2 7765
9908 2 8762
9931 2 609
9942 2 4169
9943 1 5168
9945 2 8720
9946 2 2123
9952 2 8860
9956 1 3775
9957 2 7389
9958 1 5167
9960 1 5162
9961 2 607
9963 1 5167
9966 2 8544
9978 2 7728
9979 1 5163
9983 2 607
9984 2 4189
9989 2 9062
9993 2 607
