0.264000 -0.000500
0.261500 -0.000500
0.256000 -0.000500
0.253500 -0.000500
0.249000 -0.000500
0.243500 -0.000500
0.240000 -0.000500
0.237500 -0.000500
0.235000 -0.000500
0.228000 -0.000500
0.225000 -0.000500
0.222000 -0.000500
0.219000 -0.000500
0.216000 -0.000500
0.213500 -0.000500
0.210500 -0.000500
0.207500 -0.000500
0.204000 -0.000500
0.201500 -0.000500
0.197500 -0.000500
0.195000 -0.000500
0.189500 -0.000500
0.186000 -0.000500
0.183000 -0.000500
0.181000 -0.000500
0.174500 -0.000500
0.171000 -0.000500
0.168500 -0.000500
0.165500 -0.000500
0.163000 -0.000500
0.157500 -0.000500
0.154000 -0.000500
0.150500 -0.000500
0.147000 -0.000500
0.143000 0.239000
0.140000 0.230000
0.136500 0.224500
0.134500 0.221500
0.132000 0.216000
0.129000 0.212500
0.226500 -0.000500
0.223500 -0.000500
0.221000 -0.000500
0.213500 -0.000500
0.210000 -0.000500
0.208500 -0.000500
0.204500 -0.000500
0.200500 -0.000500
0.198500 -0.000500
0.196000 -0.000500
0.192000 -0.000500
0.187500 -0.000500
0.185000 -0.000500
0.180000 -0.000500
0.177500 0.309000
0.173500 0.302500
0.168500 0.297000
0.166000 0.286500
0.162000 0.281000
0.159000 0.269500
0.152500 0.264000
0.149000 0.253500
0.146000 0.245500
0.143000 0.237000
0.139000 0.228500
0.135500 0.220500
0.132500 0.218500
0.129500 0.212000
0.127000 0.207500
0.124500 0.202500
0.121500 0.198500
0.119000 0.195000
0.116000 0.189000
0.113000 0.184500
0.110500 0.181000
0.108500 0.175500
0.107000 0.173000
0.104000 0.168000
0.102500 0.163000
0.100000 0.157500
0.262500 -0.000500
-0.000500 -0.000500
0.254500 -0.000500
0.250500 -0.000500
0.246000 -0.000500
0.243500 -0.000500
0.238500 -0.000500
0.231500 -0.000500
0.227000 -0.000500
0.225500 -0.000500
0.222500 -0.000500
0.219000 -0.000500
0.217000 -0.000500
0.213500 -0.000500
0.210500 -0.000500
0.207500 -0.000500
0.204500 -0.000500
0.202000 -0.000500
0.199000 -0.000500
0.195000 -0.000500
0.192000 -0.000500
0.186000 -0.000500
0.183000 -0.000500
0.181000 -0.000500
0.178000 -0.000500
0.172000 -0.000500
0.168500 -0.000500
0.165500 -0.000500
0.162500 -0.000500
0.160000 -0.000500
0.155000 -0.000500
0.151000 -0.000500
0.148000 -0.000500
0.144500 -0.000500
0.140500 -0.000500
0.137500 0.227500
0.134000 -0.000500
0.131500 0.217500
0.129000 0.212500
0.126500 -0.000500
0.226000 -0.000500
0.222500 -0.000500
0.218500 -0.000500
0.211500 -0.000500
0.209500 -0.000500
0.206000 -0.000500
0.203000 -0.000500
0.200500 -0.000500
0.197000 -0.000500
0.193000 -0.000500
0.190500 -0.000500
0.186000 -0.000500
0.182000 -0.000500
0.178500 -0.000500
0.177000 -0.000500
0.171500 -0.000500
0.169500 -0.000500
0.165000 -0.000500
0.159500 -0.000500
0.158000 0.268500
0.153000 0.260500
0.148000 0.252500
0.144500 0.241500
0.141500 0.235000
0.137500 0.227000
0.134500 0.220500
0.131500 0.218000
0.128000 0.212000
0.125500 0.207500
0.123000 0.203500
0.120500 0.198500
0.118000 0.196000
0.115500 0.192000
0.112000 0.186000
0.109500 0.180500
0.108000 0.176500
0.106500 0.173500
0.104000 0.169000
0.102500 0.164500
0.100000 0.159000
0.261000 -0.000500
0.256500 -0.000500
-0.000500 -0.000500
-0.000500 -0.000500
-0.000500 -0.000500
0.243000 -0.000500
0.238500 -0.000500
0.235500 -0.000500
0.228000 -0.000500
0.225000 -0.000500
0.221000 -0.000500
0.218000 -0.000500
0.215000 -0.000500
0.212500 -0.000500
0.209500 -0.000500
0.206500 -0.000500
0.204000 -0.000500
0.201000 -0.000500
0.198000 -0.000500
0.194000 -0.000500
0.190000 -0.000500
0.185000 -0.000500
0.181000 -0.000500
0.177500 -0.000500
0.176500 -0.000500
0.170500 -0.000500
0.167000 -0.000500
0.162500 -0.000500
0.160500 -0.000500
0.158000 -0.000500
0.154000 -0.000500
0.150000 -0.000500
0.145500 -0.000500
0.143000 -0.000500
0.139500 0.234500
0.136000 0.225500
0.133000 -0.000500
0.130000 0.216000
0.128000 0.211500
0.125500 -0.000500
0.225000 -0.000500
0.221000 -0.000500
0.218500 -0.000500
0.212000 -0.000500
0.208500 -0.000500
0.206000 -0.000500
0.202500 -0.000500
0.200500 -0.000500
0.196000 -0.000500
0.194000 -0.000500
0.190000 -0.000500
0.186000 -0.000500
0.183500 -0.000500
0.179500 -0.000500
0.175000 -0.000500
0.170500 -0.000500
0.168000 -0.000500
0.164000 -0.000500
0.159500 -0.000500
0.157500 0.268000
0.152500 0.260000
0.147500 0.253500
0.144000 0.241000
0.141500 0.235000
0.137000 0.227500
0.134000 0.221500
0.131000 0.216000
0.128000 0.212000
0.125500 0.207500
0.123000 0.203000
0.120000 0.198500
0.118000 0.196000
0.115000 0.192000
0.112000 0.185500
0.109500 0.181500
0.107500 0.177000
0.106000 0.174000
0.104000 0.169500
0.102500 0.165500
0.100000 0.161500
0.259500 -0.000500
-0.000500 -0.000500
0.250500 -0.000500
0.247500 -0.000500
0.243500 -0.000500
0.240000 -0.000500
0.235000 -0.000500
0.232500 -0.000500
-0.000500 -0.000500
0.223000 -0.000500
0.220000 -0.000500
0.216000 -0.000500
0.213000 -0.000500
0.210000 -0.000500
0.208000 -0.000500
0.204500 -0.000500
0.201500 -0.000500
0.198000 -0.000500
0.195500 -0.000500
0.192000 -0.000500
0.189000 -0.000500
0.183000 -0.000500
0.180500 -0.000500
0.178000 -0.000500
0.175000 -0.000500
0.168000 -0.000500
0.165500 -0.000500
0.162000 -0.000500
0.159500 -0.000500
0.156500 -0.000500
0.152000 -0.000500
0.148000 -0.000500
0.145000 -0.000500
0.141500 -0.000500
0.137500 0.232500
0.134500 0.224000
0.131000 0.219000
0.129000 0.214000
0.126000 0.209000
0.123500 -0.000500
0.223500 -0.000500
0.221000 -0.000500
0.217500 -0.000500
0.211500 -0.000500
0.208500 -0.000500
0.205000 -0.000500
0.203000 -0.000500
0.199500 -0.000500
0.196000 -0.000500
0.193000 -0.000500
0.190000 -0.000500
0.185500 -0.000500
0.183000 -0.000500
0.178500 -0.000500
0.175000 -0.000500
0.171000 -0.000500
0.167500 -0.000500
0.164000 -0.000500
0.159500 -0.000500
0.157000 0.270000
0.152500 0.259500
0.147000 0.253000
0.144000 0.243500
0.141000 0.236000
0.137000 0.229500
0.134000 0.222500
0.131000 0.217000
0.128000 0.212000
0.125000 0.207000
0.123000 0.204000
0.120000 0.199000
0.117500 0.197000
0.115000 0.193000
0.111500 0.185000
0.109500 0.182000
0.107500 0.178500
0.106000 0.175000
0.104000 0.171000
0.102500 0.167000
0.100000 0.163000
0.257000 -0.000500
-0.000500 -0.000500
0.249000 -0.000500
0.245500 -0.000500
0.241500 -0.000500
0.238000 -0.000500
0.233500 -0.000500
0.231500 -0.000500
-0.000500 -0.000500
0.221500 -0.000500
0.217000 -0.000500
0.214500 -0.000500
0.211000 -0.000500
0.208000 -0.000500
0.205000 -0.000500
0.202000 -0.000500
0.199000 -0.000500
0.196000 -0.000500
0.193500 -0.000500
0.190000 -0.000500
0.186500 -0.000500
0.181000 -0.000500
0.178000 -0.000500
0.175000 -0.000500
0.173500 -0.000500
0.166500 -0.000500
0.163500 -0.000500
0.160500 -0.000500
0.157500 -0.000500
0.154500 -0.000500
0.150000 -0.000500
0.146000 -0.000500
0.142500 0.241500
0.139000 0.237000
0.135500 0.230000
0.132500 0.222500
0.129000 0.217000
0.127000 0.211500
0.124000 0.208000
0.121500 -0.000500
0.223500 -0.000500
0.219500 -0.000500
0.216500 -0.000500
0.210500 -0.000500
0.207500 -0.000500
0.204500 -0.000500
0.202000 -0.000500
0.198500 -0.000500
0.195500 -0.000500
0.191500 -0.000500
0.188000 -0.000500
0.184500 -0.000500
0.181000 -0.000500
0.178000 -0.000500
0.174500 -0.000500
0.170000 -0.000500
0.167000 -0.000500
0.163500 0.282000
0.159500 0.275500
0.156500 0.268500
0.152500 0.259000
0.146500 0.251000
0.143500 0.243500
0.140000 0.236500
0.136500 0.229500
0.133000 0.224000
0.130000 0.218500
0.127000 0.213000
0.124500 0.208500
0.122000 0.206000
0.119500 0.200000
0.117000 0.198000
0.114500 0.193500
0.111000 0.186500
0.109000 0.183500
0.107000 0.179000
0.105500 0.176000
0.103500 0.172000
0.102000 0.168000
0.099500 0.165500
0.255000 -0.000500
-0.000500 -0.000500
0.245500 -0.000500
0.240000 -0.000500
0.237500 -0.000500
0.234000 -0.000500
0.230000 -0.000500
-0.000500 -0.000500
-0.000500 -0.000500
0.218000 -0.000500
0.214500 -0.000500
0.211500 -0.000500
0.209000 -0.000500
0.206000 -0.000500
0.202500 -0.000500
0.200000 -0.000500
0.197000 -0.000500
0.194000 -0.000500
0.191500 -0.000500
0.187500 -0.000500
0.184500 -0.000500
0.178500 -0.000500
0.175500 -0.000500
0.173500 -0.000500
0.171000 -0.000500
0.164500 -0.000500
0.161000 -0.000500
0.158500 -0.000500
0.155500 -0.000500
0.152500 -0.000500
0.147500 -0.000500
0.144000 -0.000500
0.140500 0.239000
0.137000 0.234500
0.133500 0.228000
0.130000 0.221000
0.127000 0.216000
0.124500 0.211500
0.122000 0.207500
0.119500 -0.000500
0.222500 -0.000500
0.218500 -0.000500
0.215500 -0.000500
0.210000 -0.000500
0.206500 -0.000500
0.204500 -0.000500
0.200000 -0.000500
0.197500 -0.000500
0.194500 -0.000500
0.191500 -0.000500
0.187500 -0.000500
0.184500 -0.000500
0.181000 -0.000500
0.176500 -0.000500
0.173500 -0.000500
0.169000 -0.000500
0.166000 -0.000500
0.163000 -0.000500
0.159000 -0.000500
0.156000 0.269000
0.151000 0.259500
0.146000 0.251000
0.143000 0.244500
0.140000 0.236500
0.136000 0.230000
0.133000 0.225500
0.130000 0.219500
0.127000 0.214000
0.124500 0.211500
0.122500 0.207500
0.119500 0.203000
0.117000 0.198500
0.114500 0.195000
0.111500 0.189000
0.109000 0.184500
0.107500 0.181500
0.106000 0.178000
0.103500 0.174500
0.102500 0.170500
0.100500 0.168000
0.252000 -0.000500
-0.000500 -0.000500
-0.000500 -0.000500
-0.000500 -0.000500
-0.000500 -0.000500
-0.000500 -0.000500
-0.000500 -0.000500
-0.000500 -0.000500
-0.000500 -0.000500
0.216000 -0.000500
0.213500 -0.000500
0.209500 -0.000500
0.207000 -0.000500
0.204000 -0.000500
0.201500 -0.000500
0.198000 -0.000500
0.195000 -0.000500
0.192000 -0.000500
0.189000 -0.000500
0.185500 -0.000500
0.182000 -0.000500
0.177000 -0.000500
0.174000 -0.000500
0.172000 -0.000500
0.169000 -0.000500
0.162500 -0.000500
0.159000 -0.000500
0.156000 -0.000500
0.153000 -0.000500
0.150500 -0.000500
0.145500 -0.000500
0.142000 -0.000500
0.138500 -0.000500
0.135000 0.234000
0.131500 0.226000
0.128500 0.221000
0.125000 0.214000
0.122500 0.210500
0.120000 0.206000
0.117000 0.202500
0.221000 -0.000500
0.218000 -0.000500
0.214500 -0.000500
0.208500 -0.000500
0.206000 -0.000500
0.202500 -0.000500
0.200000 -0.000500
0.197000 -0.000500
0.193500 -0.000500
0.190500 -0.000500
0.186500 -0.000500
0.183500 -0.000500
0.180500 -0.000500
0.177000 -0.000500
0.172500 0.306500
0.169000 0.301500
0.165500 0.296500
0.162000 0.288000
0.157000 0.277500
0.155500 0.268500
0.150500 0.260500
0.145000 0.253000
0.142000 0.245000
0.139000 0.238500
0.135500 0.231500
0.132000 0.228500
0.129500 0.222000
0.126500 0.218000
0.124000 0.214000
0.122000 0.209000
0.119500 0.205000
0.117000 0.200500
0.114500 0.197000
0.111000 0.191500
0.109000 0.186500
0.107000 0.182500
0.106000 0.180000
0.103500 0.176500
0.102000 0.172500
0.100000 0.168500
0.251000 -0.000500
0.246500 -0.000500
0.241000 -0.000500
0.237500 -0.000500
0.233500 -0.000500
0.230000 -0.000500
0.225500 -0.000500
0.223000 -0.000500
0.218000 -0.000500
0.213000 -0.000500
0.211500 -0.000500
0.208500 -0.000500
0.204500 -0.000500
0.202500 -0.000500
0.199000 -0.000500
0.196000 -0.000500
0.193500 -0.000500
0.190000 -0.000500
0.187500 -0.000500
0.181500 -0.000500
0.179500 -0.000500
0.174000 -0.000500
0.172000 -0.000500
0.169500 -0.000500
0.167000 -0.000500
0.160000 -0.000500
0.156500 -0.000500
0.153500 -0.000500
0.151500 -0.000500
0.148500 -0.000500
0.144000 -0.000500
0.140000 0.243000
0.137000 0.238000
0.133500 0.233500
0.129500 0.224500
0.126500 0.219000
0.123000 0.213500
0.121000 0.210500
0.118500 0.205500
0.115500 0.200500
0.220000 -0.000500
0.216500 -0.000500
0.213000 -0.000500
0.207500 -0.000500
0.204500 -0.000500
0.201000 -0.000500
0.198000 -0.000500
0.195000 -0.000500
0.192000 -0.000500
0.189000 -0.000500
0.184500 -0.000500
0.181000 -0.000500
0.178000 -0.000500
0.174500 -0.000500
0.170500 0.308000
0.167500 0.300000
0.164000 0.295500
0.160500 -0.000500
0.156500 0.280000
0.153500 0.268500
0.150000 0.259500
0.144500 0.252500
0.141000 0.244500
0.138000 0.240000
0.134000 0.230500
0.131000 0.228000
0.128000 0.223000
0.125000 0.218000
0.123000 0.213500
0.121000 0.209500
0.118500 0.204500
0.116000 0.201500
0.113500 0.197000
0.110500 0.192000
0.108000 0.187000
0.106000 0.183000
0.105000 0.180000
0.102500 0.176500
0.101500 0.173000
0.099500 0.169000
0.249500 -0.000500
0.245500 -0.000500
0.241500 -0.000500
0.238500 -0.000500
0.233500 -0.000500
0.229500 -0.000500
0.227000 -0.000500
0.224000 -0.000500
-0.000500 -0.000500
0.213000 -0.000500
0.210000 -0.000500
0.206500 -0.000500
0.204500 -0.000500
0.201500 -0.000500
0.198500 -0.000500
0.195500 -0.000500
0.192500 -0.000500
0.189500 -0.000500
0.186000 -0.000500
0.182500 -0.000500
0.179500 -0.000500
0.173500 -0.000500
0.171000 -0.000500
0.168000 -0.000500
0.166000 -0.000500
0.159500 -0.000500
0.156000 -0.000500
0.153500 -0.000500
0.150500 -0.000500
0.147500 -0.000500
0.143000 0.252500
0.139000 0.242500
0.136000 0.237500
0.132500 -0.000500
0.128500 0.223500
0.125500 -0.000500
0.122500 0.213500
0.120000 0.209000
0.117500 0.204000
0.115000 0.200500
0.219000 -0.000500
0.216000 -0.000500
0.213000 -0.000500
0.207000 -0.000500
0.204000 -0.000500
0.201000 -0.000500
0.197500 -0.000500
0.195000 -0.000500
0.192000 -0.000500
0.188500 -0.000500
0.184500 -0.000500
0.181500 -0.000500
0.178500 0.313000
0.175500 -0.000500
0.171500 0.300000
0.167500 0.297000
0.165000 0.290500
-0.000500 0.282500
0.156000 0.276000
0.154000 0.269500
0.150000 0.261500
0.144000 0.254000
0.141000 0.245000
0.138000 0.241500
0.134000 0.231000
0.131000 0.229500
0.128000 0.224000
0.125000 0.218500
0.123000 0.214500
0.121000 0.210500
0.118500 0.206500
0.116000 0.203000
0.114000 0.198500
0.110500 0.193000
0.108500 0.188500
0.106500 0.184500
0.105500 0.181500
0.103000 0.177500
0.101500 0.174500
0.100000 0.170500
0.247500 -0.000500
0.240500 -0.000500
0.237000 -0.000500
0.235000 -0.000500
0.229000 -0.000500
0.226500 -0.000500
0.224000 -0.000500
0.218500 -0.000500
0.214500 -0.000500
0.211500 -0.000500
0.207000 -0.000500
0.203500 -0.000500
0.201000 -0.000500
0.198500 -0.000500
0.195000 -0.000500
0.192500 -0.000500
0.189500 -0.000500
0.186500 -0.000500
0.184500 -0.000500
0.180000 -0.000500
0.175000 -0.000500
0.170000 -0.000500
0.168500 -0.000500
0.165500 -0.000500
0.162500 -0.000500
0.156000 -0.000500
0.153000 -0.000500
0.150500 -0.000500
0.147000 0.263000
0.144000 0.256500
0.140500 0.251000
0.136000 0.241500
0.133000 0.235000
0.129500 0.230500
0.126000 0.221500
0.122500 0.216000
0.119500 0.210500
0.117500 0.207000
0.115000 0.201500
0.112500 0.198000
0.216500 -0.000500
0.214000 -0.000500
0.211000 -0.000500
0.205500 -0.000500
0.203000 -0.000500
0.199000 -0.000500
0.196500 -0.000500
0.193500 -0.000500
0.190500 -0.000500
0.187500 -0.000500
0.184000 -0.000500
0.180500 -0.000500
0.177000 -0.000500
0.173500 -0.000500
0.170000 -0.000500
0.165500 -0.000500
0.163000 -0.000500
0.159500 -0.000500
0.155000 -0.000500
0.153000 0.268500
0.148500 0.260500
0.143000 0.253500
0.140000 0.244500
0.137000 0.241000
0.133000 0.232000
0.130000 0.225500
0.127000 0.220000
0.124000 0.218500
0.122000 0.214500
0.120000 0.210500
0.117500 0.206500
0.115500 0.203500
0.113000 0.199000
0.110000 0.194000
0.108000 0.189500
0.106000 0.185500
0.105000 0.183500
0.103000 0.179500
0.101500 0.176000
0.099500 0.172000
0.305500 0.528500
0.301500 0.521000
0.298000 0.511500
0.294500 0.506500
0.291000 0.501000
0.286500 0.492500
0.284000 0.485500
0.279000 0.479000
0.276500 0.472500
0.273000 0.464500
0.270000 0.460500
0.267500 0.455500
0.264500 0.449000
0.261500 0.442500
0.258000 0.435000
0.255500 0.430000
0.253000 0.427000
0.250500 0.419500
0.247000 0.414000
0.244000 0.408500
0.241000 0.402000
0.237500 0.396000
0.235000 0.392500
0.232000 0.388500
0.229000 0.380500
0.224500 0.376000
0.221500 0.368000
0.218000 0.364500
0.215000 0.355500
0.212500 0.348000
0.208500 0.342000
0.204500 0.333000
0.201500 0.328000
0.199000 0.321500
0.195500 0.315000
0.192500 0.311500
0.190000 0.306000
0.188000 0.303000
0.186000 0.298500
0.184000 0.295500
0.236500 -0.000500
0.233000 -0.000500
0.229500 -0.000500
0.222500 -0.000500
0.219500 -0.000500
0.217000 -0.000500
0.213500 -0.000500
0.211000 0.356500
0.207500 0.350500
0.204000 0.345000
0.200500 0.341000
0.197500 0.335500
0.192500 0.328000
0.188500 0.320500
0.184500 0.313500
0.182000 0.304500
0.176500 0.298000
0.172500 0.293000
0.168500 0.285000
0.167000 0.275500
0.162000 0.264000
0.155500 0.257000
0.152500 0.247000
0.149500 0.241000
0.145500 0.234500
0.142000 0.225000
0.138500 0.219000
0.135000 0.212000
0.132000 0.207500
0.129000 0.200500
0.126000 0.196000
0.123000 0.192000
0.120000 0.184500
0.116500 0.180000
0.113500 0.174000
0.111000 0.169000
0.108500 0.164500
0.106000 0.158500
0.103500 0.154000
0.100500 0.149000
0.303500 -0.000500
-0.000500 -0.000500
0.295500 -0.000500
0.292000 -0.000500
0.289500 -0.000500
0.285500 -0.000500
0.283000 -0.000500
0.280000 -0.000500
0.278000 -0.000500
0.271500 0.462000
0.268500 -0.000500
0.265500 0.454000
0.263000 0.445000
0.259500 0.440500
0.256500 0.433500
0.253500 0.425500
0.251500 0.419500
0.248500 0.417000
0.245500 0.412000
0.242500 0.406500
0.239000 0.399500
0.236000 0.394000
0.233500 0.389500
0.230500 0.383000
0.227500 0.376500
0.223000 0.372500
0.219500 0.365500
0.216500 0.359000
0.213500 0.351500
0.210500 0.345500
0.206000 0.338500
0.202500 0.331000
0.200000 0.325000
0.197500 0.320000
0.194000 0.312500
0.191000 0.309000
0.188500 0.304000
0.186500 0.300000
0.184500 0.296500
0.182500 0.292500
0.235500 -0.000500
0.231500 -0.000500
0.228500 -0.000500
0.222000 -0.000500
0.219500 -0.000500
0.216500 -0.000500
0.213000 -0.000500
0.210500 -0.000500
0.206500 -0.000500
0.203000 -0.000500
0.199500 -0.000500
0.196000 -0.000500
0.192500 -0.000500
0.189000 -0.000500
0.184500 -0.000500
0.180500 -0.000500
0.175500 0.297500
0.173000 0.293000
0.168000 0.280500
0.166500 0.276000
0.162000 0.264500
0.155000 0.256500
0.152500 0.247500
0.149000 0.241000
0.145000 0.234000
0.141500 0.224500
0.138000 0.218500
0.134500 0.212000
0.131500 0.207000
0.129000 0.201000
0.125500 -0.000500
0.122500 -0.000500
0.119500 0.184500
0.116000 0.179500
0.113000 0.173500
0.110500 0.169000
0.108500 0.165000
0.106000 0.159000
0.103500 0.153500
0.100000 0.149000
0.302000 -0.000500
0.298500 -0.000500
0.294000 -0.000500
0.292500 -0.000500
0.287500 -0.000500
0.283500 -0.000500
0.280500 -0.000500
0.278500 -0.000500
0.275000 -0.000500
0.270500 0.467000
0.267000 -0.000500
0.264000 -0.000500
0.261000 -0.000500
0.258000 -0.000500
0.255000 -0.000500
0.253000 -0.000500
0.249500 -0.000500
0.247000 -0.000500
0.244000 -0.000500
0.240500 0.406000
0.237500 -0.000500
0.234000 -0.000500
0.231500 -0.000500
0.228000 0.381500
0.225000 0.374500
0.222000 0.368000
0.217000 0.362000
0.215000 0.356500
0.212000 0.348500
0.209500 0.342500
0.205000 0.335500
0.201500 0.327000
0.198500 0.321000
0.195500 0.314500
0.192000 0.310000
0.189500 0.305000
0.186500 0.300500
0.184500 0.297500
0.183000 0.291500
0.180500 0.285000
0.233500 -0.000500
0.231000 -0.000500
0.228000 -0.000500
0.221500 -0.000500
0.218000 -0.000500
0.215000 -0.000500
0.212000 -0.000500
0.208000 -0.000500
0.205500 -0.000500
0.202000 -0.000500
0.198500 -0.000500
0.193500 -0.000500
0.190000 -0.000500
0.187500 -0.000500
0.184500 -0.000500
0.179500 -0.000500
0.176500 0.300000
0.172500 0.293000
0.167000 0.284000
0.165500 0.275000
0.161000 0.265000
0.155000 0.257000
0.151500 0.247500
0.148500 0.241000
0.144500 0.234000
0.141000 0.225500
0.137500 0.218500
0.133500 0.211500
0.131000 0.206500
0.128000 0.200500
0.125000 0.195500
0.122000 0.189500
0.119000 0.184000
0.115500 0.180000
0.112500 0.173000
0.110000 0.169000
0.108000 0.165000
0.105500 0.159000
0.103000 0.153000
0.100500 0.149500
0.300500 -0.000500
0.298000 -0.000500
0.293500 -0.000500
0.290500 -0.000500
0.287500 -0.000500
0.283000 -0.000500
0.280500 -0.000500
0.277500 -0.000500
0.274500 -0.000500
0.270000 0.466500
0.265500 -0.000500
0.263000 -0.000500
0.260500 -0.000500
0.257500 -0.000500
0.254500 -0.000500
0.251000 -0.000500
0.249000 -0.000500
0.245500 -0.000500
0.242500 -0.000500
0.239500 -0.000500
0.237000 -0.000500
0.233500 -0.000500
0.230500 -0.000500
0.228000 0.374500
0.224500 0.369500
0.220500 0.366000
0.217000 0.363500
0.214500 0.358000
0.211000 0.353000
0.208500 -0.000500
0.204000 0.334000
0.201000 0.327000
0.197000 0.320500
0.194500 0.314500
0.191000 0.308500
0.188500 0.305500
0.185500 0.300000
0.183500 -0.000500
0.181500 0.292000
0.179500 0.287500
0.234000 -0.000500
0.230000 -0.000500
0.228000 -0.000500
0.221500 -0.000500
0.218500 -0.000500
0.215500 -0.000500
0.212000 -0.000500
0.209500 -0.000500
0.205500 -0.000500
0.202000 -0.000500
0.199000 -0.000500
0.194000 -0.000500
0.191500 -0.000500
0.187500 0.320000
0.183000 0.312500
0.179500 0.303500
0.177000 0.301000
0.172500 0.290000
0.168000 0.284500
0.165500 0.275000
0.161500 0.266000
0.155000 0.258000
0.151500 0.248500
0.148500 0.241000
0.144500 0.234500
0.141000 0.225500
0.137500 0.218000
0.134000 0.212500
0.131000 0.207500
0.128000 0.201000
0.125000 0.197500
0.122500 0.191500
0.119500 0.186000
0.115500 0.180000
0.113000 0.174000
0.110500 0.170000
0.108500 0.165500
0.106000 0.160500
0.103500 0.153500
0.100500 0.150500
0.299500 -0.000500
0.296500 -0.000500
0.293000 0.499000
0.290000 -0.000500
0.286000 -0.000500
0.282000 0.488500
0.278500 -0.000500
0.276000 0.468000
0.274500 -0.000500
0.268000 0.462000
0.265000 -0.000500
0.262000 -0.000500
0.259000 -0.000500
0.256500 -0.000500
0.253000 0.415500
0.250000 0.411500
0.247500 0.407500
0.245000 0.404500
0.242000 0.398000
0.238500 0.396000
0.235000 0.391000
0.232000 0.384000
0.229000 0.382000
0.225500 0.377000
0.223500 0.373000
0.219000 0.367000
0.215500 0.359500
0.212500 0.353000
0.210000 0.346000
0.207000 0.342000
0.202500 0.334000
0.199000 0.326000
0.196000 0.320500
0.193000 0.315000
0.189500 0.308500
0.187000 0.304000
0.184000 0.298000
0.182500 0.295000
0.180000 0.290500
0.178500 0.288500
0.233000 -0.000500
0.230000 -0.000500
0.227000 -0.000500
0.220000 -0.000500
0.217500 -0.000500
0.214500 -0.000500
0.212000 -0.000500
0.208500 0.360500
0.205000 0.347500
0.201500 0.339500
0.198000 0.333000
0.194000 0.326500
0.191000 0.323000
0.187500 0.319500
0.182500 0.313000
0.179000 0.305500
0.176500 0.301000
0.171500 0.293000
0.167500 0.286000
0.165000 0.276000
0.160500 0.263500
0.154500 0.254500
0.151500 0.249500
0.148500 0.242000
0.144000 0.234000
0.140500 0.226500
0.137500 0.218500
0.134000 0.213000
0.131000 0.208500
0.128000 0.204000
0.125000 0.197500
0.122500 0.191500
0.119500 0.186000
0.115500 0.180500
0.113000 0.175000
0.110500 0.170000
0.108500 0.165500
0.106000 0.161000
0.103500 0.154000
0.100500 0.151000
