1.000000000000000000e+02 1.000000000000000000e+05
1.007827788649706520e+02 1.000000000000000000e+05
1.015655577299412897e+02 1.000000000000000000e+05
1.023483365949119417e+02 1.000000000000000000e+05
1.031311154598825794e+02 1.000000000000000000e+05
1.039138943248532314e+02 1.000000000000000000e+05
1.046966731898238692e+02 1.000000000000000000e+05
1.054794520547945211e+02 1.000000000000000000e+05
1.062622309197651589e+02 1.000000000000000000e+05
1.070450097847358109e+02 1.000000000000000000e+05
1.078277886497064628e+02 1.000000000000000000e+05
1.086105675146771006e+02 1.000000000000000000e+05
1.093933463796477525e+02 1.000000000000000000e+05
1.101761252446183903e+02 1.000000000000000000e+05
1.109589041095890423e+02 1.000000000000000000e+05
1.117416829745596942e+02 1.000000000000000000e+05
1.125244618395303320e+02 1.000000000000000000e+05
1.133072407045009697e+02 1.000000000000000000e+05
1.140900195694716217e+02 1.000000000000000000e+05
1.148727984344422737e+02 1.000000000000000000e+05
1.156555772994129114e+02 1.000000000000000000e+05
1.164383561643835634e+02 1.000000000000000000e+05
1.172211350293542012e+02 1.000000000000000000e+05
1.180039138943248531e+02 1.000000000000000000e+05
1.187866927592955051e+02 1.000000000000000000e+05
1.195694716242661428e+02 1.000000000000000000e+05
1.203522504892367806e+02 1.000000000000000000e+05
1.211350293542074326e+02 1.000000000000000000e+05
1.219178082191780845e+02 1.000000000000000000e+05
1.227005870841487223e+02 1.000000000000000000e+05
1.234833659491193742e+02 1.000000000000000000e+05
1.242661448140900120e+02 1.000000000000000000e+05
1.250489236790606640e+02 1.000000000000000000e+05
1.258317025440313159e+02 1.000000000000000000e+05
1.266144814090019537e+02 1.000000000000000000e+05
1.273972602739726057e+02 1.000000000000000000e+05
1.281800391389432434e+02 1.000000000000000000e+05
1.289628180039138954e+02 1.000000000000000000e+05
1.297455968688845473e+02 1.000000000000000000e+05
1.305283757338551709e+02 1.000000000000000000e+05
1.313111545988258229e+02 1.000000000000000000e+05
1.320939334637964748e+02 1.000000000000000000e+05
1.328767123287671268e+02 1.000000000000000000e+05
1.336594911937377788e+02 1.000000000000000000e+05
1.344422700587084023e+02 1.000000000000000000e+05
1.352250489236790543e+02 1.000000000000000000e+05
1.360078277886497062e+02 1.000000000000000000e+05
1.367906066536203582e+02 1.000000000000000000e+05
1.375733855185910102e+02 1.000000000000000000e+05
1.383561643835616337e+02 1.000000000000000000e+05
1.391389432485322857e+02 1.000000000000000000e+05
1.399217221135029376e+02 1.000000000000000000e+05
1.407045009784735612e+02 1.000000000000000000e+05
1.414872798434442416e+02 1.000000000000000000e+05
1.422700587084148651e+02 1.000000000000000000e+05
1.430528375733855171e+02 1.000000000000000000e+05
1.438356164383561691e+02 1.000000000000000000e+05
1.446183953033267926e+02 1.000000000000000000e+05
1.454011741682974446e+02 1.000000000000000000e+05
1.461839530332680965e+02 1.000000000000000000e+05
1.469667318982387485e+02 1.000000000000000000e+05
1.477495107632094005e+02 1.000000000000000000e+05
1.485322896281800240e+02 1.000000000000000000e+05
1.493150684931506760e+02 1.000000000000000000e+05
1.500978473581213279e+02 1.000000000000000000e+05
1.508806262230919799e+02 1.000000000000000000e+05
1.516634050880626319e+02 1.000000000000000000e+05
1.524461839530332554e+02 1.000000000000000000e+05
1.532289628180039074e+02 1.000000000000000000e+05
1.540117416829745594e+02 1.000000000000000000e+05
1.547945205479452113e+02 1.000000000000000000e+05
1.555772994129158633e+02 1.000000000000000000e+05
1.563600782778864868e+02 1.000000000000000000e+05
1.571428571428571388e+02 1.000000000000000000e+05
1.579256360078277908e+02 1.000000000000000000e+05
1.587084148727984143e+02 1.000000000000000000e+05
1.594911937377690947e+02 1.000000000000000000e+05
1.602739726027397182e+02 1.000000000000000000e+05
1.610567514677103702e+02 1.000000000000000000e+05
1.618395303326810222e+02 1.000000000000000000e+05
1.626223091976516457e+02 1.000000000000000000e+05
1.634050880626222977e+02 1.000000000000000000e+05
1.641878669275929497e+02 1.000000000000000000e+05
1.649706457925636016e+02 1.000000000000000000e+05
1.657534246575342536e+02 1.000000000000000000e+05
1.665362035225048771e+02 1.000000000000000000e+05
1.673189823874755291e+02 1.000000000000000000e+05
1.681017612524461811e+02 1.000000000000000000e+05
1.688845401174168330e+02 1.000000000000000000e+05
1.696673189823874850e+02 1.000000000000000000e+05
1.704500978473581085e+02 1.000000000000000000e+05
1.712328767123287605e+02 1.000000000000000000e+05
1.720156555772994125e+02 1.000000000000000000e+05
1.727984344422700360e+02 1.000000000000000000e+05
1.735812133072407164e+02 1.000000000000000000e+05
1.743639921722113399e+02 1.000000000000000000e+05
1.751467710371819919e+02 1.000000000000000000e+05
1.759295499021526439e+02 1.000000000000000000e+05
1.767123287671232674e+02 1.000000000000000000e+05
1.774951076320939478e+02 1.000000000000000000e+05
1.782778864970645714e+02 1.000000000000000000e+05
1.790606653620352233e+02 1.000000000000000000e+05
1.798434442270058753e+02 1.000000000000000000e+05
1.806262230919764988e+02 1.000000000000000000e+05
1.814090019569471508e+02 1.000000000000000000e+05
1.821917808219178028e+02 1.000000000000000000e+05
1.829745596868884547e+02 1.000000000000000000e+05
1.837573385518591067e+02 1.000000000000000000e+05
1.845401174168297302e+02 1.000000000000000000e+05
1.853228962818003822e+02 1.000000000000000000e+05
1.861056751467710342e+02 1.000000000000000000e+05
1.868884540117416577e+02 1.000000000000000000e+05
1.876712328767123381e+02 1.000000000000000000e+05
1.884540117416829617e+02 1.000000000000000000e+05
1.892367906066536136e+02 1.000000000000000000e+05
1.900195694716242656e+02 1.000000000000000000e+05
1.908023483365948891e+02 1.000000000000000000e+05
1.915851272015655695e+02 1.000000000000000000e+05
1.923679060665361931e+02 1.000000000000000000e+05
1.931506849315068450e+02 1.000000000000000000e+05
1.939334637964774970e+02 1.000000000000000000e+05
1.947162426614481205e+02 1.000000000000000000e+05
1.954990215264188009e+02 1.000000000000000000e+05
1.962818003913894245e+02 1.000000000000000000e+05
1.970645792563600764e+02 1.000000000000000000e+05
1.978473581213307284e+02 1.000000000000000000e+05
1.986301369863013520e+02 1.000000000000000000e+05
1.994129158512720039e+02 1.000000000000000000e+05
2.001956947162426559e+02 1.000000000000000000e+05
2.009784735812133079e+02 1.000000000000000000e+05
2.017612524461839598e+02 1.000000000000000000e+05
2.025440313111545834e+02 1.000000000000000000e+05
2.033268101761252353e+02 1.000000000000000000e+05
2.041095890410958873e+02 1.000000000000000000e+05
2.048923679060665108e+02 1.000000000000000000e+05
2.056751467710371912e+02 1.000000000000000000e+05
2.064579256360078148e+02 1.000000000000000000e+05
2.072407045009784667e+02 1.000000000000000000e+05
2.080234833659491187e+02 1.000000000000000000e+05
2.088062622309197423e+02 1.000000000000000000e+05
2.095890410958904226e+02 1.000000000000000000e+05
2.103718199608610462e+02 1.000000000000000000e+05
2.111545988258316982e+02 1.000000000000000000e+05
2.119373776908023501e+02 1.000000000000000000e+05
2.127201565557729737e+02 1.000000000000000000e+05
2.135029354207436540e+02 1.000000000000000000e+05
2.142857142857142776e+02 1.000000000000000000e+05
2.150684931506849296e+02 1.000000000000000000e+05
2.158512720156555815e+02 1.000000000000000000e+05
2.166340508806262051e+02 1.000000000000000000e+05
2.174168297455968570e+02 1.000000000000000000e+05
2.181996086105675090e+02 1.000000000000000000e+05
2.189823874755381610e+02 1.000000000000000000e+05
2.197651663405088129e+02 1.000000000000000000e+05
2.205479452054794365e+02 1.000000000000000000e+05
2.213307240704500884e+02 1.000000000000000000e+05
2.221135029354207404e+02 1.000000000000000000e+05
2.228962818003913640e+02 1.000000000000000000e+05
2.236790606653620443e+02 1.000000000000000000e+05
2.244618395303326679e+02 1.000000000000000000e+05
2.252446183953033199e+02 1.000000000000000000e+05
2.260273972602739718e+02 1.000000000000000000e+05
2.268101761252445954e+02 1.000000000000000000e+05
2.275929549902152758e+02 1.000000000000000000e+05
2.283757338551858993e+02 1.000000000000000000e+05
2.291585127201565513e+02 1.000000000000000000e+05
2.299412915851272032e+02 1.000000000000000000e+05
2.307240704500978268e+02 1.000000000000000000e+05
2.315068493150684787e+02 1.000000000000000000e+05
2.322896281800391307e+02 1.000000000000000000e+05
2.330724070450097827e+02 1.000000000000000000e+05
2.338551859099804346e+02 1.000000000000000000e+05
2.346379647749510582e+02 1.000000000000000000e+05
2.354207436399217102e+02 1.000000000000000000e+05
2.362035225048923621e+02 1.000000000000000000e+05
2.369863013698630141e+02 1.000000000000000000e+05
2.377690802348336661e+02 1.000000000000000000e+05
2.385518590998042896e+02 1.000000000000000000e+05
2.393346379647749416e+02 1.000000000000000000e+05
2.401174168297455935e+02 1.000000000000000000e+05
2.409001956947162455e+02 1.000000000000000000e+05
2.416829745596868690e+02 1.000000000000000000e+05
2.424657534246575210e+02 1.000000000000000000e+05
2.432485322896281730e+02 1.000000000000000000e+05
2.440313111545988249e+02 1.000000000000000000e+05
2.448140900195694769e+02 1.000000000000000000e+05
2.455968688845401005e+02 1.000000000000000000e+05
2.463796477495107524e+02 1.000000000000000000e+05
2.471624266144814044e+02 1.000000000000000000e+05
2.479452054794520564e+02 1.000000000000000000e+05
2.487279843444226799e+02 1.000000000000000000e+05
2.495107632093933319e+02 1.000000000000000000e+05
2.502935420743639838e+02 1.000000000000000000e+05
2.510763209393346358e+02 1.000000000000000000e+05
2.518590998043052878e+02 1.000000000000000000e+05
2.526418786692759113e+02 1.000000000000000000e+05
2.534246575342465633e+02 1.000000000000000000e+05
2.542074363992172152e+02 1.000000000000000000e+05
2.549902152641878672e+02 1.000000000000000000e+05
2.557729941291584908e+02 1.000000000000000000e+05
2.565557729941291427e+02 1.000000000000000000e+05
2.573385518590997663e+02 1.000000000000000000e+05
2.581213307240704466e+02 1.000000000000000000e+05
2.589041095890411270e+02 1.000000000000000000e+05
2.596868884540117506e+02 1.000000000000000000e+05
2.604696673189823741e+02 1.000000000000000000e+05
2.612524461839529977e+02 1.000000000000000000e+05
2.620352250489236781e+02 1.000000000000000000e+05
2.628180039138943016e+02 1.000000000000000000e+05
2.636007827788649820e+02 1.000000000000000000e+05
2.643835616438356055e+02 1.000000000000000000e+05
2.651663405088062291e+02 1.000000000000000000e+05
2.659491193737769095e+02 1.000000000000000000e+05
2.667318982387475330e+02 1.000000000000000000e+05
2.675146771037182134e+02 1.000000000000000000e+05
2.682974559686888369e+02 1.000000000000000000e+05
2.690802348336594605e+02 1.000000000000000000e+05
2.698630136986301409e+02 1.000000000000000000e+05
2.706457925636007644e+02 1.000000000000000000e+05
2.714285714285714448e+02 1.000000000000000000e+05
2.722113502935420684e+02 1.000000000000000000e+05
2.729941291585126919e+02 1.000000000000000000e+05
2.737769080234833154e+02 1.000000000000000000e+05
2.745596868884539958e+02 1.000000000000000000e+05
2.753424657534246762e+02 1.000000000000000000e+05
2.761252446183952998e+02 1.000000000000000000e+05
2.769080234833659233e+02 1.000000000000000000e+05
2.776908023483365469e+02 1.000000000000000000e+05
2.784735812133072272e+02 1.000000000000000000e+05
2.792563600782779076e+02 1.000000000000000000e+05
2.800391389432485312e+02 1.000000000000000000e+05
2.808219178082191547e+02 1.000000000000000000e+05
2.816046966731897783e+02 1.000000000000000000e+05
2.823874755381604587e+02 1.000000000000000000e+05
2.831702544031311390e+02 1.000000000000000000e+05
2.839530332681017626e+02 1.000000000000000000e+05
2.847358121330723861e+02 1.000000000000000000e+05
2.855185909980430097e+02 1.000000000000000000e+05
2.863013698630136901e+02 1.000000000000000000e+05
2.870841487279843705e+02 1.000000000000000000e+05
2.878669275929549940e+02 1.000000000000000000e+05
2.886497064579256175e+02 1.000000000000000000e+05
2.894324853228962411e+02 1.000000000000000000e+05
2.902152641878669215e+02 1.000000000000000000e+05
2.909980430528376019e+02 1.000000000000000000e+05
2.917808219178082254e+02 1.000000000000000000e+05
2.925636007827788490e+02 1.000000000000000000e+05
2.933463796477494725e+02 1.000000000000000000e+05
2.941291585127201529e+02 1.000000000000000000e+05
2.949119373776908333e+02 1.000000000000000000e+05
2.956947162426614568e+02 1.000000000000000000e+05
2.964774951076320804e+02 1.000000000000000000e+05
2.972602739726027039e+02 1.000000000000000000e+05
2.980430528375733843e+02 1.000000000000000000e+05
2.988258317025440078e+02 1.000000000000000000e+05
2.996086105675146882e+02 1.000000000000000000e+05
3.003913894324853118e+02 1.000000000000000000e+05
3.011741682974559353e+02 1.000000000000000000e+05
3.019569471624266157e+02 1.000000000000000000e+05
3.027397260273972392e+02 1.000000000000000000e+05
3.035225048923679196e+02 1.000000000000000000e+05
3.043052837573385432e+02 1.000000000000000000e+05
3.050880626223091667e+02 1.000000000000000000e+05
3.058708414872797903e+02 1.000000000000000000e+05
3.066536203522504707e+02 1.000000000000000000e+05
3.074363992172211510e+02 1.000000000000000000e+05
3.082191780821917746e+02 1.000000000000000000e+05
3.090019569471623981e+02 1.000000000000000000e+05
3.097847358121330217e+02 1.000000000000000000e+05
3.105675146771037021e+02 1.000000000000000000e+05
3.113502935420743825e+02 1.000000000000000000e+05
3.121330724070450060e+02 1.000000000000000000e+05
3.129158512720156295e+02 1.000000000000000000e+05
3.136986301369862531e+02 1.000000000000000000e+05
3.144814090019569335e+02 1.000000000000000000e+05
3.152641878669276139e+02 1.000000000000000000e+05
3.160469667318982374e+02 1.000000000000000000e+05
3.168297455968688610e+02 1.000000000000000000e+05
3.176125244618394845e+02 1.000000000000000000e+05
3.183953033268101649e+02 1.000000000000000000e+05
3.191780821917808453e+02 1.000000000000000000e+05
3.199608610567514688e+02 1.000000000000000000e+05
3.207436399217220924e+02 1.000000000000000000e+05
3.215264187866927159e+02 1.000000000000000000e+05
3.223091976516633963e+02 1.000000000000000000e+05
3.230919765166340767e+02 1.000000000000000000e+05
3.238747553816047002e+02 1.000000000000000000e+05
3.246575342465753238e+02 1.000000000000000000e+05
3.254403131115459473e+02 1.000000000000000000e+05
3.262230919765166277e+02 1.000000000000000000e+05
3.270058708414873081e+02 1.000000000000000000e+05
3.277886497064579316e+02 1.000000000000000000e+05
3.285714285714285552e+02 1.000000000000000000e+05
3.293542074363991787e+02 1.000000000000000000e+05
3.301369863013698591e+02 1.000000000000000000e+05
3.309197651663404827e+02 1.000000000000000000e+05
3.317025440313111631e+02 1.000000000000000000e+05
3.324853228962817866e+02 1.000000000000000000e+05
3.332681017612524101e+02 1.000000000000000000e+05
3.340508806262230905e+02 1.000000000000000000e+05
3.348336594911937141e+02 1.000000000000000000e+05
3.356164383561643945e+02 1.000000000000000000e+05
3.363992172211350180e+02 1.000000000000000000e+05
3.371819960861056416e+02 1.000000000000000000e+05
3.379647749510763219e+02 1.000000000000000000e+05
3.387475538160469455e+02 1.000000000000000000e+05
3.395303326810176259e+02 1.000000000000000000e+05
3.403131115459882494e+02 1.000000000000000000e+05
3.410958904109588730e+02 1.000000000000000000e+05
3.418786692759294965e+02 1.000000000000000000e+05
3.426614481409001769e+02 1.000000000000000000e+05
3.434442270058708573e+02 1.000000000000000000e+05
3.442270058708414808e+02 1.000000000000000000e+05
3.450097847358121044e+02 1.000000000000000000e+05
3.457925636007827279e+02 1.000000000000000000e+05
3.465753424657534083e+02 1.000000000000000000e+05
3.473581213307240887e+02 1.000000000000000000e+05
3.481409001956947122e+02 1.000000000000000000e+05
3.489236790606653358e+02 1.000000000000000000e+05
3.497064579256359593e+02 1.000000000000000000e+05
3.504892367906066397e+02 1.000000000000000000e+05
3.512720156555773201e+02 1.000000000000000000e+05
3.520547945205479436e+02 1.000000000000000000e+05
3.528375733855185672e+02 1.000000000000000000e+05
3.536203522504891907e+02 1.000000000000000000e+05
3.544031311154598711e+02 1.000000000000000000e+05
3.551859099804305515e+02 1.000000000000000000e+05
3.559686888454011751e+02 1.000000000000000000e+05
3.567514677103717986e+02 1.000000000000000000e+05
3.575342465753424790e+02 1.000000000000000000e+05
3.583170254403131025e+02 1.000000000000000000e+05
3.590998043052837261e+02 1.000000000000000000e+05
3.598825831702544065e+02 1.000000000000000000e+05
3.606653620352250300e+02 1.000000000000000000e+05
3.614481409001956536e+02 1.000000000000000000e+05
3.622309197651663339e+02 1.000000000000000000e+05
3.630136986301369575e+02 1.000000000000000000e+05
3.637964774951076379e+02 1.000000000000000000e+05
3.645792563600782614e+02 1.000000000000000000e+05
3.653620352250488850e+02 1.000000000000000000e+05
3.661448140900195654e+02 1.000000000000000000e+05
3.669275929549901889e+02 1.000000000000000000e+05
3.677103718199608693e+02 1.000000000000000000e+05
3.684931506849314928e+02 1.000000000000000000e+05
3.692759295499021164e+02 1.000000000000000000e+05
3.700587084148727968e+02 1.000000000000000000e+05
3.708414872798434203e+02 1.000000000000000000e+05
3.716242661448141007e+02 1.000000000000000000e+05
3.724070450097847242e+02 1.000000000000000000e+05
3.731898238747553478e+02 1.000000000000000000e+05
3.739726027397260282e+02 1.000000000000000000e+05
3.747553816046966517e+02 1.000000000000000000e+05
3.755381604696673321e+02 1.000000000000000000e+05
3.763209393346379557e+02 1.000000000000000000e+05
3.771037181996085792e+02 1.000000000000000000e+05
3.778864970645792596e+02 1.000000000000000000e+05
3.786692759295498831e+02 1.000000000000000000e+05
3.794520547945205067e+02 1.000000000000000000e+05
3.802348336594911871e+02 1.000000000000000000e+05
3.810176125244618106e+02 1.000000000000000000e+05
3.818003913894324910e+02 1.000000000000000000e+05
3.825831702544031145e+02 1.000000000000000000e+05
3.833659491193737381e+02 1.000000000000000000e+05
3.841487279843444185e+02 1.000000000000000000e+05
3.849315068493150420e+02 1.000000000000000000e+05
3.857142857142857224e+02 1.000000000000000000e+05
3.864970645792563460e+02 1.000000000000000000e+05
3.872798434442269695e+02 1.000000000000000000e+05
3.880626223091976499e+02 1.000000000000000000e+05
3.888454011741682734e+02 1.000000000000000000e+05
3.896281800391389538e+02 1.000000000000000000e+05
3.904109589041095774e+02 1.000000000000000000e+05
3.911937377690802009e+02 1.000000000000000000e+05
3.919765166340508813e+02 1.000000000000000000e+05
3.927592954990215048e+02 1.000000000000000000e+05
3.935420743639921284e+02 1.000000000000000000e+05
3.943248532289628088e+02 1.000000000000000000e+05
3.951076320939334323e+02 1.000000000000000000e+05
3.958904109589041127e+02 1.000000000000000000e+05
3.966731898238747362e+02 1.000000000000000000e+05
3.974559686888453598e+02 1.000000000000000000e+05
3.982387475538160402e+02 1.000000000000000000e+05
3.990215264187866637e+02 1.000000000000000000e+05
3.998043052837573441e+02 1.000000000000000000e+05
4.005870841487279677e+02 1.000000000000000000e+05
4.013698630136985912e+02 1.000000000000000000e+05
4.021526418786692716e+02 1.000000000000000000e+05
4.029354207436398951e+02 1.000000000000000000e+05
4.037181996086105755e+02 1.000000000000000000e+05
4.045009784735811991e+02 1.000000000000000000e+05
4.052837573385518226e+02 1.000000000000000000e+05
4.060665362035225030e+02 1.000000000000000000e+05
4.068493150684931265e+02 1.000000000000000000e+05
4.076320939334638069e+02 1.000000000000000000e+05
4.084148727984344305e+02 1.000000000000000000e+05
4.091976516634050540e+02 1.000000000000000000e+05
4.099804305283757344e+02 1.000000000000000000e+05
4.107632093933463580e+02 1.000000000000000000e+05
4.115459882583169815e+02 1.000000000000000000e+05
4.123287671232876619e+02 1.000000000000000000e+05
4.131115459882582854e+02 1.000000000000000000e+05
4.138943248532289658e+02 1.000000000000000000e+05
4.146771037181995894e+02 1.000000000000000000e+05
4.154598825831702129e+02 1.000000000000000000e+05
4.162426614481408933e+02 1.000000000000000000e+05
4.170254403131115168e+02 1.000000000000000000e+05
4.178082191780821972e+02 1.000000000000000000e+05
4.185909980430528208e+02 1.000000000000000000e+05
4.193737769080234443e+02 1.000000000000000000e+05
4.201565557729941247e+02 1.000000000000000000e+05
4.209393346379647483e+02 1.000000000000000000e+05
4.217221135029354286e+02 1.000000000000000000e+05
4.225048923679060522e+02 1.000000000000000000e+05
4.232876712328766757e+02 1.000000000000000000e+05
4.240704500978473561e+02 1.000000000000000000e+05
4.248532289628179797e+02 1.000000000000000000e+05
4.256360078277886032e+02 1.000000000000000000e+05
4.264187866927592836e+02 1.000000000000000000e+05
4.272015655577299071e+02 1.000000000000000000e+05
4.279843444227005875e+02 1.000000000000000000e+05
4.287671232876712111e+02 1.000000000000000000e+05
4.295499021526418346e+02 1.000000000000000000e+05
4.303326810176125150e+02 1.000000000000000000e+05
4.311154598825831386e+02 1.000000000000000000e+05
4.318982387475538189e+02 1.000000000000000000e+05
4.326810176125244425e+02 1.000000000000000000e+05
4.334637964774950660e+02 1.000000000000000000e+05
4.342465753424657464e+02 1.000000000000000000e+05
4.350293542074363700e+02 1.000000000000000000e+05
4.358121330724070503e+02 1.000000000000000000e+05
4.365949119373776739e+02 1.000000000000000000e+05
4.373776908023482974e+02 1.000000000000000000e+05
4.381604696673189778e+02 1.000000000000000000e+05
4.389432485322896014e+02 1.000000000000000000e+05
4.397260273972602818e+02 1.000000000000000000e+05
4.405088062622309053e+02 1.000000000000000000e+05
4.412915851272015288e+02 1.000000000000000000e+05
4.420743639921722092e+02 1.000000000000000000e+05
4.428571428571428328e+02 1.000000000000000000e+05
4.436399217221134563e+02 1.000000000000000000e+05
4.444227005870841367e+02 1.000000000000000000e+05
4.452054794520547603e+02 1.000000000000000000e+05
4.459882583170254406e+02 1.000000000000000000e+05
4.467710371819960642e+02 1.000000000000000000e+05
4.475538160469666877e+02 1.000000000000000000e+05
4.483365949119373681e+02 1.000000000000000000e+05
4.491193737769079917e+02 1.000000000000000000e+05
4.499021526418786721e+02 1.000000000000000000e+05
4.506849315068492956e+02 1.000000000000000000e+05
4.514677103718199191e+02 1.000000000000000000e+05
4.522504892367905995e+02 1.000000000000000000e+05
4.530332681017612231e+02 1.000000000000000000e+05
4.538160469667319035e+02 1.000000000000000000e+05
4.545988258317025270e+02 1.000000000000000000e+05
4.553816046966731506e+02 1.000000000000000000e+05
4.561643835616438309e+02 1.000000000000000000e+05
4.569471624266144545e+02 1.000000000000000000e+05
4.577299412915851349e+02 1.000000000000000000e+05
4.585127201565557584e+02 1.000000000000000000e+05
4.592954990215263820e+02 1.000000000000000000e+05
4.600782778864970624e+02 1.000000000000000000e+05
4.608610567514676859e+02 1.000000000000000000e+05
4.616438356164383094e+02 1.000000000000000000e+05
4.624266144814089898e+02 1.000000000000000000e+05
4.632093933463796134e+02 1.000000000000000000e+05
4.639921722113502938e+02 1.000000000000000000e+05
4.647749510763209173e+02 1.000000000000000000e+05
4.655577299412915409e+02 1.000000000000000000e+05
4.663405088062622212e+02 1.000000000000000000e+05
4.671232876712328448e+02 1.000000000000000000e+05
4.679060665362035252e+02 1.000000000000000000e+05
4.686888454011741487e+02 1.000000000000000000e+05
4.694716242661447723e+02 1.000000000000000000e+05
4.702544031311154527e+02 1.000000000000000000e+05
4.710371819960860762e+02 1.000000000000000000e+05
4.718199608610567566e+02 1.000000000000000000e+05
4.726027397260273801e+02 1.000000000000000000e+05
4.733855185909980037e+02 1.000000000000000000e+05
4.741682974559686841e+02 1.000000000000000000e+05
4.749510763209393076e+02 1.000000000000000000e+05
4.757338551859099880e+02 1.000000000000000000e+05
4.765166340508806115e+02 1.000000000000000000e+05
4.772994129158512351e+02 1.000000000000000000e+05
4.780821917808219155e+02 1.000000000000000000e+05
4.788649706457925390e+02 1.000000000000000000e+05
4.796477495107631626e+02 1.000000000000000000e+05
4.804305283757338429e+02 1.000000000000000000e+05
4.812133072407044665e+02 1.000000000000000000e+05
4.819960861056751469e+02 1.000000000000000000e+05
4.827788649706457704e+02 1.000000000000000000e+05
4.835616438356163940e+02 1.000000000000000000e+05
4.843444227005870744e+02 1.000000000000000000e+05
4.851272015655576979e+02 1.000000000000000000e+05
4.859099804305283783e+02 1.000000000000000000e+05
4.866927592954990018e+02 1.000000000000000000e+05
4.874755381604696254e+02 1.000000000000000000e+05
4.882583170254403058e+02 1.000000000000000000e+05
4.890410958904109293e+02 1.000000000000000000e+05
4.898238747553816097e+02 1.000000000000000000e+05
4.906066536203522332e+02 1.000000000000000000e+05
4.913894324853228568e+02 1.000000000000000000e+05
4.921722113502935372e+02 1.000000000000000000e+05
4.929549902152641607e+02 1.000000000000000000e+05
4.937377690802347843e+02 1.000000000000000000e+05
4.945205479452054647e+02 1.000000000000000000e+05
4.953033268101760882e+02 1.000000000000000000e+05
4.960861056751467686e+02 1.000000000000000000e+05
4.968688845401173921e+02 1.000000000000000000e+05
4.976516634050880157e+02 1.000000000000000000e+05
4.984344422700586961e+02 1.000000000000000000e+05
4.992172211350293196e+02 1.000000000000000000e+05
5.000000000000000000e+02 1.000000000000000000e+05
