0.000000000000000000e+00 1.000000000000000000e+00
3.921568627450980227e+00 1.000000000000000000e+00
7.843137254901960453e+00 1.000000000000000000e+00
1.176470588235294024e+01 1.000000000000000000e+00
1.568627450980392091e+01 1.000000000000000000e+00
1.960784313725489980e+01 1.000000000000000000e+00
2.352941176470588047e+01 1.000000000000000000e+00
2.745098039215686114e+01 1.000000000000000000e+00
3.137254901960784181e+01 1.000000000000000000e+00
3.529411764705881893e+01 1.000000000000000000e+00
3.921568627450979960e+01 1.000000000000000000e+00
4.313725490196078027e+01 1.000000000000000000e+00
4.705882352941176094e+01 1.000000000000000000e+00
5.098039215686274161e+01 1.000000000000000000e+00
5.490196078431372229e+01 1.000000000000000000e+00
5.882352941176470296e+01 1.000000000000000000e+00
6.274509803921568363e+01 1.000000000000000000e+00
6.666666666666665719e+01 1.000000000000000000e+00
7.058823529411763786e+01 1.000000000000000000e+00
7.450980392156861853e+01 1.000000000000000000e+00
7.843137254901959921e+01 1.000000000000000000e+00
8.235294117647057988e+01 1.000000000000000000e+00
8.627450980392156055e+01 1.000000000000000000e+00
9.019607843137254122e+01 1.000000000000000000e+00
9.411764705882352189e+01 1.000000000000000000e+00
9.803921568627450256e+01 1.000000000000000000e+00
1.019607843137254832e+02 1.000000000000000000e+00
1.058823529411764639e+02 1.000000000000000000e+00
1.098039215686274446e+02 1.000000000000000000e+00
1.137254901960784252e+02 1.000000000000000000e+00
1.176470588235294059e+02 1.000000000000000000e+00
1.215686274509803866e+02 1.000000000000000000e+00
1.254901960784313673e+02 1.000000000000000000e+00
1.294117647058823479e+02 1.000000000000000000e+00
1.333333333333333144e+02 1.000000000000000000e+00
1.372549019607843093e+02 1.000000000000000000e+00
1.411764705882352757e+02 1.000000000000000000e+00
1.450980392156862706e+02 1.000000000000000000e+00
1.490196078431372371e+02 1.000000000000000000e+00
1.529411764705882320e+02 1.000000000000000000e+00
1.568627450980391984e+02 1.000000000000000000e+00
1.607843137254901933e+02 1.000000000000000000e+00
1.647058823529411598e+02 1.000000000000000000e+00
1.686274509803921546e+02 1.000000000000000000e+00
1.725490196078431211e+02 1.000000000000000000e+00
1.764705882352941160e+02 1.000000000000000000e+00
1.803921568627450824e+02 1.000000000000000000e+00
1.843137254901960773e+02 1.000000000000000000e+00
1.882352941176470438e+02 1.000000000000000000e+00
1.921568627450980387e+02 1.000000000000000000e+00
1.960784313725490051e+02 1.000000000000000000e+00
2.000000000000000000e+02 1.000000000000000000e+00
2.039215686274509665e+02 1.000000000000000000e+00
2.078431372549019613e+02 1.000000000000000000e+00
2.117647058823529278e+02 1.000000000000000000e+00
2.156862745098039227e+02 1.000000000000000000e+00
2.196078431372548891e+02 1.000000000000000000e+00
2.235294117647058840e+02 1.000000000000000000e+00
2.274509803921568505e+02 1.000000000000000000e+00
2.313725490196078454e+02 1.000000000000000000e+00
2.352941176470588118e+02 1.000000000000000000e+00
2.392156862745098067e+02 1.000000000000000000e+00
2.431372549019607732e+02 1.000000000000000000e+00
2.470588235294117680e+02 1.000000000000000000e+00
2.509803921568627345e+02 1.000000000000000000e+00
2.549019607843137010e+02 1.000000000000000000e+00
2.588235294117646959e+02 1.000000000000000000e+00
2.627450980392156907e+02 1.000000000000000000e+00
2.666666666666666288e+02 1.000000000000000000e+00
2.705882352941176237e+02 1.000000000000000000e+00
2.745098039215686185e+02 1.000000000000000000e+00
2.784313725490196134e+02 1.000000000000000000e+00
2.823529411764705515e+02 1.000000000000000000e+00
2.862745098039215463e+02 1.000000000000000000e+00
2.901960784313725412e+02 1.000000000000000000e+00
2.941176470588235361e+02 1.000000000000000000e+00
2.980392156862744741e+02 1.000000000000000000e+00
3.019607843137254690e+02 1.000000000000000000e+00
3.058823529411764639e+02 1.000000000000000000e+00
3.098039215686274588e+02 1.000000000000000000e+00
3.137254901960783968e+02 1.000000000000000000e+00
3.176470588235293917e+02 1.000000000000000000e+00
3.215686274509803866e+02 1.000000000000000000e+00
3.254901960784313815e+02 1.000000000000000000e+00
3.294117647058823195e+02 1.000000000000000000e+00
3.333333333333333144e+02 1.000000000000000000e+00
3.372549019607843093e+02 1.000000000000000000e+00
3.411764705882353041e+02 1.000000000000000000e+00
3.450980392156862422e+02 1.000000000000000000e+00
3.490196078431372371e+02 1.000000000000000000e+00
3.529411764705882320e+02 1.000000000000000000e+00
3.568627450980392268e+02 1.000000000000000000e+00
3.607843137254901649e+02 1.000000000000000000e+00
3.647058823529411598e+02 1.000000000000000000e+00
3.686274509803921546e+02 1.000000000000000000e+00
3.725490196078431495e+02 1.000000000000000000e+00
3.764705882352940876e+02 1.000000000000000000e+00
3.803921568627450824e+02 1.000000000000000000e+00
3.843137254901960773e+02 1.000000000000000000e+00
3.882352941176470154e+02 1.000000000000000000e+00
3.921568627450980102e+02 1.000000000000000000e+00
3.960784313725490051e+02 1.000000000000000000e+00
4.000000000000000000e+02 1.000000000000000000e+00
4.039215686274509380e+02 1.000000000000000000e+00
4.078431372549019329e+02 1.000000000000000000e+00
4.117647058823529278e+02 1.000000000000000000e+00
4.156862745098039227e+02 1.000000000000000000e+00
4.196078431372548607e+02 1.000000000000000000e+00
4.235294117647058556e+02 1.000000000000000000e+00
4.274509803921568505e+02 1.000000000000000000e+00
4.313725490196078454e+02 1.000000000000000000e+00
4.352941176470587834e+02 1.000000000000000000e+00
4.392156862745097783e+02 1.000000000000000000e+00
4.431372549019607732e+02 1.000000000000000000e+00
4.470588235294117680e+02 1.000000000000000000e+00
4.509803921568627061e+02 1.000000000000000000e+00
4.549019607843137010e+02 1.000000000000000000e+00
4.588235294117646959e+02 1.000000000000000000e+00
4.627450980392156907e+02 1.000000000000000000e+00
4.666666666666666288e+02 1.000000000000000000e+00
4.705882352941176237e+02 1.000000000000000000e+00
4.745098039215686185e+02 1.000000000000000000e+00
4.784313725490196134e+02 1.000000000000000000e+00
4.823529411764705515e+02 1.000000000000000000e+00
4.862745098039215463e+02 1.000000000000000000e+00
4.901960784313725412e+02 1.000000000000000000e+00
4.941176470588235361e+02 1.000000000000000000e+00
4.980392156862744741e+02 1.000000000000000000e+00
5.019607843137254690e+02 1.000000000000000000e+00
5.058823529411764639e+02 1.000000000000000000e+00
5.098039215686274019e+02 1.000000000000000000e+00
5.137254901960784537e+02 1.000000000000000000e+00
5.176470588235293917e+02 1.000000000000000000e+00
5.215686274509803297e+02 1.000000000000000000e+00
5.254901960784313815e+02 1.000000000000000000e+00
5.294117647058823195e+02 1.000000000000000000e+00
5.333333333333332575e+02 1.000000000000000000e+00
5.372549019607843093e+02 1.000000000000000000e+00
5.411764705882352473e+02 1.000000000000000000e+00
5.450980392156862990e+02 1.000000000000000000e+00
5.490196078431372371e+02 1.000000000000000000e+00
5.529411764705881751e+02 1.000000000000000000e+00
5.568627450980392268e+02 1.000000000000000000e+00
5.607843137254901649e+02 1.000000000000000000e+00
5.647058823529411029e+02 1.000000000000000000e+00
5.686274509803921546e+02 1.000000000000000000e+00
5.725490196078430927e+02 1.000000000000000000e+00
5.764705882352941444e+02 1.000000000000000000e+00
5.803921568627450824e+02 1.000000000000000000e+00
5.843137254901960205e+02 1.000000000000000000e+00
5.882352941176470722e+02 1.000000000000000000e+00
5.921568627450980102e+02 1.000000000000000000e+00
5.960784313725489483e+02 1.000000000000000000e+00
6.000000000000000000e+02 1.000000000000000000e+00
6.039215686274509380e+02 1.000000000000000000e+00
6.078431372549019898e+02 1.000000000000000000e+00
6.117647058823529278e+02 1.000000000000000000e+00
6.156862745098038658e+02 1.000000000000000000e+00
6.196078431372549176e+02 1.000000000000000000e+00
6.235294117647058556e+02 1.000000000000000000e+00
6.274509803921567936e+02 1.000000000000000000e+00
6.313725490196078454e+02 1.000000000000000000e+00
6.352941176470587834e+02 1.000000000000000000e+00
6.392156862745097214e+02 1.000000000000000000e+00
6.431372549019607732e+02 1.000000000000000000e+00
6.470588235294117112e+02 1.000000000000000000e+00
6.509803921568627629e+02 1.000000000000000000e+00
6.549019607843137010e+02 1.000000000000000000e+00
6.588235294117646390e+02 1.000000000000000000e+00
6.627450980392156907e+02 1.000000000000000000e+00
6.666666666666666288e+02 1.000000000000000000e+00
6.705882352941175668e+02 1.000000000000000000e+00
6.745098039215686185e+02 1.000000000000000000e+00
6.784313725490195566e+02 1.000000000000000000e+00
6.823529411764706083e+02 1.000000000000000000e+00
6.862745098039215463e+02 1.000000000000000000e+00
6.901960784313724844e+02 1.000000000000000000e+00
6.941176470588235361e+02 1.000000000000000000e+00
6.980392156862744741e+02 1.000000000000000000e+00
7.019607843137254122e+02 1.000000000000000000e+00
7.058823529411764639e+02 1.000000000000000000e+00
7.098039215686274019e+02 1.000000000000000000e+00
7.137254901960784537e+02 1.000000000000000000e+00
7.176470588235293917e+02 1.000000000000000000e+00
7.215686274509803297e+02 1.000000000000000000e+00
7.254901960784313815e+02 1.000000000000000000e+00
7.294117647058823195e+02 1.000000000000000000e+00
7.333333333333332575e+02 1.000000000000000000e+00
7.372549019607843093e+02 1.000000000000000000e+00
7.411764705882352473e+02 1.000000000000000000e+00
7.450980392156862990e+02 1.000000000000000000e+00
7.490196078431372371e+02 1.000000000000000000e+00
7.529411764705881751e+02 1.000000000000000000e+00
7.568627450980392268e+02 1.000000000000000000e+00
7.607843137254901649e+02 1.000000000000000000e+00
7.647058823529411029e+02 1.000000000000000000e+00
7.686274509803921546e+02 1.000000000000000000e+00
7.725490196078430927e+02 1.000000000000000000e+00
7.764705882352940307e+02 1.000000000000000000e+00
7.803921568627450824e+02 1.000000000000000000e+00
7.843137254901960205e+02 1.000000000000000000e+00
7.882352941176470722e+02 1.000000000000000000e+00
7.921568627450980102e+02 1.000000000000000000e+00
7.960784313725489483e+02 1.000000000000000000e+00
8.000000000000000000e+02 1.000000000000000000e+00
8.039215686274509380e+02 1.000000000000000000e+00
8.078431372549018761e+02 1.000000000000000000e+00
8.117647058823529278e+02 1.000000000000000000e+00
8.156862745098038658e+02 1.000000000000000000e+00
8.196078431372549176e+02 1.000000000000000000e+00
8.235294117647058556e+02 1.000000000000000000e+00
8.274509803921567936e+02 1.000000000000000000e+00
8.313725490196078454e+02 1.000000000000000000e+00
8.352941176470587834e+02 1.000000000000000000e+00
8.392156862745097214e+02 1.000000000000000000e+00
8.431372549019607732e+02 1.000000000000000000e+00
8.470588235294117112e+02 1.000000000000000000e+00
8.509803921568627629e+02 1.000000000000000000e+00
8.549019607843137010e+02 1.000000000000000000e+00
8.588235294117646390e+02 1.000000000000000000e+00
8.627450980392156907e+02 1.000000000000000000e+00
8.666666666666666288e+02 1.000000000000000000e+00
8.705882352941175668e+02 1.000000000000000000e+00
8.745098039215686185e+02 1.000000000000000000e+00
8.784313725490195566e+02 1.000000000000000000e+00
8.823529411764704946e+02 1.000000000000000000e+00
8.862745098039215463e+02 1.000000000000000000e+00
8.901960784313724844e+02 1.000000000000000000e+00
8.941176470588235361e+02 1.000000000000000000e+00
8.980392156862744741e+02 1.000000000000000000e+00
9.019607843137254122e+02 1.000000000000000000e+00
9.058823529411764639e+02 1.000000000000000000e+00
9.098039215686274019e+02 1.000000000000000000e+00
9.137254901960783400e+02 1.000000000000000000e+00
9.176470588235293917e+02 1.000000000000000000e+00
9.215686274509803297e+02 1.000000000000000000e+00
9.254901960784313815e+02 1.000000000000000000e+00
9.294117647058823195e+02 1.000000000000000000e+00
9.333333333333332575e+02 1.000000000000000000e+00
9.372549019607843093e+02 1.000000000000000000e+00
9.411764705882352473e+02 1.000000000000000000e+00
9.450980392156861853e+02 1.000000000000000000e+00
9.490196078431372371e+02 1.000000000000000000e+00
9.529411764705881751e+02 1.000000000000000000e+00
9.568627450980392268e+02 1.000000000000000000e+00
9.607843137254901649e+02 1.000000000000000000e+00
9.647058823529411029e+02 1.000000000000000000e+00
9.686274509803921546e+02 1.000000000000000000e+00
9.725490196078430927e+02 1.000000000000000000e+00
9.764705882352940307e+02 1.000000000000000000e+00
9.803921568627450824e+02 1.000000000000000000e+00
9.843137254901960205e+02 1.000000000000000000e+00
9.882352941176470722e+02 1.000000000000000000e+00
9.921568627450980102e+02 1.000000000000000000e+00
9.960784313725489483e+02 1.000000000000000000e+00
1.000000000000000000e+03 1.000000000000000000e+00
