2 1 0
8 1 5
9 1 5
10 1 10
13 1 11
17 0 16
25 0 21
28 1 26
29 1 28
30 1 27
31 0 30
34 1 29
48 0 42
50 0 42
51 1 30
52 1 27
54 1 28
69 0 66
70 0 42
72 1 30
74 0 72
75 0 72
77 1 73
78 1 30
80 0 72
81 1 41
82 1 28
84 1 31
86 1 71
90 1 79
91 1 77
91 0 72
97 1 27
98 0 72
102 1 74
103 0 72
110 0 72
112 1 74
119 0 72
120 0 72
122 1 30
123 1 27
127 0 72
130 1 81
130 0 42
133 1 80
135 1 29
136 1 28
141 0 72
146 0 72
159 0 72
161 0 72
166 0 72
170 1 81
172 0 72
192 1 80
194 1 181
195 1 160
196 1 69
198 1 75
198 0 72
201 0 72
205 0 72
212 1 147
212 0 72
216 0 72
217 1 31
219 0 72
226 0 72
227 1 181
229 1 182
235 0 72
236 0 72
237 0 72
240 1 180
250 1 26
251 1 28
256 1 26
261 1 180
262 1 180
277 1 181
279 1 27
282 1 31
284 1 27
291 0 72
296 1 181
300 1 181
301 1 28
302 1 292
302 0 72
312 1 31
313 1 76
316 0 66
317 1 306
318 0 42
325 1 74
336 1 75
350 1 195
353 1 336
361 0 72
373 0 72
374 0 72
381 1 306
390 1 364
404 0 72
409 0 72
415 1 287
416 1 74
418 1 181
425 0 72
431 1 192
433 1 288
446 1 288
454 1 288
458 1 77
458 0 72
467 0 72
482 1 26
484 1 180
487 1 77
488 1 289
488 0 72
498 0 72
503 1 469
504 1 304
506 1 363
512 1 296
513 1 441
520 1 152
529 1 301
530 1 32
533 1 76
537 0 72
539 1 371
541 1 201
542 1 181
543 1 152
546 1 173
547 1 302
549 1 469
553 1 78
555 0 72
556 1 304
557 0 72
565 1 363
569 1 364
577 1 292
582 0 72
587 1 439
587 0 42
592 1 71
597 0 72
599 0 72
600 0 72
603 0 72
604 1 148
606 1 468
613 1 301
616 1 180
622 1 364
634 1 180
641 1 193
642 1 28
643 1 305
644 1 595
647 1 621
650 1 180
656 0 66
660 1 364
662 0 66
663 0 306
664 0 662
671 1 591
676 0 66
696 1 292
702 0 72
707 1 592
708 1 708
712 0 688
717 0 677
718 0 72
720 0 72
725 1 182
730 1 708
733 1 620
735 0 688
736 0 680
740 1 26
746 1 364
750 0 688
751 1 364
751 0 710
756 0 238
758 0 72
775 1 663
776 0 689
784 0 682
785 1 465
786 1 662
788 0 682
795 1 195
795 0 688
796 1 712
800 0 680
803 1 711
804 1 749
806 1 292
807 0 683
808 1 658
810 0 680
811 1 620
818 1 591
822 1 364
822 0 691
827 0 681
831 1 594
833 1 588
833 0 684
834 0 690
835 0 681
837 1 590
837 0 680
838 1 181
844 0 689
849 0 677
850 1 149
851 0 680
857 1 363
858 1 29
860 1 749
862 1 619
864 1 301
865 1 303
866 0 681
868 1 711
870 0 692
872 0 695
873 1 620
875 0 677
877 1 182
882 0 689
883 0 693
885 1 709
888 1 288
890 0 680
891 1 292
892 0 686
895 1 292
895 0 893
897 1 710
898 0 894
900 0 894
901 1 597
901 0 692
903 1 192
905 0 687
906 0 894
910 1 597
911 0 695
914 1 286
916 1 666
917 1 78
919 1 303
923 1 910
926 1 148
928 1 589
928 0 680
935 1 595
936 1 909
936 0 681
943 1 769
956 1 364
956 0 692
961 1 709
962 0 695
968 0 967
969 1 29
980 1 671
981 1 42
984 0 684
985 1 289
985 0 680
991 0 691
997 0 677
998 1 909
999 0 680
1001 1 288
1003 0 72
1008 1 709
1012 0 684
1013 1 363
1013 0 893
1024 1 152
1041 1 72
1042 1 712
1043 1 712
1058 1 591
1060 1 909
1067 0 687
1069 0 688
1074 0 692
1076 0 684
1084 1 709
1089 0 690
1092 1 195
1092 0 1086
1093 1 594
1094 1 364
1097 1 201
1099 1 941
1100 0 680
1101 1 627
1101 0 528
1105 1 292
1105 0 968
1106 0 687
1108 0 894
1111 1 1049
1111 0 72
1115 0 692
1116 0 690
1118 0 42
1123 1 596
1124 0 678
1125 1 1122
1128 0 685
1132 0 894
1133 1 910
1136 0 683
1137 1 310
1137 0 681
1138 0 238
1143 0 1086
1144 0 72
1154 0 680
1160 1 1054
1160 0 72
1163 0 681
1167 1 709
1170 0 695
1171 0 684
1174 0 685
1175 1 709
1182 0 895
1183 1 1119
1184 0 72
1190 1 522
1193 1 1114
1194 1 710
1194 0 684
1195 0 694
1196 0 895
1198 0 683
1199 0 681
1203 0 893
1206 1 589
1207 0 900
1209 0 689
1211 1 42
1212 1 152
1219 0 681
1226 0 894
1228 1 27
1231 1 364
1236 0 690
1244 1 76
1247 1 622
1248 0 695
1252 0 1086
1253 1 590
1254 0 1086
1255 0 693
1258 0 684
1259 0 694
1261 1 943
1264 0 893
1268 1 292
1273 0 72
1279 1 292
1283 1 195
1284 1 1207
1287 0 965
1289 0 686
1293 1 709
1294 1 710
1296 0 678
1297 0 681
1299 0 690
1303 0 1170
1306 1 769
1308 1 1119
1312 0 1086
1313 0 1086
1316 0 685
1318 0 695
1321 1 303
1327 0 682
1329 0 695
1336 0 693
1338 1 1119
1340 1 26
1346 0 695
1347 0 681
1348 0 682
1349 1 215
1350 0 1086
1353 1 81
1354 1 190
1357 1 75
1365 1 443
1365 0 1086
1367 1 619
1369 1 658
1370 1 26
1376 1 589
1387 1 660
1390 1 708
1392 1 30
1395 1 619
1398 0 893
1403 1 173
1406 0 894
1407 0 690
1408 1 909
1412 1 182
1413 1 70
1415 1 709
1416 0 1365
1420 1 363
1425 1 660
1426 0 688
1430 0 677
1432 1 363
1435 1 29
1436 0 1392
1442 0 680
1447 1 517
1447 0 895
1448 0 681
1450 1 667
1454 1 1120
1454 0 681
1457 0 1086
1458 1 709
1459 0 683
1462 0 681
1465 0 690
1471 0 1169
1472 0 693
1473 0 1086
1476 0 893
1481 1 596
1491 1 292
1491 0 682
1494 0 680
1498 1 152
1499 1 180
1502 0 893
1503 1 963
1512 0 687
1513 0 42
1518 1 712
1520 0 1460
1521 0 691
1522 1 1441
1525 0 72
1530 1 42
1533 0 680
1538 1 1049
1544 1 1230
1544 0 893
1548 0 681
1553 0 680
1554 0 893
1557 1 195
1559 0 1086
1560 1 1238
1561 1 1529
1563 1 709
1565 0 893
1583 0 894
1594 1 364
1596 0 1225
1597 0 1281
1604 1 1121
1610 1 195
1612 1 181
1615 0 72
1628 1 592
1633 1 1567
1637 1 1223
1638 1 152
1640 1 591
1641 1 1522
1643 1 1622
1645 1 363
1647 1 621
1652 1 1577
1664 1 1227
1694 0 690
1698 0 72
1701 1 1167
1703 0 1085
1708 0 72
1710 0 693
1724 1 1121
1724 0 683
1727 1 1227
1728 1 1168
1728 0 1086
1732 1 963
1734 1 80
1739 1 710
1749 0 680
1751 1 1530
1752 0 1747
1756 1 910
1759 1 1230
1762 0 684
1763 1 594
1763 0 1742
1773 0 693
1776 0 895
1777 0 72
1780 1 363
1785 1 599
1786 1 1769
1787 0 680
1788 1 301
1790 1 963
1791 0 893
1793 0 695
1794 0 894
1800 0 1744
1803 1 1719
1808 0 1086
1813 0 1749
1815 1 75
1815 0 894
1816 1 1558
1819 1 302
1824 1 1207
1828 0 1746
1829 1 1532
1836 0 1749
1837 0 895
1840 1 1531
1843 1 195
1844 0 1196
1848 1 41
1849 1 1525
1862 0 1743
1863 0 1546
1869 1 622
1877 1 289
1878 0 1745
1880 1 1569
1881 1 712
1883 1 1769
1885 0 1744
1886 0 1742
1894 0 72
1895 0 1748
1896 1 620
1901 0 1745
1902 1 621
1909 1 1527
1913 0 1751
1917 1 1770
1925 1 363
1926 1 1565
1926 0 1746
1927 0 678
1929 0 692
1931 1 1409
1935 1 1528
1938 0 687
1939 0 72
1940 1 1120
1941 0 1745
1942 1 1768
1947 0 894
1948 1 1049
1951 1 292
1952 0 900
1953 1 292
1954 0 686
1957 0 1748
1963 1 1530
1964 0 1744
1965 0 693
1967 1 364
1969 0 1750
1971 0 895
1974 1 148
1976 0 686
1977 0 1750
1980 1 1230
1983 1 1119
1988 1 620
1989 0 894
1992 1 1563
1995 0 893
1997 1 1054
1999 0 1169
2003 1 966
2009 1 1563
2011 0 680
2012 0 1746
2014 0 685
2017 0 1744
2018 0 895
2021 1 666
2022 1 73
2026 0 1748
2027 1 1119
2031 0 1751
2044 1 181
2049 1 292
2051 0 1749
2056 1 1565
2057 0 688
2058 0 1743
2060 1 595
2063 1 364
2064 1 1531
2064 0 895
2066 1 28
2067 1 198
2068 1 1769
2068 0 681
2069 0 72
2070 0 1744
2072 1 1559
2074 0 893
2079 0 709
2080 1 364
2083 0 1751
2085 0 1746
2088 1 1118
2095 0 681
2110 0 895
2113 1 292
2114 1 1764
2115 0 1086
2116 1 77
2117 1 1531
2124 1 1120
2125 1 1230
2128 0 1745
2138 0 1744
2140 1 2116
2142 1 363
2142 0 685
2145 1 947
2147 1 1770
2149 1 709
2154 0 1742
2155 0 1750
2165 1 1230
2167 1 31
2168 1 287
2171 1 1622
2173 0 690
2175 0 1365
2177 1 182
2180 1 2172
2185 1 622
2185 0 1170
2188 0 1546
2191 0 1748
2196 1 80
2200 1 1231
2211 0 2156
2215 0 72
2219 1 2068
2220 0 2155
2222 1 709
2224 1 911
2225 0 1744
2228 1 1532
2233 1 2054
2234 0 1086
2236 1 2070
2239 0 72
2243 1 1532
2252 0 680
2257 1 1617
2258 1 2072
2267 0 1086
2268 1 195
2271 0 894
2280 1 1527
2283 1 964
2285 1 1122
2286 1 709
2291 1 2067
2295 1 659
2298 1 963
2298 0 72
2308 1 1228
2312 1 791
2313 1 909
2330 0 1751
2332 1 1225
2332 0 683
2333 0 2127
2334 0 2126
2336 1 1441
2336 0 1205
2337 1 710
2337 0 1206
2346 1 2307
2349 1 1230
2355 1 1633
2356 1 1208
2358 1 1208
2361 0 2151
2364 1 619
2379 0 1742
2386 0 1748
2391 0 688
2394 0 1086
2395 0 680
2397 1 1532
2402 0 2158
2403 1 1230
2404 0 1944
2406 1 2049
2406 0 680
2411 1 1441
2413 1 1410
2415 1 712
2416 0 686
2418 1 2053
2421 1 961
2422 0 899
2423 1 288
2426 0 695
2431 0 686
2433 0 1742
2439 0 1743
2443 0 1745
2452 1 1564
2456 1 590
2465 0 2151
2467 1 1252
2468 1 181
2473 0 1742
2475 0 1944
2476 1 2070
2477 0 688
2478 1 152
2484 0 680
2486 0 1751
2489 0 894
2491 1 2053
2491 0 893
2497 1 2294
2506 0 1751
2507 0 2151
2509 0 2167
2510 0 1743
2511 0 692
2517 0 1170
2522 1 1997
2527 1 1519
2528 0 1749
2532 1 295
2535 1 1121
2539 1 2306
2540 1 1230
2542 0 1750
2547 0 895
2549 1 1612
2551 1 289
2553 1 1634
2554 0 72
2557 1 1010
2560 1 621
2561 0 1744
2564 1 2306
2567 0 895
2570 0 1745
2575 1 2006
2576 1 302
2577 1 289
2578 1 1565
2580 0 1745
2584 0 895
2586 1 174
2588 0 72
2589 1 1769
2602 0 1743
2603 0 1086
2605 1 1122
2610 0 684
2611 1 1529
2613 1 589
2614 1 2305
2615 1 292
2616 1 1565
2623 1 942
2629 1 289
2631 1 2467
2640 0 2151
2643 1 942
2643 0 72
2645 1 620
2650 1 2177
2653 1 1569
2656 1 2050
2662 1 2463
2671 0 1746
2674 1 592
2677 0 1742
2678 1 1049
2683 0 893
2685 1 2051
2687 1 947
2692 1 1519
2694 1 2072
2695 0 72
2699 0 895
2701 1 709
2706 0 1746
2715 1 1528
2716 1 336
2717 0 2711
2721 1 1121
2728 1 963
2731 1 1566
2733 1 1952
2734 1 2727
2736 1 2068
2739 1 1230
2742 1 441
2748 1 1119
2750 1 2463
2757 1 365
2767 0 2711
2773 1 1777
2774 1 1945
2776 1 292
2778 1 963
2779 1 2306
2783 1 1559
2785 1 2069
2788 1 665
2792 0 688
2794 0 1742
2795 1 2071
2796 1 306
2798 1 1904
2802 0 678
2807 1 1570
2810 0 677
2811 0 680
2815 0 2151
2816 0 682
2817 0 894
2822 1 621
2822 0 2713
2825 1 1768
2826 0 2755
2828 1 2068
2829 1 2051
2838 0 1743
2841 1 942
2844 1 1167
2845 0 1751
2846 0 2706
2859 0 690
2861 1 292
2864 0 2406
2866 0 2710
2867 0 2151
2868 0 1086
2869 1 1566
2870 1 1569
2871 1 659
2872 0 2712
2874 0 681
2876 1 1943
2883 0 2755
2892 0 894
2895 1 2073
2898 0 690
2899 1 836
2902 0 2641
2904 0 1546
2907 0 1086
2909 1 1121
2909 0 2705
2911 1 2306
2917 1 2464
2918 1 1564
2922 1 292
2923 0 681
2929 0 681
2939 0 893
2940 0 2713
2944 1 1770
2956 1 947
2957 1 73
2958 0 1743
2960 1 1566
2961 0 2710
2962 0 2713
2972 1 2054
2974 1 2466
2976 1 1120
2976 0 1392
2977 0 685
2982 0 1751
2983 0 2707
2987 0 894
2992 1 1553
2992 0 685
2995 1 1577
3007 1 1527
3008 0 2753
3010 0 2406
3014 0 1086
3019 1 619
3023 0 2707
3026 0 1744
3032 1 619
3040 0 2755
3041 0 1747
3047 1 180
3049 0 1763
3050 0 1751
3051 0 894
3055 1 885
3066 1 709
3069 1 2116
3075 1 1530
3076 1 1546
3077 0 831
3079 0 683
3080 1 181
3080 0 3073
3082 1 1565
3084 1 1558
3090 0 695
3091 0 683
3096 0 2752
3098 1 963
3098 0 2351
3099 0 2156
3102 0 72
3104 1 1118
3107 0 2706
3108 1 909
3112 0 1761
3113 0 1750
3120 1 942
3124 1 596
3127 0 679
3137 1 41
3141 0 2705
3145 0 2636
3146 0 677
3149 1 1168
3154 0 2338
3163 1 2265
3167 1 592
3169 1 1121
3174 0 1546
3175 0 2224
3179 0 694
3181 0 1742
3183 0 2712
3187 1 749
3191 1 1566
3192 0 2151
3193 1 1309
3196 1 2415
3198 1 710
3200 1 364
3202 1 1530
3202 0 1744
3209 1 708
3218 1 181
3220 1 666
3225 1 174
3226 0 1086
3230 1 193
3232 1 1200
3241 1 2050
3242 1 1633
3247 1 3103
3247 0 1749
3249 1 597
3252 0 694
3253 1 621
3254 1 1764
3256 1 292
3257 0 1743
3259 1 910
3262 0 2708
3264 1 2463
3266 0 1795
3267 0 1086
3275 1 712
3276 1 963
3284 0 2753
3285 0 1760
3287 0 2712
3292 0 3289
3301 1 1528
3314 1 2052
3314 0 3289
3316 1 782
3319 1 710
3322 1 152
3328 1 2464
3333 1 2464
3336 0 2151
3337 1 2415
3340 1 2071
3340 0 3072
3345 0 895
3349 0 894
3351 0 2664
3352 1 1228
3352 0 2705
3362 1 2464
3363 1 1768
3363 0 894
3364 0 1745
3365 0 1746
3367 0 3074
3369 0 894
3370 0 2705
3378 0 2707
3379 0 680
3381 1 1569
3383 0 2151
3385 1 288
3385 0 1743
3387 0 3072
3389 0 3284
3390 0 3299
3392 1 2467
3399 0 3288
3402 1 2464
3405 0 688
3406 0 1169
3414 1 2070
3415 1 661
3419 0 3283
3420 1 1559
3420 0 3267
3425 1 2464
3425 0 3284
3427 0 893
3429 1 1231
3432 1 3380
3434 0 2918
3439 0 3299
3444 0 3074
3454 0 3299
3457 1 1412
3459 0 3292
3463 0 2713
3472 0 3292
3476 1 1985
3476 0 3292
3478 0 60
3481 1 2100
3482 1 3476
3487 0 2710
3489 1 1768
3490 0 893
3491 0 2711
3494 0 2710
3503 1 152
3512 0 3285
3517 1 1441
3519 1 364
3527 0 2713
3530 1 77
3538 0 2709
3539 1 2725
3546 1 1719
3547 1 1567
3548 1 522
3548 0 1381
3550 0 2710
3554 1 1252
3556 1 2725
3559 1 2307
3569 1 2466
3575 0 2752
3581 1 593
3584 0 3567
3590 0 680
3595 1 710
3597 0 3375
3614 0 3291
3623 0 2127
3632 0 681
3633 1 363
3636 0 3564
3640 1 1770
3643 1 1530
3643 0 3601
3644 0 2151
3650 0 685
3652 1 942
3657 0 3567
3658 0 3546
3663 1 1526
3680 1 182
3682 1 2067
3682 0 3290
3688 1 209
3692 0 2224
3694 1 180
3694 0 2711
3695 0 3287
3696 1 2053
3697 1 2464
3702 1 708
3712 1 1410
3713 0 3376
3714 1 152
3715 0 3363
3721 0 3403
3722 1 3303
3730 0 3700
3732 0 2351
3733 1 2067
3733 0 2711
3734 1 1622
3742 1 2071
3742 0 3294
3745 0 2158
3755 1 364
3755 0 1744
3760 0 3200
3761 0 3289
3768 0 3278
3769 0 3599
3776 1 304
3779 1 1410
3782 0 1763
3785 1 2721
3790 0 3290
3792 1 2463
3792 0 1086
3798 0 3292
3801 1 1118
3802 1 1120
3804 1 964
3808 0 3289
3812 1 3545
3819 1 2054
3828 0 239
3832 0 3287
3833 0 3287
3837 1 1010
3839 0 3288
3842 1 1528
3855 1 3375
3856 0 3292
3865 1 1768
3866 1 2466
3877 1 2464
3880 0 3597
3883 0 3375
3891 1 149
3893 0 3599
3898 0 72
3903 1 964
3914 0 3288
3915 1 1528
3918 1 1054
3927 1 1528
3930 0 1751
3936 0 3288
3938 0 3336
3941 1 2465
3941 0 3299
3949 0 3597
3958 0 3286
3960 0 1748
3963 1 1009
3965 0 2406
3968 0 2151
3969 0 3600
3971 1 3816
3973 1 708
3974 0 3799
3976 0 3599
3981 1 1566
3981 0 680
3987 0 689
3988 1 910
3990 1 710
3991 1 2463
3993 1 3302
3995 1 1441
3996 0 3335
3998 1 2467
3998 0 683
4000 0 3278
4005 1 1530
4007 0 3294
4014 1 1229
4015 0 677
4016 0 2710
4017 0 3564
4021 1 471
4028 1 2466
4030 0 680
4034 0 1086
4036 1 911
4036 0 3290
4038 1 1719
4048 0 3597
4050 1 2181
4053 0 1170
4059 0 3297
4071 1 3468
4072 1 966
4074 1 1154
4079 1 2237
4083 0 3288
4084 0 3286
4087 1 2307
4092 1 152
4094 1 709
4095 1 1527
4097 1 1770
4098 1 363
4101 0 3796
4102 0 2151
4103 1 1411
4105 0 3294
4107 1 3494
4107 0 3266
4112 0 684
4115 1 180
4117 1 364
4117 0 3287
4118 0 3292
4119 0 3291
4121 1 2465
4126 0 2918
4128 0 3426
4129 1 2464
4129 0 2708
4134 1 1634
4137 0 1749
4139 1 1226
4140 0 3284
4141 0 2710
4143 0 3278
4144 0 3797
4145 0 3375
4151 0 3288
4154 1 2721
4160 1 2464
4161 1 708
4161 0 3291
4162 0 3291
4164 0 3292
4169 0 3799
4171 0 2711
4172 0 2151
4173 1 3445
4174 1 2415
4174 0 688
4181 0 2663
4185 0 3291
4187 0 2350
4189 0 893
4190 0 3285
4198 0 3797
4208 1 2466
4209 1 292
4209 0 4130
4211 1 26
4211 0 3380
4212 0 2224
4216 0 681
4219 1 1410
4223 0 3287
4231 1 74
4232 1 182
4236 1 363
4242 1 1769
4248 0 3597
4251 0 4133
4252 0 677
4255 1 2069
4258 0 3291
4261 1 1719
4266 0 3992
4272 1 712
4273 0 3698
4277 0 677
4279 0 3298
4288 0 3290
4290 1 1525
4293 0 3278
4305 1 152
4311 0 1365
4314 0 2711
4324 1 2331
4325 0 3405
4328 1 2415
4329 1 1768
4334 1 591
4339 0 683
4340 1 4162
4342 0 4130
4345 0 3293
4346 1 3303
4347 1 710
4351 1 288
4353 1 1719
4356 0 1743
4357 1 1410
4359 1 3376
4360 1 1633
4360 0 1086
4367 0 3280
4368 0 3993
4370 1 1118
4370 0 3800
4375 1 1441
4376 0 4131
4382 1 2051
4383 0 3376
4387 1 3852
4390 0 2755
4394 0 3426
4395 0 3294
4398 1 1436
4405 0 1365
4407 1 2463
4408 0 3699
4409 1 1230
4411 0 3289
4419 1 181
4419 0 3280
4430 0 60
4437 1 3798
4438 1 364
4439 0 3294
4442 1 1527
4452 1 4163
4454 1 592
4455 0 3599
4459 1 2725
4460 0 3377
4463 0 4408
4464 1 2466
4467 0 2755
4468 1 2179
4471 0 895
4473 0 4392
4474 0 4418
4475 1 2183
4478 1 2045
4478 0 3280
4479 1 1565
4480 0 3600
4481 0 3293
4484 0 3700
4485 0 4418
4491 0 3376
4494 1 3791
4501 1 3446
4502 1 3470
4505 1 4456
4506 0 1747
4512 1 4158
4518 1 3538
4522 1 74
4523 1 1532
4524 1 1765
4532 1 2053
4536 1 4106
4537 1 4164
4538 0 3292
4551 1 1563
4556 0 3288
4558 1 621
4570 1 1764
4571 0 72
4572 0 3948
4575 0 4408
4576 1 620
4580 0 2155
4588 0 3280
4592 0 2712
4594 1 4164
4598 1 595
4601 1 1571
4605 1 707
4605 0 894
4608 1 2067
4611 0 3948
4619 0 3212
4620 1 3538
4625 1 4161
4631 0 2128
4633 0 695
4634 1 1224
4635 1 3380
4636 1 661
4639 0 3290
4644 1 152
4647 1 1528
4649 1 3824
4651 0 2151
4653 0 1747
4657 0 3293
4658 0 3993
4660 1 3799
4662 0 3564
4664 1 1230
4665 1 1118
4669 0 3291
4671 0 3289
4673 1 2464
4684 0 3376
4685 1 1232
4686 1 4532
4686 0 3598
4690 0 2713
4692 1 1564
4695 0 1747
4696 0 4418
4701 1 1167
4701 0 3289
4703 1 3376
4704 1 2466
4708 0 1745
4714 1 4165
4731 0 3280
4733 1 2116
4736 1 4325
4739 1 182
4741 1 943
4744 1 4658
4750 1 4325
4763 1 209
4763 0 3600
4767 1 3380
4772 0 3601
4774 1 619
4775 0 3701
4776 1 336
4779 0 3075
4782 1 1119
4792 0 3290
4794 1 2238
4798 1 2156
4799 1 3799
4800 1 2307
4803 1 1531
4807 1 1120
4813 0 3294
4819 1 1527
4821 1 1633
4824 0 3294
4826 1 3816
4833 1 369
4834 0 4546
4838 1 3499
4839 0 2642
4843 0 4677
4844 0 3288
4846 1 3804
4847 1 4161
4853 0 4417
4863 0 4554
4864 0 3597
4867 0 3289
4870 1 3476
4871 0 3283
4882 0 3546
4886 0 4857
4891 0 3288
4895 0 3601
4901 1 1230
4914 1 180
4915 0 3293
4917 1 963
4921 0 1086
4922 1 2466
4922 0 3993
4925 0 3293
4931 1 2465
4932 1 2306
4933 0 4417
4934 1 3476
4935 0 3564
4937 1 2463
4944 0 4858
4946 1 3851
4948 1 4259
4949 1 3313
4951 1 4214
4954 1 1531
4958 1 1230
4965 1 1531
4974 1 1566
4975 0 3992
4976 0 3293
4981 1 964
4988 0 3280
4989 1 1122
4989 0 3600
4990 0 3293
4991 1 3151
4993 1 2779
4994 0 4722
4996 1 4160
4999 0 3287
