0.000000000000000000e+00 2.110596993722759180e+03
3.921568627450980227e+00 2.112891701812156953e+03
7.843137254901960453e+00 2.115186409901554725e+03
1.176470588235294024e+01 2.117481117990952953e+03
1.568627450980392091e+01 2.119775826080350726e+03
1.960784313725489980e+01 2.122070534169748498e+03
2.352941176470588047e+01 2.124365242259146271e+03
2.745098039215686114e+01 2.126659950348544044e+03
3.137254901960784181e+01 2.128954658437941816e+03
3.529411764705881893e+01 2.131249366527340044e+03
3.921568627450979960e+01 2.133544074616737817e+03
4.313725490196078027e+01 2.135838782706135589e+03
4.705882352941176094e+01 2.138133490795533362e+03
5.098039215686274161e+01 2.140428198884931135e+03
5.490196078431372229e+01 2.142722906974328907e+03
5.882352941176470296e+01 2.145017615063727135e+03
6.274509803921568363e+01 2.147312323153124908e+03
6.666666666666665719e+01 2.149607031242522680e+03
7.058823529411763786e+01 2.151901739331920453e+03
7.450980392156861853e+01 2.154196447421318226e+03
7.843137254901959921e+01 2.156491155510715998e+03
8.235294117647057988e+01 2.158785863600114226e+03
8.627450980392156055e+01 2.161080571689511999e+03
9.019607843137254122e+01 2.163375279778909771e+03
9.411764705882352189e+01 2.165669987868307544e+03
9.803921568627450256e+01 2.167964695957705317e+03
1.019607843137254832e+02 2.170259404047103089e+03
1.058823529411764639e+02 2.172554112136501317e+03
1.098039215686274446e+02 2.174848820225899090e+03
1.137254901960784252e+02 2.177143528315296862e+03
1.176470588235294059e+02 2.179438236404694635e+03
1.215686274509803866e+02 2.181732944494092408e+03
1.254901960784313673e+02 2.184027652583490180e+03
1.294117647058823479e+02 2.186322360672888408e+03
1.333333333333333144e+02 2.188617068762286181e+03
1.372549019607843093e+02 2.190911776851683953e+03
1.411764705882352757e+02 2.193206484941081726e+03
1.450980392156862706e+02 2.195501193030479499e+03
1.490196078431372371e+02 2.197795901119877271e+03
1.529411764705882320e+02 2.200090609209275499e+03
1.568627450980391984e+02 2.202385317298673272e+03
1.607843137254901933e+02 2.204680025388071044e+03
1.647058823529411598e+02 2.206974733477468817e+03
1.686274509803921546e+02 2.209269441566866590e+03
1.725490196078431211e+02 2.211564149656264362e+03
1.764705882352941160e+02 2.213858857745662590e+03
1.803921568627450824e+02 2.216153565835060363e+03
1.843137254901960773e+02 2.218448273924458135e+03
1.882352941176470438e+02 2.220742982013855908e+03
1.921568627450980387e+02 2.223037690103253681e+03
1.960784313725490051e+02 2.225332398192651453e+03
2.000000000000000000e+02 2.227627106282049681e+03
2.039215686274509665e+02 2.229921814371447454e+03
2.078431372549019613e+02 2.232216522460845226e+03
2.117647058823529278e+02 2.234511230550242999e+03
2.156862745098039227e+02 2.236805938639640772e+03
2.196078431372548891e+02 2.239100646729038999e+03
2.235294117647058840e+02 2.241395354818436772e+03
2.274509803921568505e+02 2.243690062907834545e+03
2.313725490196078454e+02 2.245984770997232317e+03
2.352941176470588118e+02 2.248279479086630090e+03
2.392156862745098067e+02 2.250574187176027863e+03
2.431372549019607732e+02 2.252868895265425635e+03
2.470588235294117680e+02 2.255163603354823863e+03
2.509803921568627345e+02 2.257458311444221636e+03
2.549019607843137010e+02 2.259753019533619408e+03
2.588235294117646959e+02 2.262047727623017181e+03
2.627450980392156907e+02 2.264342435712414954e+03
2.666666666666666288e+02 2.266637143801813181e+03
2.705882352941176237e+02 2.268931851891210954e+03
2.745098039215686185e+02 2.271226559980608727e+03
2.784313725490196134e+02 2.273521268070006499e+03
2.823529411764705515e+02 2.275815976159404272e+03
2.862745098039215463e+02 2.278110684248802045e+03
2.901960784313725412e+02 2.280405392338200272e+03
2.941176470588235361e+02 2.282700100427598045e+03
2.980392156862744741e+02 2.284994808516995818e+03
3.019607843137254690e+02 2.287289516606393590e+03
3.058823529411764639e+02 2.289584224695791363e+03
3.098039215686274588e+02 2.291878932785189136e+03
3.137254901960783968e+02 2.294173640874587363e+03
3.176470588235293917e+02 2.296468348963985136e+03
3.215686274509803866e+02 2.298763057053382909e+03
3.254901960784313815e+02 2.301057765142780681e+03
3.294117647058823195e+02 2.303352473232178454e+03
3.333333333333333144e+02 2.305647181321576227e+03
3.372549019607843093e+02 2.307941889410974454e+03
3.411764705882353041e+02 2.310236597500372227e+03
3.450980392156862422e+02 2.312531305589770000e+03
3.490196078431372371e+02 2.314826013679167772e+03
3.529411764705882320e+02 2.317120721768565545e+03
3.568627450980392268e+02 2.319415429857963318e+03
3.607843137254901649e+02 2.321710137947361545e+03
3.647058823529411598e+02 2.324004846036759318e+03
3.686274509803921546e+02 2.326299554126157091e+03
3.725490196078431495e+02 2.328594262215554863e+03
3.764705882352940876e+02 2.330888970304952636e+03
3.803921568627450824e+02 2.333183678394350409e+03
3.843137254901960773e+02 2.335478386483748636e+03
3.882352941176470154e+02 2.337773094573146409e+03
3.921568627450980102e+02 2.340067802662544182e+03
3.960784313725490051e+02 2.342362510751941954e+03
4.000000000000000000e+02 2.344657218841339727e+03
4.039215686274509380e+02 2.346951926930737500e+03
4.078431372549019329e+02 2.349246635020135727e+03
4.117647058823529278e+02 2.351541343109533500e+03
4.156862745098039227e+02 2.353836051198931273e+03
4.196078431372548607e+02 2.356130759288329045e+03
4.235294117647058556e+02 2.358425467377726818e+03
4.274509803921568505e+02 2.360720175467125046e+03
4.313725490196078454e+02 2.363014883556522818e+03
4.352941176470587834e+02 2.365309591645920591e+03
4.392156862745097783e+02 2.367604299735318364e+03
4.431372549019607732e+02 2.369899007824716136e+03
4.470588235294117680e+02 2.372193715914113909e+03
4.509803921568627061e+02 2.374488424003511682e+03
4.549019607843137010e+02 2.376783132092909909e+03
4.588235294117646959e+02 2.379077840182307682e+03
4.627450980392156907e+02 2.381372548271705455e+03
4.666666666666666288e+02 2.383667256361103227e+03
4.705882352941176237e+02 2.385961964450501000e+03
4.745098039215686185e+02 2.388256672539899228e+03
4.784313725490196134e+02 2.390551380629297000e+03
4.823529411764705515e+02 2.392846088718694773e+03
4.862745098039215463e+02 2.395140796808092546e+03
4.901960784313725412e+02 2.397435504897490318e+03
4.941176470588235361e+02 2.399730212986888091e+03
4.980392156862744741e+02 2.402024921076285864e+03
5.019607843137254690e+02 2.404319629165684091e+03
5.058823529411764639e+02 2.406614337255081864e+03
5.098039215686274019e+02 2.408909045344479637e+03
5.137254901960784537e+02 2.411203753433877409e+03
5.176470588235293917e+02 2.413498461523275182e+03
5.215686274509803297e+02 2.415793169612673410e+03
5.254901960784313815e+02 2.418087877702071182e+03
5.294117647058823195e+02 2.420382585791468955e+03
5.333333333333332575e+02 2.422677293880866728e+03
5.372549019607843093e+02 2.424972001970264500e+03
5.411764705882352473e+02 2.427266710059662273e+03
5.450980392156862990e+02 2.429561418149060501e+03
5.490196078431372371e+02 2.431856126238458273e+03
5.529411764705881751e+02 2.434150834327856046e+03
5.568627450980392268e+02 2.436445542417253819e+03
5.607843137254901649e+02 2.438740250506651591e+03
5.647058823529411029e+02 2.441034958596049364e+03
5.686274509803921546e+02 2.443329666685447592e+03
5.725490196078430927e+02 2.445624374774845364e+03
5.764705882352941444e+02 2.447919082864243137e+03
5.803921568627450824e+02 2.450213790953640910e+03
5.843137254901960205e+02 2.452508499043038682e+03
5.882352941176470722e+02 2.454803207132436910e+03
5.921568627450980102e+02 2.457097915221834683e+03
5.960784313725489483e+02 2.459392623311232455e+03
6.000000000000000000e+02 2.461687331400630228e+03
6.039215686274509380e+02 2.463982039490028001e+03
6.078431372549019898e+02 2.466276747579425773e+03
6.117647058823529278e+02 2.468571455668823546e+03
6.156862745098038658e+02 2.470866163758221774e+03
6.196078431372549176e+02 2.473160871847619546e+03
6.235294117647058556e+02 2.475455579937017319e+03
6.274509803921567936e+02 2.477750288026415092e+03
6.313725490196078454e+02 2.480044996115812864e+03
6.352941176470587834e+02 2.482339704205211092e+03
6.392156862745097214e+02 2.484634412294608410e+03
6.431372549019607732e+02 2.486929120384006637e+03
6.470588235294117112e+02 2.489223828473404410e+03
6.509803921568627629e+02 2.491518536562802183e+03
6.549019607843137010e+02 2.493813244652199955e+03
6.588235294117646390e+02 2.496107952741597728e+03
6.627450980392156907e+02 2.498402660830995956e+03
6.666666666666666288e+02 2.500697368920393728e+03
6.705882352941175668e+02 2.502992077009791501e+03
6.745098039215686185e+02 2.505286785099189274e+03
6.784313725490195566e+02 2.507581493188587046e+03
6.823529411764706083e+02 2.509876201277985274e+03
6.862745098039215463e+02 2.512170909367383047e+03
6.901960784313724844e+02 2.514465617456780819e+03
6.941176470588235361e+02 2.516760325546178592e+03
6.980392156862744741e+02 2.519055033635576365e+03
7.019607843137254122e+02 2.521349741724974137e+03
7.058823529411764639e+02 2.523644449814371910e+03
7.098039215686274019e+02 2.525939157903770138e+03
7.137254901960784537e+02 2.528233865993167910e+03
7.176470588235293917e+02 2.530528574082565683e+03
7.215686274509803297e+02 2.532823282171963456e+03
7.254901960784313815e+02 2.535117990261361228e+03
7.294117647058823195e+02 2.537412698350759456e+03
7.333333333333332575e+02 2.539707406440157229e+03
7.372549019607843093e+02 2.542002114529555001e+03
7.411764705882352473e+02 2.544296822618952774e+03
7.450980392156862990e+02 2.546591530708350547e+03
7.490196078431372371e+02 2.548886238797748319e+03
7.529411764705881751e+02 2.551180946887146092e+03
7.568627450980392268e+02 2.553475654976544320e+03
7.607843137254901649e+02 2.555770363065942092e+03
7.647058823529411029e+02 2.558065071155339865e+03
7.686274509803921546e+02 2.560359779244737638e+03
7.725490196078430927e+02 2.562654487334135410e+03
7.764705882352940307e+02 2.564949195423533638e+03
7.803921568627450824e+02 2.567243903512931411e+03
7.843137254901960205e+02 2.569538611602329183e+03
7.882352941176470722e+02 2.571833319691726956e+03
7.921568627450980102e+02 2.574128027781124729e+03
7.960784313725489483e+02 2.576422735870522502e+03
8.000000000000000000e+02 2.578717443959920729e+03
8.039215686274509380e+02 2.581012152049318502e+03
8.078431372549018761e+02 2.583306860138716274e+03
8.117647058823529278e+02 2.585601568228114047e+03
8.156862745098038658e+02 2.587896276317511820e+03
8.196078431372549176e+02 2.590190984406909593e+03
8.235294117647058556e+02 2.592485692496307820e+03
8.274509803921567936e+02 2.594780400585705593e+03
8.313725490196078454e+02 2.597075108675103365e+03
8.352941176470587834e+02 2.599369816764501138e+03
8.392156862745097214e+02 2.601664524853898911e+03
8.431372549019607732e+02 2.603959232943297138e+03
8.470588235294117112e+02 2.606253941032694911e+03
8.509803921568627629e+02 2.608548649122092684e+03
8.549019607843137010e+02 2.610843357211490456e+03
8.588235294117646390e+02 2.613138065300888229e+03
8.627450980392156907e+02 2.615432773390286002e+03
8.666666666666666288e+02 2.617727481479683775e+03
8.705882352941175668e+02 2.620022189569082002e+03
8.745098039215686185e+02 2.622316897658479775e+03
8.784313725490195566e+02 2.624611605747877547e+03
8.823529411764704946e+02 2.626906313837275320e+03
8.862745098039215463e+02 2.629201021926673093e+03
8.901960784313724844e+02 2.631495730016071320e+03
8.941176470588235361e+02 2.633790438105469093e+03
8.980392156862744741e+02 2.636085146194866866e+03
9.019607843137254122e+02 2.638379854284264638e+03
9.058823529411764639e+02 2.640674562373662411e+03
9.098039215686274019e+02 2.642969270463060184e+03
9.137254901960783400e+02 2.645263978552457957e+03
9.176470588235293917e+02 2.647558686641856184e+03
9.215686274509803297e+02 2.649853394731253957e+03
9.254901960784313815e+02 2.652148102820651729e+03
9.294117647058823195e+02 2.654442810910049502e+03
9.333333333333332575e+02 2.656737518999447275e+03
9.372549019607843093e+02 2.659032227088845502e+03
9.411764705882352473e+02 2.661326935178243275e+03
9.450980392156861853e+02 2.663621643267641048e+03
9.490196078431372371e+02 2.665916351357038820e+03
9.529411764705881751e+02 2.668211059446436593e+03
9.568627450980392268e+02 2.670505767535834821e+03
9.607843137254901649e+02 2.672800475625232139e+03
9.647058823529411029e+02 2.675095183714630366e+03
9.686274509803921546e+02 2.677389891804028139e+03
9.725490196078430927e+02 2.679684599893425911e+03
9.764705882352940307e+02 2.681979307982823684e+03
9.803921568627450824e+02 2.684274016072221457e+03
9.843137254901960205e+02 2.686568724161619684e+03
9.882352941176470722e+02 2.688863432251017457e+03
9.921568627450980102e+02 2.691158140340415230e+03
9.960784313725489483e+02 2.693452848429813002e+03
1.000000000000000000e+03 2.695747556519210775e+03
