0.000000000000000000e+00 4.494890850646392209e+03
3.921568627450980227e+00 4.498252820188448823e+03
7.843137254901960453e+00 4.501614789730505436e+03
1.176470588235294024e+01 4.504976759272562049e+03
1.568627450980392091e+01 4.508338728814618662e+03
1.960784313725489980e+01 4.511700698356675275e+03
2.352941176470588047e+01 4.515062667898731888e+03
2.745098039215686114e+01 4.518424637440788501e+03
3.137254901960784181e+01 4.521786606982845115e+03
3.529411764705881893e+01 4.525148576524901728e+03
3.921568627450979960e+01 4.528510546066958341e+03
4.313725490196078027e+01 4.531872515609014954e+03
4.705882352941176094e+01 4.535234485151071567e+03
5.098039215686274161e+01 4.538596454693127271e+03
5.490196078431372229e+01 4.541958424235183884e+03
5.882352941176470296e+01 4.545320393777240497e+03
6.274509803921568363e+01 4.548682363319297110e+03
6.666666666666665719e+01 4.552044332861353723e+03
7.058823529411763786e+01 4.555406302403409427e+03
7.450980392156861853e+01 4.558768271945466040e+03
7.843137254901959921e+01 4.562130241487522653e+03
8.235294117647057988e+01 4.565492211029579266e+03
8.627450980392156055e+01 4.568854180571635879e+03
9.019607843137254122e+01 4.572216150113692493e+03
9.411764705882352189e+01 4.575578119655749106e+03
9.803921568627450256e+01 4.578940089197805719e+03
1.019607843137254832e+02 4.582302058739862332e+03
1.058823529411764639e+02 4.585664028281918945e+03
1.098039215686274446e+02 4.589025997823975558e+03
1.137254901960784252e+02 4.592387967366032171e+03
1.176470588235294059e+02 4.595749936908088785e+03
1.215686274509803866e+02 4.599111906450144488e+03
1.254901960784313673e+02 4.602473875992201101e+03
1.294117647058823479e+02 4.605835845534257714e+03
1.333333333333333144e+02 4.609197815076314328e+03
1.372549019607843093e+02 4.612559784618370941e+03
1.411764705882352757e+02 4.615921754160427554e+03
1.450980392156862706e+02 4.619283723702484167e+03
1.490196078431372371e+02 4.622645693244540780e+03
1.529411764705882320e+02 4.626007662786597393e+03
1.568627450980391984e+02 4.629369632328653097e+03
1.607843137254901933e+02 4.632731601870709710e+03
1.647058823529411598e+02 4.636093571412766323e+03
1.686274509803921546e+02 4.639455540954822936e+03
1.725490196078431211e+02 4.642817510496879549e+03
1.764705882352941160e+02 4.646179480038936163e+03
1.803921568627450824e+02 4.649541449580992776e+03
1.843137254901960773e+02 4.652903419123049389e+03
1.882352941176470438e+02 4.656265388665106002e+03
1.921568627450980387e+02 4.659627358207162615e+03
1.960784313725490051e+02 4.662989327749218319e+03
2.000000000000000000e+02 4.666351297291274932e+03
2.039215686274509665e+02 4.669713266833331545e+03
2.078431372549019613e+02 4.673075236375388158e+03
2.117647058823529278e+02 4.676437205917444771e+03
2.156862745098039227e+02 4.679799175459501384e+03
2.196078431372548891e+02 4.683161145001557998e+03
2.235294117647058840e+02 4.686523114543614611e+03
2.274509803921568505e+02 4.689885084085671224e+03
2.313725490196078454e+02 4.693247053627726928e+03
2.352941176470588118e+02 4.696609023169783541e+03
2.392156862745098067e+02 4.699970992711840154e+03
2.431372549019607732e+02 4.703332962253896767e+03
2.470588235294117680e+02 4.706694931795953380e+03
2.509803921568627345e+02 4.710056901338009993e+03
2.549019607843137010e+02 4.713418870880066606e+03
2.588235294117646959e+02 4.716780840422123219e+03
2.627450980392156907e+02 4.720142809964179833e+03
2.666666666666666288e+02 4.723504779506236446e+03
2.705882352941176237e+02 4.726866749048292149e+03
2.745098039215686185e+02 4.730228718590348763e+03
2.784313725490196134e+02 4.733590688132405376e+03
2.823529411764705515e+02 4.736952657674461989e+03
2.862745098039215463e+02 4.740314627216518602e+03
2.901960784313725412e+02 4.743676596758575215e+03
2.941176470588235361e+02 4.747038566300631828e+03
2.980392156862744741e+02 4.750400535842688441e+03
3.019607843137254690e+02 4.753762505384745054e+03
3.058823529411764639e+02 4.757124474926801668e+03
3.098039215686274588e+02 4.760486444468857371e+03
3.137254901960783968e+02 4.763848414010913984e+03
3.176470588235293917e+02 4.767210383552970598e+03
3.215686274509803866e+02 4.770572353095027211e+03
3.254901960784313815e+02 4.773934322637083824e+03
3.294117647058823195e+02 4.777296292179140437e+03
3.333333333333333144e+02 4.780658261721197050e+03
3.372549019607843093e+02 4.784020231263253663e+03
3.411764705882353041e+02 4.787382200805310276e+03
3.450980392156862422e+02 4.790744170347366889e+03
3.490196078431372371e+02 4.794106139889422593e+03
3.529411764705882320e+02 4.797468109431479206e+03
3.568627450980392268e+02 4.800830078973535819e+03
3.607843137254901649e+02 4.804192048515592433e+03
3.647058823529411598e+02 4.807554018057649046e+03
3.686274509803921546e+02 4.810915987599705659e+03
3.725490196078431495e+02 4.814277957141762272e+03
3.764705882352940876e+02 4.817639926683818885e+03
3.803921568627450824e+02 4.821001896225875498e+03
3.843137254901960773e+02 4.824363865767931202e+03
3.882352941176470154e+02 4.827725835309987815e+03
3.921568627450980102e+02 4.831087804852044428e+03
3.960784313725490051e+02 4.834449774394101041e+03
4.000000000000000000e+02 4.837811743936157654e+03
4.039215686274509380e+02 4.841173713478214268e+03
4.078431372549019329e+02 4.844535683020270881e+03
4.117647058823529278e+02 4.847897652562327494e+03
4.156862745098039227e+02 4.851259622104384107e+03
4.196078431372548607e+02 4.854621591646440720e+03
4.235294117647058556e+02 4.857983561188496424e+03
4.274509803921568505e+02 4.861345530730553037e+03
4.313725490196078454e+02 4.864707500272609650e+03
4.352941176470587834e+02 4.868069469814666263e+03
4.392156862745097783e+02 4.871431439356722876e+03
4.431372549019607732e+02 4.874793408898779489e+03
4.470588235294117680e+02 4.878155378440836103e+03
4.509803921568627061e+02 4.881517347982892716e+03
4.549019607843137010e+02 4.884879317524949329e+03
4.588235294117646959e+02 4.888241287067005942e+03
4.627450980392156907e+02 4.891603256609061646e+03
4.666666666666666288e+02 4.894965226151118259e+03
4.705882352941176237e+02 4.898327195693174872e+03
4.745098039215686185e+02 4.901689165235231485e+03
4.784313725490196134e+02 4.905051134777288098e+03
4.823529411764705515e+02 4.908413104319344711e+03
4.862745098039215463e+02 4.911775073861401324e+03
4.901960784313725412e+02 4.915137043403457938e+03
4.941176470588235361e+02 4.918499012945514551e+03
4.980392156862744741e+02 4.921860982487571164e+03
5.019607843137254690e+02 4.925222952029626867e+03
5.058823529411764639e+02 4.928584921571683481e+03
5.098039215686274019e+02 4.931946891113740094e+03
5.137254901960784537e+02 4.935308860655796707e+03
5.176470588235293917e+02 4.938670830197853320e+03
5.215686274509803297e+02 4.942032799739909933e+03
5.254901960784313815e+02 4.945394769281966546e+03
5.294117647058823195e+02 4.948756738824023159e+03
5.333333333333332575e+02 4.952118708366079773e+03
5.372549019607843093e+02 4.955480677908135476e+03
5.411764705882352473e+02 4.958842647450192089e+03
5.450980392156862990e+02 4.962204616992248702e+03
5.490196078431372371e+02 4.965566586534305316e+03
5.529411764705881751e+02 4.968928556076361929e+03
5.568627450980392268e+02 4.972290525618418542e+03
5.607843137254901649e+02 4.975652495160475155e+03
5.647058823529411029e+02 4.979014464702531768e+03
5.686274509803921546e+02 4.982376434244588381e+03
5.725490196078430927e+02 4.985738403786644994e+03
5.764705882352941444e+02 4.989100373328701608e+03
5.803921568627450824e+02 4.992462342870757311e+03
5.843137254901960205e+02 4.995824312412813924e+03
5.882352941176470722e+02 4.999186281954870537e+03
5.921568627450980102e+02 5.002548251496927151e+03
5.960784313725489483e+02 5.005910221038983764e+03
6.000000000000000000e+02 5.009272190581040377e+03
6.039215686274509380e+02 5.012634160123096990e+03
6.078431372549019898e+02 5.015996129665153603e+03
6.117647058823529278e+02 5.019358099207210216e+03
6.156862745098038658e+02 5.022720068749265920e+03
6.196078431372549176e+02 5.026082038291322533e+03
6.235294117647058556e+02 5.029444007833379146e+03
6.274509803921567936e+02 5.032805977375435759e+03
6.313725490196078454e+02 5.036167946917492372e+03
6.352941176470587834e+02 5.039529916459548986e+03
6.392156862745097214e+02 5.042891886001605599e+03
6.431372549019607732e+02 5.046253855543662212e+03
6.470588235294117112e+02 5.049615825085718825e+03
6.509803921568627629e+02 5.052977794627775438e+03
6.549019607843137010e+02 5.056339764169831142e+03
6.588235294117646390e+02 5.059701733711887755e+03
6.627450980392156907e+02 5.063063703253944368e+03
6.666666666666666288e+02 5.066425672796000981e+03
6.705882352941175668e+02 5.069787642338057594e+03
6.745098039215686185e+02 5.073149611880114207e+03
6.784313725490195566e+02 5.076511581422170821e+03
6.823529411764706083e+02 5.079873550964227434e+03
6.862745098039215463e+02 5.083235520506284047e+03
6.901960784313724844e+02 5.086597490048339751e+03
6.941176470588235361e+02 5.089959459590396364e+03
6.980392156862744741e+02 5.093321429132452977e+03
7.019607843137254122e+02 5.096683398674509590e+03
7.058823529411764639e+02 5.100045368216566203e+03
7.098039215686274019e+02 5.103407337758622816e+03
7.137254901960784537e+02 5.106769307300679429e+03
7.176470588235293917e+02 5.110131276842736042e+03
7.215686274509803297e+02 5.113493246384792656e+03
7.254901960784313815e+02 5.116855215926849269e+03
7.294117647058823195e+02 5.120217185468905882e+03
7.333333333333332575e+02 5.123579155010961586e+03
7.372549019607843093e+02 5.126941124553018199e+03
7.411764705882352473e+02 5.130303094095074812e+03
7.450980392156862990e+02 5.133665063637131425e+03
7.490196078431372371e+02 5.137027033179188038e+03
7.529411764705881751e+02 5.140389002721244651e+03
7.568627450980392268e+02 5.143750972263301264e+03
7.607843137254901649e+02 5.147112941805357877e+03
7.647058823529411029e+02 5.150474911347413581e+03
7.686274509803921546e+02 5.153836880889470194e+03
7.725490196078430927e+02 5.157198850431526807e+03
7.764705882352940307e+02 5.160560819973583421e+03
7.803921568627450824e+02 5.163922789515640034e+03
7.843137254901960205e+02 5.167284759057696647e+03
7.882352941176470722e+02 5.170646728599753260e+03
7.921568627450980102e+02 5.174008698141809873e+03
7.960784313725489483e+02 5.177370667683866486e+03
8.000000000000000000e+02 5.180732637225923099e+03
8.039215686274509380e+02 5.184094606767979712e+03
8.078431372549018761e+02 5.187456576310035416e+03
8.117647058823529278e+02 5.190818545852092029e+03
8.156862745098038658e+02 5.194180515394148642e+03
8.196078431372549176e+02 5.197542484936205256e+03
8.235294117647058556e+02 5.200904454478261869e+03
8.274509803921567936e+02 5.204266424020318482e+03
8.313725490196078454e+02 5.207628393562375095e+03
8.352941176470587834e+02 5.210990363104431708e+03
8.392156862745097214e+02 5.214352332646488321e+03
8.431372549019607732e+02 5.217714302188544025e+03
8.470588235294117112e+02 5.221076271730600638e+03
8.509803921568627629e+02 5.224438241272657251e+03
8.549019607843137010e+02 5.227800210814713864e+03
8.588235294117646390e+02 5.231162180356770477e+03
8.627450980392156907e+02 5.234524149898827091e+03
8.666666666666666288e+02 5.237886119440883704e+03
8.705882352941175668e+02 5.241248088982940317e+03
8.745098039215686185e+02 5.244610058524996930e+03
8.784313725490195566e+02 5.247972028067053543e+03
8.823529411764704946e+02 5.251333997609110156e+03
8.862745098039215463e+02 5.254695967151165860e+03
8.901960784313724844e+02 5.258057936693222473e+03
8.941176470588235361e+02 5.261419906235279086e+03
8.980392156862744741e+02 5.264781875777335699e+03
9.019607843137254122e+02 5.268143845319392312e+03
9.058823529411764639e+02 5.271505814861448926e+03
9.098039215686274019e+02 5.274867784403505539e+03
9.137254901960783400e+02 5.278229753945562152e+03
9.176470588235293917e+02 5.281591723487618765e+03
9.215686274509803297e+02 5.284953693029674469e+03
9.254901960784313815e+02 5.288315662571731082e+03
9.294117647058823195e+02 5.291677632113787695e+03
9.333333333333332575e+02 5.295039601655844308e+03
9.372549019607843093e+02 5.298401571197900921e+03
9.411764705882352473e+02 5.301763540739957534e+03
9.450980392156861853e+02 5.305125510282014147e+03
9.490196078431372371e+02 5.308487479824070761e+03
9.529411764705881751e+02 5.311849449366127374e+03
9.568627450980392268e+02 5.315211418908183987e+03
9.607843137254901649e+02 5.318573388450240600e+03
9.647058823529411029e+02 5.321935357992296304e+03
9.686274509803921546e+02 5.325297327534352917e+03
9.725490196078430927e+02 5.328659297076409530e+03
9.764705882352940307e+02 5.332021266618466143e+03
9.803921568627450824e+02 5.335383236160522756e+03
9.843137254901960205e+02 5.338745205702579369e+03
9.882352941176470722e+02 5.342107175244635982e+03
9.921568627450980102e+02 5.345469144786692596e+03
9.960784313725489483e+02 5.348831114328748299e+03
1.000000000000000000e+03 5.352193083870804912e+03
