0.000000000000000000e+00 2.069941425459389848e+03
3.921568627450980227e+00 2.082890779816169470e+03
7.843137254901960453e+00 2.092852081904207353e+03
1.176470588235294024e+01 2.104122406234333539e+03
1.568627450980392091e+01 2.114551714202703351e+03
1.960784313725489980e+01 2.121987568356833435e+03
2.352941176470588047e+01 2.127285980971073514e+03
2.745098039215686114e+01 2.134555567657298980e+03
3.137254901960784181e+01 2.141930763729667433e+03
3.529411764705881893e+01 2.148459624634881038e+03
3.921568627450979960e+01 2.156169201350893672e+03
4.313725490196078027e+01 2.162908349811588778e+03
4.705882352941176094e+01 2.168309569711604581e+03
5.098039215686274161e+01 2.176167923321053422e+03
5.490196078431372229e+01 2.185038165750906501e+03
5.882352941176470296e+01 2.192308077696709915e+03
6.274509803921568363e+01 2.196216041816422148e+03
6.666666666666665719e+01 2.199667265920928457e+03
7.058823529411763786e+01 2.202013481661138940e+03
7.450980392156861853e+01 2.205213095409776088e+03
7.843137254901959921e+01 2.205696268817145210e+03
8.235294117647057988e+01 2.210858696489501199e+03
8.627450980392156055e+01 2.218877639234419803e+03
9.019607843137254122e+01 2.227567349761239257e+03
9.411764705882352189e+01 2.239277347645673672e+03
9.803921568627450256e+01 2.252785500118528034e+03
1.019607843137254832e+02 2.266972848716824956e+03
1.058823529411764639e+02 2.283107621720668249e+03
1.098039215686274446e+02 2.300037254102816860e+03
1.137254901960784252e+02 2.318031725284555250e+03
1.176470588235294059e+02 2.337032233336155969e+03
1.215686274509803866e+02 2.353545821219654954e+03
1.254901960784313673e+02 2.373148199973639294e+03
1.294117647058823479e+02 2.391948644133198286e+03
1.333333333333333144e+02 2.408483053150460364e+03
1.372549019607843093e+02 2.425153151826896192e+03
1.411764705882352757e+02 2.440732215789462316e+03
1.450980392156862706e+02 2.455761720847323886e+03
1.490196078431372371e+02 2.470117844967366636e+03
1.529411764705882320e+02 2.481365269537481254e+03
1.568627450980391984e+02 2.491585567177003213e+03
1.607843137254901933e+02 2.500252318725157238e+03
1.647058823529411598e+02 2.507832189981157171e+03
1.686274509803921546e+02 2.512775158296266454e+03
1.725490196078431211e+02 2.519286420792917852e+03
1.764705882352941160e+02 2.523819435219343177e+03
1.803921568627450824e+02 2.526749796438005887e+03
1.843137254901960773e+02 2.528442497983115118e+03
1.882352941176470438e+02 2.526820877138725336e+03
1.921568627450980387e+02 2.526054803659981189e+03
1.960784313725490051e+02 2.528467147314447175e+03
2.000000000000000000e+02 2.529688105707496106e+03
2.039215686274509665e+02 2.529176754766780505e+03
2.078431372549019613e+02 2.530336619968405557e+03
2.117647058823529278e+02 2.528300899673396998e+03
2.156862745098039227e+02 2.526905822756252746e+03
2.196078431372548891e+02 2.525108090004153382e+03
2.235294117647058840e+02 2.526188666797177575e+03
2.274509803921568505e+02 2.525627492288692792e+03
2.313725490196078454e+02 2.524261554767655525e+03
2.352941176470588118e+02 2.526340091485938501e+03
2.392156862745098067e+02 2.530307265832747362e+03
2.431372549019607732e+02 2.534601884919885379e+03
2.470588235294117680e+02 2.537156288428939206e+03
2.509803921568627345e+02 2.540404293812062406e+03
2.549019607843137010e+02 2.543725997933458075e+03
2.588235294117646959e+02 2.545519061848161073e+03
2.627450980392156907e+02 2.551719084767546974e+03
2.666666666666666288e+02 2.560427143727632938e+03
2.705882352941176237e+02 2.571199873098461467e+03
2.745098039215686185e+02 2.586626631302892747e+03
2.784313725490196134e+02 2.603123878986005820e+03
2.823529411764705515e+02 2.620756687668562336e+03
2.862745098039215463e+02 2.637101271785208610e+03
2.901960784313725412e+02 2.654190886988704733e+03
2.941176470588235361e+02 2.669946677902842112e+03
2.980392156862744741e+02 2.682275785586482016e+03
3.019607843137254690e+02 2.693199318738355487e+03
3.058823529411764639e+02 2.704807142420665059e+03
3.098039215686274588e+02 2.714463699415866813e+03
3.137254901960783968e+02 2.721218071329470604e+03
3.176470588235293917e+02 2.727130094516976897e+03
3.215686274509803866e+02 2.734663332029515459e+03
3.254901960784313815e+02 2.741133025183137761e+03
3.294117647058823195e+02 2.746003929479051749e+03
3.333333333333333144e+02 2.753569931648180045e+03
3.372549019607843093e+02 2.761186316305492710e+03
3.411764705882353041e+02 2.768829243353781749e+03
3.450980392156862422e+02 2.773839197248906657e+03
3.490196078431372371e+02 2.773933264399168365e+03
3.529411764705882320e+02 2.772114124334086682e+03
3.568627450980392268e+02 2.770205600556804256e+03
3.607843137254901649e+02 2.765626178628048365e+03
3.647058823529411598e+02 2.756191322741795375e+03
3.686274509803921546e+02 2.746793355485839584e+03
3.725490196078431495e+02 2.733419731269390923e+03
3.764705882352940876e+02 2.721343814716365614e+03
3.803921568627450824e+02 2.708772336482479659e+03
3.843137254901960773e+02 2.696584404709125465e+03
3.882352941176470154e+02 2.687432802855507362e+03
3.921568627450980102e+02 2.681808406255404407e+03
3.960784313725490051e+02 2.675811082692213404e+03
4.000000000000000000e+02 2.671160564004906519e+03
4.039215686274509380e+02 2.669571343457539569e+03
4.078431372549019329e+02 2.666226879609907883e+03
4.117647058823529278e+02 2.661679054767335856e+03
4.156862745098039227e+02 2.660433354450886327e+03
4.196078431372548607e+02 2.659817750268718100e+03
4.235294117647058556e+02 2.657592407934826497e+03
4.274509803921568505e+02 2.655556039876545128e+03
4.313725490196078454e+02 2.654207981742288666e+03
4.352941176470587834e+02 2.651778785697089461e+03
4.392156862745097783e+02 2.649501144340184055e+03
4.431372549019607732e+02 2.649604683208213828e+03
4.470588235294117680e+02 2.654350233737950930e+03
4.509803921568627061e+02 2.658830056094975134e+03
4.549019607843137010e+02 2.665346153058671007e+03
4.588235294117646959e+02 2.672165873054434087e+03
4.627450980392156907e+02 2.675253426875118294e+03
4.666666666666666288e+02 2.674598527348210609e+03
4.705882352941176237e+02 2.674764344485674428e+03
4.745098039215686185e+02 2.671238929945642212e+03
4.784313725490196134e+02 2.671240461874411722e+03
4.823529411764705515e+02 2.669698260054601633e+03
4.862745098039215463e+02 2.670668095493485453e+03
4.901960784313725412e+02 2.674571630904615631e+03
4.941176470588235361e+02 2.679119027565742726e+03
4.980392156862744741e+02 2.684790903879472808e+03
5.019607843137254690e+02 2.692468800147184083e+03
5.058823529411764639e+02 2.699856862701556565e+03
5.098039215686274019e+02 2.708783375246336163e+03
5.137254901960784537e+02 2.722032080394241348e+03
5.176470588235293917e+02 2.738690374074521969e+03
5.215686274509803297e+02 2.756001670273249601e+03
5.254901960784313815e+02 2.772038052710770899e+03
5.294117647058823195e+02 2.788203307345421763e+03
5.333333333333332575e+02 2.802131919527029822e+03
5.372549019607843093e+02 2.815644191160492483e+03
5.411764705882352473e+02 2.825441057516221463e+03
5.450980392156862990e+02 2.833406708917450942e+03
5.490196078431372371e+02 2.844600168304139515e+03
5.529411764705881751e+02 2.851889791102374147e+03
5.568627450980392268e+02 2.855215178453529916e+03
5.607843137254901649e+02 2.859194792358192444e+03
5.647058823529411029e+02 2.865754936988505051e+03
5.686274509803921546e+02 2.870469893946689353e+03
5.725490196078430927e+02 2.873442415138924844e+03
5.764705882352941444e+02 2.877078525516468289e+03
5.803921568627450824e+02 2.881687248012128748e+03
5.843137254901960205e+02 2.889681306399199912e+03
5.882352941176470722e+02 2.896439176958736425e+03
5.921568627450980102e+02 2.904347975388742270e+03
5.960784313725489483e+02 2.910732648904870075e+03
6.000000000000000000e+02 2.913386767913141739e+03
6.039215686274509380e+02 2.914646121979008967e+03
6.078431372549019898e+02 2.916387824045640627e+03
6.117647058823529278e+02 2.916476307137161712e+03
6.156862745098038658e+02 2.912817942427077469e+03
6.196078431372549176e+02 2.905532365268549256e+03
6.235294117647058556e+02 2.897307924025745706e+03
6.274509803921567936e+02 2.888485824088332265e+03
6.313725490196078454e+02 2.883268153134756176e+03
6.352941176470587834e+02 2.875062492348502929e+03
6.392156862745097214e+02 2.864722378595301507e+03
6.431372549019607732e+02 2.854154899386876423e+03
6.470588235294117112e+02 2.842548654724857897e+03
6.509803921568627629e+02 2.831668359538594814e+03
6.549019607843137010e+02 2.814772192256736616e+03
6.588235294117646390e+02 2.796671089602458323e+03
6.627450980392156907e+02 2.779957978701160755e+03
6.666666666666666288e+02 2.763345406983652083e+03
6.705882352941175668e+02 2.745608955640524073e+03
6.745098039215686185e+02 2.729288664171253458e+03
6.784313725490195566e+02 2.714357377242241455e+03
6.823529411764706083e+02 2.701235087752127129e+03
6.862745098039215463e+02 2.687915075630903175e+03
6.901960784313724844e+02 2.675956355392833302e+03
6.941176470588235361e+02 2.667357328640973265e+03
6.980392156862744741e+02 2.663726581557101781e+03
7.019607843137254122e+02 2.663479332789244836e+03
7.058823529411764639e+02 2.665067088985591454e+03
7.098039215686274019e+02 2.668563511514368656e+03
7.137254901960784537e+02 2.671589687037796011e+03
7.176470588235293917e+02 2.673376103578183574e+03
7.215686274509803297e+02 2.678099332388447692e+03
7.254901960784313815e+02 2.681351120516414994e+03
7.294117647058823195e+02 2.686034822621424155e+03
7.333333333333332575e+02 2.693850184516410991e+03
7.372549019607843093e+02 2.700404393750256986e+03
7.411764705882352473e+02 2.705739916647898099e+03
7.450980392156862990e+02 2.711993862315663137e+03
7.490196078431372371e+02 2.718855000298258346e+03
7.529411764705881751e+02 2.730106130655159632e+03
7.568627450980392268e+02 2.741759306682971328e+03
7.607843137254901649e+02 2.751457703359254992e+03
7.647058823529411029e+02 2.758864056060746861e+03
7.686274509803921546e+02 2.765718092911152780e+03
7.725490196078430927e+02 2.774593853505776224e+03
7.764705882352940307e+02 2.783442257899810102e+03
7.803921568627450824e+02 2.789750775715574946e+03
7.843137254901960205e+02 2.793857534415980354e+03
7.882352941176470722e+02 2.795753274621362380e+03
7.921568627450980102e+02 2.797197451765967344e+03
7.960784313725489483e+02 2.799506798381307362e+03
8.000000000000000000e+02 2.803034973493467987e+03
8.039215686274509380e+02 2.803464388482792401e+03
8.078431372549018761e+02 2.800022954802648201e+03
8.117647058823529278e+02 2.795285851999656188e+03
8.156862745098038658e+02 2.787951386897199882e+03
8.196078431372549176e+02 2.780632373134497811e+03
8.235294117647058556e+02 2.775450516669411172e+03
8.274509803921567936e+02 2.770187325889597560e+03
8.313725490196078454e+02 2.760557903338431061e+03
8.352941176470587834e+02 2.753308049356112406e+03
8.392156862745097214e+02 2.748783791533022850e+03
8.431372549019607732e+02 2.742721107446940096e+03
8.470588235294117112e+02 2.734677498787371405e+03
8.509803921568627629e+02 2.722135796201399899e+03
8.549019607843137010e+02 2.713403069268661511e+03
8.588235294117646390e+02 2.706728955083780875e+03
8.627450980392156907e+02 2.698361945845488663e+03
8.666666666666666288e+02 2.690768685630614073e+03
8.705882352941175668e+02 2.686377510261416319e+03
8.745098039215686185e+02 2.687658020904121713e+03
8.784313725490195566e+02 2.688905381531490548e+03
8.823529411764704946e+02 2.690574754003934231e+03
8.862745098039215463e+02 2.696345408852620039e+03
8.901960784313724844e+02 2.705806887025400556e+03
8.941176470588235361e+02 2.714475348642997687e+03
8.980392156862744741e+02 2.721993948389610523e+03
9.019607843137254122e+02 2.730044805110844663e+03
9.058823529411764639e+02 2.738635184637065777e+03
9.098039215686274019e+02 2.747771260224137222e+03
9.137254901960783400e+02 2.757458352031028426e+03
9.176470588235293917e+02 2.770230338927268804e+03
9.215686274509803297e+02 2.783170498663071612e+03
9.254901960784313815e+02 2.796268274694406500e+03
9.294117647058823195e+02 2.807776147059421419e+03
9.333333333333332575e+02 2.819785542265371987e+03
9.372549019607843093e+02 2.831495265558753545e+03
9.411764705882352473e+02 2.843676963655292639e+03
9.450980392156861853e+02 2.854921845178482727e+03
9.490196078431372371e+02 2.865155437718477515e+03
9.529411764705881751e+02 2.875700669430797461e+03
9.568627450980392268e+02 2.884197627070662747e+03
9.607843137254901649e+02 2.893197854420170643e+03
9.647058823529411029e+02 2.902611145015468992e+03
9.686274509803921546e+02 2.914264817720658357e+03
9.725490196078430927e+02 2.927688780070501707e+03
9.764705882352940307e+02 2.937563918867206212e+03
9.803921568627450824e+02 2.950621489418003421e+03
9.843137254901960205e+02 2.962234882374598328e+03
9.882352941176470722e+02 2.974753779063490128e+03
9.921568627450980102e+02 2.983610092602678378e+03
9.960784313725489483e+02 2.988354581587613211e+03
1.000000000000000000e+03 2.988958727376804291e+03
