100 100 150
200 100 150
300 100 150
400 100 150
500 100 150
600 100 150
100 200 150
200 200 150
300 200 150
400 200 150
500 200 150
600 200 150
100 300 150
200 300 150
300 300 150
400 300 150
500 300 150
600 300 150
100 400 150
200 400 150
300 400 150
400 400 150
500 400 150
600 400 150
100 500 150
200 500 150
300 500 150
400 500 150
500 500 150
600 500 150
100 600 150
200 600 150
300 600 150
400 600 150
500 600 150
600 600 150
100 100 250
200 100 250
300 100 250
400 100 250
500 100 250
600 100 250
100 200 250
200 200 250
300 200 250
400 200 250
500 200 250
600 200 250
100 300 250
200 300 250
300 300 250
400 300 250
500 300 250
600 300 250
100 400 250
200 400 250
300 400 250
400 400 250
500 400 250
600 400 250
100 500 250
200 500 250
300 500 250
400 500 250
500 500 250
600 500 250
100 600 250
200 600 250
300 600 250
400 600 250
500 600 250
600 600 250
100 100 350
200 100 350
300 100 350
400 100 350
500 100 350
600 100 350
100 200 350
200 200 350
300 200 350
400 200 350
500 200 350
600 200 350
100 300 350
200 300 350
300 300 350
400 300 350
500 300 350
600 300 350
100 400 350
200 400 350
300 400 350
400 400 350
500 400 350
600 400 350
100 500 350
200 500 350
300 500 350
400 500 350
500 500 350
600 500 350
100 600 350
200 600 350
300 600 350
400 600 350
500 600 350
600 600 350
